step,active_motive,motive_1,motive_2,motive_3,motive_4,motive_5,motive_6,motive_7,motive_8
0,,0.03595,0.02936,0.08094,0.08101,0.08671,0.09132,0.05113,0.05015
1,,-0.01405,-0.02064,0.03094,0.03101,0.03671,0.04132,0.00113,0.00015
2,2,0.24795,0.97936,0.29294,0.08101,-0.12529,-0.20868,-0.16087,0.05015
3,2,0.50995,1.0,0.55494,0.13101,-0.28729,-0.45868,-0.32287,0.10015
4,6,0.34795,0.75,0.39294,0.18101,-0.02529,0.54132,-0.06087,0.15015
5,6,0.18595,0.5,0.23094,0.23101,0.23671,1.0,0.20113,0.20015
6,,0.13595,0.45,0.18094,0.18101,0.18671,0.95,0.15113,0.15015
7,,0.08595,0.4,0.13094,0.13101,0.13671,0.9,0.10113,0.10015
8,,0.03595,0.35,0.08094,0.08101,0.08671,0.85,0.05113,0.05015
9,,-0.01405,0.3,0.03094,0.03101,0.03671,0.8,0.00113,0.00015
10,1,0.98595,0.562,0.08094,-0.13099,-0.21329,0.638,0.05113,0.26215
11,1,1.0,0.824,0.13094,-0.29299,-0.46329,0.476,0.10113,0.52415
12,5,0.75,0.662,0.18094,-0.03099,0.53671,0.738,0.15113,0.36215
13,5,0.5,0.5,0.23094,0.23101,1.0,1.0,0.20113,0.20015
14,,0.45,0.45,0.18094,0.18101,0.95,0.95,0.15113,0.15015
15,,0.4,0.4,0.13094,0.13101,0.9,0.9,0.10113,0.10015
16,,0.35,0.35,0.08094,0.08101,0.85,0.85,0.05113,0.05015
17,,0.3,0.3,0.03094,0.03101,0.8,0.8,0.00113,0.00015
18,,0.25,0.25,-0.01906,-0.01899,0.75,0.75,-0.04887,-0.04985
19,8,0.512,0.3,-0.18106,-0.26899,0.588,0.8,0.21313,0.95015
20,8,0.774,0.35,-0.34306,-0.51899,0.426,0.85,0.47513,1.0
21,4,0.612,0.4,-0.08106,0.48101,0.688,0.9,0.31313,0.75
22,4,0.45,0.45,0.18094,1.0,0.95,0.95,0.15113,0.5
23,,0.4,0.4,0.13094,0.95,0.9,0.9,0.10113,0.45
24,,0.35,0.35,0.08094,0.9,0.85,0.85,0.05113,0.4
25,,0.3,0.3,0.03094,0.85,0.8,0.8,0.00113,0.35
26,,0.25,0.25,-0.01906,0.8,0.75,0.75,-0.04887,0.3
27,7,0.3,0.088,-0.26906,0.638,0.8,1.0,0.95113,0.562
28,7,0.35,-0.074,-0.51906,0.476,0.85,1.0,1.0,0.824
29,3,0.4,0.188,0.48094,0.738,0.9,0.838,0.75,0.662
30,3,0.45,0.45,1.0,1.0,0.95,0.676,0.5,0.5
31,,0.4,0.4,0.95,0.95,0.9,0.626,0.45,0.45
32,,0.35,0.35,0.9,0.9,0.85,0.576,0.4,0.4
33,,0.3,0.3,0.85,0.85,0.8,0.526,0.35,0.35
34,,0.25,0.25,0.8,0.8,0.75,0.476,0.3,0.3
35,,0.2,0.2,0.75,0.75,0.7,0.426,0.25,0.25
36,,0.15,0.15,0.7,0.7,0.65,0.376,0.2,0.2
37,,0.1,0.1,0.65,0.65,0.6,0.326,0.15,0.15
38,,0.05,0.05,0.6,0.6,0.55,0.276,0.1,0.1
39,,0.0,0.0,0.55,0.55,0.5,0.226,0.05,0.05
40,,-0.05,-0.05,0.5,0.5,0.45,0.176,0.0,0.0
41,1,0.95,0.212,0.55,0.338,0.2,0.014,0.05,0.262
42,1,1.0,0.474,0.6,0.176,-0.05,-0.148,0.1,0.524
43,6,0.838,0.224,0.438,0.226,0.212,0.852,0.362,0.574
44,6,0.676,-0.026,0.276,0.276,0.474,1.0,0.624,0.624
45,2,0.938,0.974,0.538,0.326,0.312,0.75,0.462,0.674
46,2,1.0,1.0,0.8,0.376,0.15,0.5,0.3,0.724
47,,0.95,0.95,0.75,0.326,0.1,0.45,0.25,0.674
48,,0.9,0.9,0.7,0.276,0.05,0.4,0.2,0.624
49,,0.85,0.85,0.65,0.226,0.0,0.35,0.15,0.574
50,,0.8,0.8,0.6,0.176,-0.05,0.3,0.1,0.524
51,5,0.55,0.638,0.65,0.438,0.95,0.562,0.15,0.362
52,5,0.3,0.476,0.7,0.7,1.0,0.824,0.2,0.2
53,,0.25,0.426,0.65,0.65,0.95,0.774,0.15,0.15
54,,0.2,0.376,0.6,0.6,0.9,0.724,0.1,0.1
55,,0.15,0.326,0.55,0.55,0.85,0.674,0.05,0.05
56,,0.1,0.276,0.5,0.5,0.8,0.624,0.0,0.0
57,,0.05,0.226,0.45,0.45,0.75,0.574,-0.05,-0.05
58,8,0.312,0.276,0.288,0.2,0.588,0.624,0.212,0.95
59,8,0.574,0.326,0.126,-0.05,0.426,0.674,0.474,1.0
60,4,0.412,0.376,0.388,0.95,0.688,0.724,0.312,0.75
61,4,0.25,0.426,0.65,1.0,0.95,0.774,0.15,0.5
62,,0.2,0.376,0.6,0.95,0.9,0.724,0.1,0.45
63,,0.15,0.326,0.55,0.9,0.85,0.674,0.05,0.4
64,,0.1,0.276,0.5,0.85,0.8,0.624,0.0,0.35
65,,0.05,0.226,0.45,0.8,0.75,0.574,-0.05,0.3
66,7,0.1,0.064,0.2,0.638,0.8,0.836,0.95,0.562
67,7,0.15,-0.098,-0.05,0.476,0.85,1.0,1.0,0.824
68,2,0.412,0.902,0.212,0.526,0.688,0.75,0.838,0.874
69,2,0.674,1.0,0.474,0.576,0.526,0.5,0.676,0.924
70,,0.624,0.95,0.424,0.526,0.476,0.45,0.626,0.874
71,,0.574,0.9,0.374,0.476,0.426,0.4,0.576,0.824
72,,0.524,0.85,0.324,0.426,0.376,0.35,0.526,0.774
73,,0.474,0.8,0.274,0.376,0.326,0.3,0.476,0.724
74,,0.424,0.75,0.224,0.326,0.276,0.25,0.426,0.674
75,,0.374,0.7,0.174,0.276,0.226,0.2,0.376,0.624
76,,0.324,0.65,0.124,0.226,0.176,0.15,0.326,0.574
77,,0.274,0.6,0.074,0.176,0.126,0.1,0.276,0.524
78,,0.224,0.55,0.024,0.126,0.076,0.05,0.226,0.474
79,,0.174,0.5,-0.026,0.076,0.026,0.0,0.176,0.424
80,3,0.224,0.762,0.974,0.338,0.076,-0.162,-0.074,0.262
81,3,0.274,1.0,1.0,0.6,0.126,-0.324,-0.324,0.1
82,6,0.112,0.75,0.838,0.65,0.388,0.676,-0.062,0.15
83,6,-0.05,0.5,0.676,0.7,0.65,1.0,0.2,0.2
84,1,0.95,0.762,0.726,0.538,0.4,0.838,0.25,0.462
85,1,1.0,1.0,0.776,0.376,0.15,0.676,0.3,0.724
86,,0.95,0.95,0.726,0.326,0.1,0.626,0.25,0.674
87,,0.9,0.9,0.676,0.276,0.05,0.576,0.2,0.624
88,,0.85,0.85,0.626,0.226,0.0,0.526,0.15,0.574
89,,0.8,0.8,0.576,0.176,-0.05,0.476,0.1,0.524
90,5,0.55,0.638,0.626,0.438,0.95,0.738,0.15,0.362
91,5,0.3,0.476,0.676,0.7,1.0,1.0,0.2,0.2
92,,0.25,0.426,0.626,0.65,0.95,0.95,0.15,0.15
93,,0.2,0.376,0.576,0.6,0.9,0.9,0.1,0.1
94,,0.15,0.326,0.526,0.55,0.85,0.85,0.05,0.05
95,,0.1,0.276,0.476,0.5,0.8,0.8,0.0,0.0
96,,0.05,0.226,0.426,0.45,0.75,0.75,-0.05,-0.05
97,8,0.312,0.276,0.264,0.2,0.588,0.8,0.212,0.95
98,8,0.574,0.326,0.102,-0.05,0.426,0.85,0.474,1.0
99,4,0.412,0.376,0.364,0.95,0.688,0.9,0.312,0.75
100,4,0.25,0.426,0.626,1.0,0.95,0.95,0.15,0.5
101,,0.2,0.376,0.576,0.95,0.9,0.9,0.1,0.45
102,,0.15,0.326,0.526,0.9,0.85,0.85,0.05,0.4
103,,0.1,0.276,0.476,0.85,0.8,0.8,0.0,0.35
104,,0.05,0.226,0.426,0.8,0.75,0.75,-0.05,0.3
105,7,0.1,0.064,0.176,0.638,0.8,1.0,0.95,0.562
106,7,0.15,-0.098,-0.074,0.476,0.85,1.0,1.0,0.824
107,2,0.412,0.902,0.188,0.526,0.688,0.75,0.838,0.874
108,2,0.674,1.0,0.45,0.576,0.526,0.5,0.676,0.924
109,,0.624,0.95,0.4,0.526,0.476,0.45,0.626,0.874
110,,0.574,0.9,0.35,0.476,0.426,0.4,0.576,0.824
111,,0.524,0.85,0.3,0.426,0.376,0.35,0.526,0.774
112,,0.474,0.8,0.25,0.376,0.326,0.3,0.476,0.724
113,,0.424,0.75,0.2,0.326,0.276,0.25,0.426,0.674
114,,0.374,0.7,0.15,0.276,0.226,0.2,0.376,0.624
115,,0.324,0.65,0.1,0.226,0.176,0.15,0.326,0.574
116,,0.274,0.6,0.05,0.176,0.126,0.1,0.276,0.524
117,,0.224,0.55,0.0,0.126,0.076,0.05,0.226,0.474
118,,0.174,0.5,-0.05,0.076,0.026,0.0,0.176,0.424
119,3,0.224,0.762,0.95,0.338,0.076,-0.162,-0.074,0.262
120,3,0.274,1.0,1.0,0.6,0.126,-0.324,-0.324,0.1
121,7,0.324,0.838,0.75,0.438,0.176,-0.062,0.676,0.362
122,7,0.374,0.676,0.5,0.276,0.226,0.2,1.0,0.624
123,,0.324,0.626,0.45,0.226,0.176,0.15,0.95,0.574
124,,0.274,0.576,0.4,0.176,0.126,0.1,0.9,0.524
125,,0.224,0.526,0.35,0.126,0.076,0.05,0.85,0.474
126,,0.174,0.476,0.3,0.076,0.026,0.0,0.8,0.424
127,,0.124,0.426,0.25,0.026,-0.024,-0.05,0.75,0.374
128,6,-0.038,0.176,0.088,0.076,0.238,0.95,1.0,0.424
129,6,-0.2,-0.074,-0.074,0.126,0.5,1.0,1.0,0.474
130,1,0.8,0.188,-0.024,-0.036,0.25,0.838,1.0,0.736
131,1,1.0,0.45,0.026,-0.198,-0.0,0.676,1.0,0.998
132,4,0.838,0.5,0.288,0.802,0.262,0.726,0.838,0.748
133,4,0.676,0.55,0.55,1.0,0.524,0.776,0.676,0.498
134,,0.626,0.5,0.5,0.95,0.474,0.726,0.626,0.448
135,,0.576,0.45,0.45,0.9,0.424,0.676,0.576,0.398
136,,0.526,0.4,0.4,0.85,0.374,0.626,0.526,0.348
137,,0.476,0.35,0.35,0.8,0.324,0.576,0.476,0.298
138,,0.426,0.3,0.3,0.75,0.274,0.526,0.426,0.248
139,,0.376,0.25,0.25,0.7,0.224,0.476,0.376,0.198
140,,0.326,0.2,0.2,0.65,0.174,0.426,0.326,0.148
141,,0.276,0.15,0.15,0.6,0.124,0.376,0.276,0.098
142,,0.226,0.1,0.1,0.55,0.074,0.326,0.226,0.048
143,,0.176,0.05,0.05,0.5,0.024,0.276,0.176,-0.002
144,8,0.438,0.1,-0.112,0.25,-0.138,0.326,0.438,0.998
145,8,0.7,0.15,-0.274,-0.0,-0.3,0.376,0.7,1.0
146,5,0.45,-0.012,-0.224,0.262,0.7,0.638,0.75,0.838
147,5,0.2,-0.174,-0.174,0.524,1.0,0.9,0.8,0.676
148,3,0.25,0.088,0.826,0.786,1.0,0.738,0.55,0.514
149,3,0.3,0.35,1.0,1.0,1.0,0.576,0.3,0.352
150,,0.25,0.3,0.95,0.95,0.95,0.526,0.25,0.302
151,,0.2,0.25,0.9,0.9,0.9,0.476,0.2,0.252
152,,0.15,0.2,0.85,0.85,0.85,0.426,0.15,0.202
153,,0.1,0.15,0.8,0.8,0.8,0.376,0.1,0.152
154,,0.05,0.1,0.75,0.75,0.75,0.326,0.05,0.102
155,,0.0,0.05,0.7,0.7,0.7,0.276,0.0,0.052
156,,-0.05,0.0,0.65,0.65,0.65,0.226,-0.05,0.002
157,7,0.0,-0.162,0.4,0.488,0.7,0.488,0.95,0.264
158,7,0.05,-0.324,0.15,0.326,0.75,0.75,1.0,0.526
159,2,0.312,0.676,0.412,0.376,0.588,0.5,0.838,0.576
160,2,0.574,1.0,0.674,0.426,0.426,0.25,0.676,0.626
161,,0.524,0.95,0.624,0.376,0.376,0.2,0.626,0.576
162,,0.474,0.9,0.574,0.326,0.326,0.15,0.576,0.526
163,,0.424,0.85,0.524,0.276,0.276,0.1,0.526,0.476
164,,0.374,0.8,0.474,0.226,0.226,0.05,0.476,0.426
165,,0.324,0.75,0.424,0.176,0.176,0.0,0.426,0.376
166,,0.274,0.7,0.374,0.126,0.126,-0.05,0.376,0.326
167,6,0.112,0.45,0.212,0.176,0.388,0.95,0.638,0.376
168,6,-0.05,0.2,0.05,0.226,0.65,1.0,0.9,0.426
169,1,0.95,0.462,0.1,0.064,0.4,0.838,0.95,0.688
170,1,1.0,0.724,0.15,-0.098,0.15,0.676,1.0,0.95
171,4,0.838,0.774,0.412,0.902,0.412,0.726,0.838,0.7
172,4,0.676,0.824,0.674,1.0,0.674,0.776,0.676,0.45
173,,0.626,0.774,0.624,0.95,0.624,0.726,0.626,0.4
174,,0.576,0.724,0.574,0.9,0.574,0.676,0.576,0.35
175,,0.526,0.674,0.524,0.85,0.524,0.626,0.526,0.3
176,,0.476,0.624,0.474,0.8,0.474,0.576,0.476,0.25
177,,0.426,0.574,0.424,0.75,0.424,0.526,0.426,0.2
178,,0.376,0.524,0.374,0.7,0.374,0.476,0.376,0.15
179,,0.326,0.474,0.324,0.65,0.324,0.426,0.326,0.1
180,,0.276,0.424,0.274,0.6,0.274,0.376,0.276,0.05
181,,0.226,0.374,0.224,0.55,0.224,0.326,0.226,0.0
182,,0.176,0.324,0.174,0.5,0.174,0.276,0.176,-0.05
183,8,0.438,0.374,0.012,0.25,0.012,0.326,0.438,0.95
184,8,0.7,0.424,-0.15,-0.0,-0.15,0.376,0.7,1.0
185,5,0.45,0.262,-0.1,0.262,0.85,0.638,0.75,0.838
186,5,0.2,0.1,-0.05,0.524,1.0,0.9,0.8,0.676
187,3,0.25,0.362,0.95,0.786,1.0,0.738,0.55,0.514
188,3,0.3,0.624,1.0,1.0,1.0,0.576,0.3,0.352
189,,0.25,0.574,0.95,0.95,0.95,0.526,0.25,0.302
190,,0.2,0.524,0.9,0.9,0.9,0.476,0.2,0.252
191,,0.15,0.474,0.85,0.85,0.85,0.426,0.15,0.202
192,,0.1,0.424,0.8,0.8,0.8,0.376,0.1,0.152
193,,0.05,0.374,0.75,0.75,0.75,0.326,0.05,0.102
194,,0.0,0.324,0.7,0.7,0.7,0.276,0.0,0.052
195,,-0.05,0.274,0.65,0.65,0.65,0.226,-0.05,0.002
196,7,0.0,0.112,0.4,0.488,0.7,0.488,0.95,0.264
197,7,0.05,-0.05,0.15,0.326,0.75,0.75,1.0,0.526
198,2,0.312,0.95,0.412,0.376,0.588,0.5,0.838,0.576
199,2,0.574,1.0,0.674,0.426,0.426,0.25,0.676,0.626
200,,0.524,0.95,0.624,0.376,0.376,0.2,0.626,0.576
201,,0.474,0.9,0.574,0.326,0.326,0.15,0.576,0.526
202,,0.424,0.85,0.524,0.276,0.276,0.1,0.526,0.476
203,,0.374,0.8,0.474,0.226,0.226,0.05,0.476,0.426
204,,0.324,0.75,0.424,0.176,0.176,0.0,0.426,0.376
205,,0.274,0.7,0.374,0.126,0.126,-0.05,0.376,0.326
206,6,0.112,0.45,0.212,0.176,0.388,0.95,0.638,0.376
207,6,-0.05,0.2,0.05,0.226,0.65,1.0,0.9,0.426
208,1,0.95,0.462,0.1,0.064,0.4,0.838,0.95,0.688
209,1,1.0,0.724,0.15,-0.098,0.15,0.676,1.0,0.95
210,4,0.838,0.774,0.412,0.902,0.412,0.726,0.838,0.7
211,4,0.676,0.824,0.674,1.0,0.674,0.776,0.676,0.45
212,,0.626,0.774,0.624,0.95,0.624,0.726,0.626,0.4
213,,0.576,0.724,0.574,0.9,0.574,0.676,0.576,0.35
214,,0.526,0.674,0.524,0.85,0.524,0.626,0.526,0.3
215,,0.476,0.624,0.474,0.8,0.474,0.576,0.476,0.25
216,,0.426,0.574,0.424,0.75,0.424,0.526,0.426,0.2
217,,0.376,0.524,0.374,0.7,0.374,0.476,0.376,0.15
218,,0.326,0.474,0.324,0.65,0.324,0.426,0.326,0.1
219,,0.276,0.424,0.274,0.6,0.274,0.376,0.276,0.05
220,,0.226,0.374,0.224,0.55,0.224,0.326,0.226,0.0
221,,0.176,0.324,0.174,0.5,0.174,0.276,0.176,-0.05
222,8,0.438,0.374,0.012,0.25,0.012,0.326,0.438,0.95
223,8,0.7,0.424,-0.15,-0.0,-0.15,0.376,0.7,1.0
224,3,0.75,0.686,0.85,0.262,-0.1,0.214,0.45,0.838
225,3,0.8,0.948,1.0,0.524,-0.05,0.052,0.2,0.676
226,5,0.55,0.786,1.0,0.786,0.95,0.314,0.25,0.514
227,5,0.3,0.624,1.0,1.0,1.0,0.576,0.3,0.352
228,,0.25,0.574,0.95,0.95,0.95,0.526,0.25,0.302
229,,0.2,0.524,0.9,0.9,0.9,0.476,0.2,0.252
230,,0.15,0.474,0.85,0.85,0.85,0.426,0.15,0.202
231,,0.1,0.424,0.8,0.8,0.8,0.376,0.1,0.152
232,,0.05,0.374,0.75,0.75,0.75,0.326,0.05,0.102
233,,0.0,0.324,0.7,0.7,0.7,0.276,0.0,0.052
234,,-0.05,0.274,0.65,0.65,0.65,0.226,-0.05,0.002
235,1,0.95,0.536,0.7,0.488,0.4,0.064,0.0,0.264
236,1,1.0,0.798,0.75,0.326,0.15,-0.098,0.05,0.526
237,6,0.838,0.548,0.588,0.376,0.412,0.902,0.312,0.576
238,6,0.676,0.298,0.426,0.426,0.674,1.0,0.574,0.626
239,,0.626,0.248,0.376,0.376,0.624,0.95,0.524,0.576
240,,0.576,0.198,0.326,0.326,0.574,0.9,0.474,0.526
241,,0.526,0.148,0.276,0.276,0.524,0.85,0.424,0.476
242,,0.476,0.098,0.226,0.226,0.474,0.8,0.374,0.426
243,,0.426,0.048,0.176,0.176,0.424,0.75,0.324,0.376
244,,0.376,-0.002,0.126,0.126,0.374,0.7,0.274,0.326
245,2,0.638,0.998,0.388,0.176,0.212,0.45,0.112,0.376
246,2,0.9,1.0,0.65,0.226,0.05,0.2,-0.05,0.426
247,7,0.95,0.838,0.4,0.064,0.1,0.462,0.95,0.688
248,7,1.0,0.676,0.15,-0.098,0.15,0.724,1.0,0.95
249,4,0.838,0.726,0.412,0.902,0.412,0.774,0.838,0.7
250,4,0.676,0.776,0.674,1.0,0.674,0.824,0.676,0.45
251,,0.626,0.726,0.624,0.95,0.624,0.774,0.626,0.4
252,,0.576,0.676,0.574,0.9,0.574,0.724,0.576,0.35
253,,0.526,0.626,0.524,0.85,0.524,0.674,0.526,0.3
254,,0.476,0.576,0.474,0.8,0.474,0.624,0.476,0.25
255,,0.426,0.526,0.424,0.75,0.424,0.574,0.426,0.2
256,,0.376,0.476,0.374,0.7,0.374,0.524,0.376,0.15
257,,0.326,0.426,0.324,0.65,0.324,0.474,0.326,0.1
258,,0.276,0.376,0.274,0.6,0.274,0.424,0.276,0.05
259,,0.226,0.326,0.224,0.55,0.224,0.374,0.226,0.0
260,,0.176,0.276,0.174,0.5,0.174,0.324,0.176,-0.05
261,8,0.438,0.326,0.012,0.25,0.012,0.374,0.438,0.95
262,8,0.7,0.376,-0.15,-0.0,-0.15,0.424,0.7,1.0
263,3,0.75,0.638,0.85,0.262,-0.1,0.262,0.45,0.838
264,3,0.8,0.9,1.0,0.524,-0.05,0.1,0.2,0.676
265,5,0.55,0.738,1.0,0.786,0.95,0.362,0.25,0.514
266,5,0.3,0.576,1.0,1.0,1.0,0.624,0.3,0.352
267,,0.25,0.526,0.95,0.95,0.95,0.574,0.25,0.302
268,,0.2,0.476,0.9,0.9,0.9,0.524,0.2,0.252
269,,0.15,0.426,0.85,0.85,0.85,0.474,0.15,0.202
270,,0.1,0.376,0.8,0.8,0.8,0.424,0.1,0.152
271,,0.05,0.326,0.75,0.75,0.75,0.374,0.05,0.102
272,,0.0,0.276,0.7,0.7,0.7,0.324,0.0,0.052
273,,-0.05,0.226,0.65,0.65,0.65,0.274,-0.05,0.002
274,7,0.0,0.064,0.4,0.488,0.7,0.536,0.95,0.264
275,7,0.05,-0.098,0.15,0.326,0.75,0.798,1.0,0.526
276,2,0.312,0.902,0.412,0.376,0.588,0.548,0.838,0.576
277,2,0.574,1.0,0.674,0.426,0.426,0.298,0.676,0.626
278,,0.524,0.95,0.624,0.376,0.376,0.248,0.626,0.576
279,,0.474,0.9,0.574,0.326,0.326,0.198,0.576,0.526
280,,0.424,0.85,0.524,0.276,0.276,0.148,0.526,0.476
281,,0.374,0.8,0.474,0.226,0.226,0.098,0.476,0.426
282,,0.324,0.75,0.424,0.176,0.176,0.048,0.426,0.376
283,,0.274,0.7,0.374,0.126,0.126,-0.002,0.376,0.326
284,6,0.112,0.45,0.212,0.176,0.388,0.998,0.638,0.376
285,6,-0.05,0.2,0.05,0.226,0.65,1.0,0.9,0.426
286,1,0.95,0.462,0.1,0.064,0.4,0.838,0.95,0.688
287,1,1.0,0.724,0.15,-0.098,0.15,0.676,1.0,0.95
288,4,0.838,0.774,0.412,0.902,0.412,0.726,0.838,0.7
289,4,0.676,0.824,0.674,1.0,0.674,0.776,0.676,0.45
290,,0.626,0.774,0.624,0.95,0.624,0.726,0.626,0.4
291,,0.576,0.724,0.574,0.9,0.574,0.676,0.576,0.35
292,,0.526,0.674,0.524,0.85,0.524,0.626,0.526,0.3
293,,0.476,0.624,0.474,0.8,0.474,0.576,0.476,0.25
294,,0.426,0.574,0.424,0.75,0.424,0.526,0.426,0.2
295,,0.376,0.524,0.374,0.7,0.374,0.476,0.376,0.15
296,,0.326,0.474,0.324,0.65,0.324,0.426,0.326,0.1
297,,0.276,0.424,0.274,0.6,0.274,0.376,0.276,0.05
298,,0.226,0.374,0.224,0.55,0.224,0.326,0.226,0.0
299,,0.176,0.324,0.174,0.5,0.174,0.276,0.176,-0.05
300,8,0.438,0.374,0.012,0.25,0.012,0.326,0.438,0.95
301,8,0.7,0.424,-0.15,-0.0,-0.15,0.376,0.7,1.0
302,5,0.45,0.262,-0.1,0.262,0.85,0.638,0.75,0.838
303,5,0.2,0.1,-0.05,0.524,1.0,0.9,0.8,0.676
304,3,0.25,0.362,0.95,0.786,1.0,0.738,0.55,0.514
305,3,0.3,0.624,1.0,1.0,1.0,0.576,0.3,0.352
306,,0.25,0.574,0.95,0.95,0.95,0.526,0.25,0.302
307,,0.2,0.524,0.9,0.9,0.9,0.476,0.2,0.252
308,,0.15,0.474,0.85,0.85,0.85,0.426,0.15,0.202
309,,0.1,0.424,0.8,0.8,0.8,0.376,0.1,0.152
310,,0.05,0.374,0.75,0.75,0.75,0.326,0.05,0.102
311,,0.0,0.324,0.7,0.7,0.7,0.276,0.0,0.052
312,,-0.05,0.274,0.65,0.65,0.65,0.226,-0.05,0.002
313,7,0.0,0.112,0.4,0.488,0.7,0.488,0.95,0.264
314,7,0.05,-0.05,0.15,0.326,0.75,0.75,1.0,0.526
315,2,0.312,0.95,0.412,0.376,0.588,0.5,0.838,0.576
316,2,0.574,1.0,0.674,0.426,0.426,0.25,0.676,0.626
317,,0.524,0.95,0.624,0.376,0.376,0.2,0.626,0.576
318,,0.474,0.9,0.574,0.326,0.326,0.15,0.576,0.526
319,,0.424,0.85,0.524,0.276,0.276,0.1,0.526,0.476
320,,0.374,0.8,0.474,0.226,0.226,0.05,0.476,0.426
321,,0.324,0.75,0.424,0.176,0.176,0.0,0.426,0.376
322,,0.274,0.7,0.374,0.126,0.126,-0.05,0.376,0.326
323,6,0.112,0.45,0.212,0.176,0.388,0.95,0.638,0.376
324,6,-0.05,0.2,0.05,0.226,0.65,1.0,0.9,0.426
325,1,0.95,0.462,0.1,0.064,0.4,0.838,0.95,0.688
326,1,1.0,0.724,0.15,-0.098,0.15,0.676,1.0,0.95
327,4,0.838,0.774,0.412,0.902,0.412,0.726,0.838,0.7
328,4,0.676,0.824,0.674,1.0,0.674,0.776,0.676,0.45
329,,0.626,0.774,0.624,0.95,0.624,0.726,0.626,0.4
330,,0.576,0.724,0.574,0.9,0.574,0.676,0.576,0.35
331,,0.526,0.674,0.524,0.85,0.524,0.626,0.526,0.3
332,,0.476,0.624,0.474,0.8,0.474,0.576,0.476,0.25
333,,0.426,0.574,0.424,0.75,0.424,0.526,0.426,0.2
334,,0.376,0.524,0.374,0.7,0.374,0.476,0.376,0.15
335,,0.326,0.474,0.324,0.65,0.324,0.426,0.326,0.1
336,,0.276,0.424,0.274,0.6,0.274,0.376,0.276,0.05
337,,0.226,0.374,0.224,0.55,0.224,0.326,0.226,0.0
338,,0.176,0.324,0.174,0.5,0.174,0.276,0.176,-0.05
339,8,0.438,0.374,0.012,0.25,0.012,0.326,0.438,0.95
340,8,0.7,0.424,-0.15,-0.0,-0.15,0.376,0.7,1.0
341,5,0.45,0.262,-0.1,0.262,0.85,0.638,0.75,0.838
342,5,0.2,0.1,-0.05,0.524,1.0,0.9,0.8,0.676
343,3,0.25,0.362,0.95,0.786,1.0,0.738,0.55,0.514
344,3,0.3,0.624,1.0,1.0,1.0,0.576,0.3,0.352
345,,0.25,0.574,0.95,0.95,0.95,0.526,0.25,0.302
346,,0.2,0.524,0.9,0.9,0.9,0.476,0.2,0.252
347,,0.15,0.474,0.85,0.85,0.85,0.426,0.15,0.202
348,,0.1,0.424,0.8,0.8,0.8,0.376,0.1,0.152
349,,0.05,0.374,0.75,0.75,0.75,0.326,0.05,0.102
350,,0.0,0.324,0.7,0.7,0.7,0.276,0.0,0.052
351,,-0.05,0.274,0.65,0.65,0.65,0.226,-0.05,0.002
352,1,0.95,0.536,0.7,0.488,0.4,0.064,0.0,0.264
353,1,1.0,0.798,0.75,0.326,0.15,-0.098,0.05,0.526
354,6,0.838,0.548,0.588,0.376,0.412,0.902,0.312,0.576
355,6,0.676,0.298,0.426,0.426,0.674,1.0,0.574,0.626
356,,0.626,0.248,0.376,0.376,0.624,0.95,0.524,0.576
357,,0.576,0.198,0.326,0.326,0.574,0.9,0.474,0.526
358,,0.526,0.148,0.276,0.276,0.524,0.85,0.424,0.476
359,,0.476,0.098,0.226,0.226,0.474,0.8,0.374,0.426
360,,0.426,0.048,0.176,0.176,0.424,0.75,0.324,0.376
361,,0.376,-0.002,0.126,0.126,0.374,0.7,0.274,0.326
362,2,0.638,0.998,0.388,0.176,0.212,0.45,0.112,0.376
363,2,0.9,1.0,0.65,0.226,0.05,0.2,-0.05,0.426
364,7,0.95,0.838,0.4,0.064,0.1,0.462,0.95,0.688
365,7,1.0,0.676,0.15,-0.098,0.15,0.724,1.0,0.95
366,4,0.838,0.726,0.412,0.902,0.412,0.774,0.838,0.7
367,4,0.676,0.776,0.674,1.0,0.674,0.824,0.676,0.45
368,,0.626,0.726,0.624,0.95,0.624,0.774,0.626,0.4
369,,0.576,0.676,0.574,0.9,0.574,0.724,0.576,0.35
370,,0.526,0.626,0.524,0.85,0.524,0.674,0.526,0.3
371,,0.476,0.576,0.474,0.8,0.474,0.624,0.476,0.25
372,,0.426,0.526,0.424,0.75,0.424,0.574,0.426,0.2
373,,0.376,0.476,0.374,0.7,0.374,0.524,0.376,0.15
374,,0.326,0.426,0.324,0.65,0.324,0.474,0.326,0.1
375,,0.276,0.376,0.274,0.6,0.274,0.424,0.276,0.05
376,,0.226,0.326,0.224,0.55,0.224,0.374,0.226,0.0
377,,0.176,0.276,0.174,0.5,0.174,0.324,0.176,-0.05
378,8,0.438,0.326,0.012,0.25,0.012,0.374,0.438,0.95
379,8,0.7,0.376,-0.15,-0.0,-0.15,0.424,0.7,1.0
380,3,0.75,0.638,0.85,0.262,-0.1,0.262,0.45,0.838
381,3,0.8,0.9,1.0,0.524,-0.05,0.1,0.2,0.676
382,5,0.55,0.738,1.0,0.786,0.95,0.362,0.25,0.514
383,5,0.3,0.576,1.0,1.0,1.0,0.624,0.3,0.352
384,,0.25,0.526,0.95,0.95,0.95,0.574,0.25,0.302
385,,0.2,0.476,0.9,0.9,0.9,0.524,0.2,0.252
386,,0.15,0.426,0.85,0.85,0.85,0.474,0.15,0.202
387,,0.1,0.376,0.8,0.8,0.8,0.424,0.1,0.152
388,,0.05,0.326,0.75,0.75,0.75,0.374,0.05,0.102
389,,0.0,0.276,0.7,0.7,0.7,0.324,0.0,0.052
390,,-0.05,0.226,0.65,0.65,0.65,0.274,-0.05,0.002
391,7,0.0,0.064,0.4,0.488,0.7,0.536,0.95,0.264
392,7,0.05,-0.098,0.15,0.326,0.75,0.798,1.0,0.526
393,2,0.312,0.902,0.412,0.376,0.588,0.548,0.838,0.576
394,2,0.574,1.0,0.674,0.426,0.426,0.298,0.676,0.626
395,,0.524,0.95,0.624,0.376,0.376,0.248,0.626,0.576
396,,0.474,0.9,0.574,0.326,0.326,0.198,0.576,0.526
397,,0.424,0.85,0.524,0.276,0.276,0.148,0.526,0.476
398,,0.374,0.8,0.474,0.226,0.226,0.098,0.476,0.426
399,,0.324,0.75,0.424,0.176,0.176,0.048,0.426,0.376
400,,0.274,0.7,0.374,0.126,0.126,-0.002,0.376,0.326
401,6,0.112,0.45,0.212,0.176,0.388,0.998,0.638,0.376
402,6,-0.05,0.2,0.05,0.226,0.65,1.0,0.9,0.426
403,1,0.95,0.462,0.1,0.064,0.4,0.838,0.95,0.688
404,1,1.0,0.724,0.15,-0.098,0.15,0.676,1.0,0.95
405,4,0.838,0.774,0.412,0.902,0.412,0.726,0.838,0.7
406,4,0.676,0.824,0.674,1.0,0.674,0.776,0.676,0.45
407,,0.626,0.774,0.624,0.95,0.624,0.726,0.626,0.4
408,,0.576,0.724,0.574,0.9,0.574,0.676,0.576,0.35
409,,0.526,0.674,0.524,0.85,0.524,0.626,0.526,0.3
410,,0.476,0.624,0.474,0.8,0.474,0.576,0.476,0.25
411,,0.426,0.574,0.424,0.75,0.424,0.526,0.426,0.2
412,,0.376,0.524,0.374,0.7,0.374,0.476,0.376,0.15
413,,0.326,0.474,0.324,0.65,0.324,0.426,0.326,0.1
414,,0.276,0.424,0.274,0.6,0.274,0.376,0.276,0.05
415,,0.226,0.374,0.224,0.55,0.224,0.326,0.226,0.0
416,,0.176,0.324,0.174,0.5,0.174,0.276,0.176,-0.05
417,8,0.438,0.374,0.012,0.25,0.012,0.326,0.438,0.95
418,8,0.7,0.424,-0.15,-0.0,-0.15,0.376,0.7,1.0
419,3,0.75,0.686,0.85,0.262,-0.1,0.214,0.45,0.838
420,3,0.8,0.948,1.0,0.524,-0.05,0.052,0.2,0.676
421,5,0.55,0.786,1.0,0.786,0.95,0.314,0.25,0.514
422,5,0.3,0.624,1.0,1.0,1.0,0.576,0.3,0.352
423,,0.25,0.574,0.95,0.95,0.95,0.526,0.25,0.302
424,,0.2,0.524,0.9,0.9,0.9,0.476,0.2,0.252
425,,0.15,0.474,0.85,0.85,0.85,0.426,0.15,0.202
426,,0.1,0.424,0.8,0.8,0.8,0.376,0.1,0.152
427,,0.05,0.374,0.75,0.75,0.75,0.326,0.05,0.102
428,,0.0,0.324,0.7,0.7,0.7,0.276,0.0,0.052
429,,-0.05,0.274,0.65,0.65,0.65,0.226,-0.05,0.002
430,1,0.95,0.536,0.7,0.488,0.4,0.064,0.0,0.264
431,1,1.0,0.798,0.75,0.326,0.15,-0.098,0.05,0.526
432,6,0.838,0.548,0.588,0.376,0.412,0.902,0.312,0.576
433,6,0.676,0.298,0.426,0.426,0.674,1.0,0.574,0.626
434,,0.626,0.248,0.376,0.376,0.624,0.95,0.524,0.576
435,,0.576,0.198,0.326,0.326,0.574,0.9,0.474,0.526
436,,0.526,0.148,0.276,0.276,0.524,0.85,0.424,0.476
437,,0.476,0.098,0.226,0.226,0.474,0.8,0.374,0.426
438,,0.426,0.048,0.176,0.176,0.424,0.75,0.324,0.376
439,,0.376,-0.002,0.126,0.126,0.374,0.7,0.274,0.326
440,2,0.638,0.998,0.388,0.176,0.212,0.45,0.112,0.376
441,2,0.9,1.0,0.65,0.226,0.05,0.2,-0.05,0.426
442,7,0.95,0.838,0.4,0.064,0.1,0.462,0.95,0.688
443,7,1.0,0.676,0.15,-0.098,0.15,0.724,1.0,0.95
444,4,0.838,0.726,0.412,0.902,0.412,0.774,0.838,0.7
445,4,0.676,0.776,0.674,1.0,0.674,0.824,0.676,0.45
446,,0.626,0.726,0.624,0.95,0.624,0.774,0.626,0.4
447,,0.576,0.676,0.574,0.9,0.574,0.724,0.576,0.35
448,,0.526,0.626,0.524,0.85,0.524,0.674,0.526,0.3
449,,0.476,0.576,0.474,0.8,0.474,0.624,0.476,0.25
450,,0.426,0.526,0.424,0.75,0.424,0.574,0.426,0.2
451,,0.376,0.476,0.374,0.7,0.374,0.524,0.376,0.15
452,,0.326,0.426,0.324,0.65,0.324,0.474,0.326,0.1
453,,0.276,0.376,0.274,0.6,0.274,0.424,0.276,0.05
454,,0.226,0.326,0.224,0.55,0.224,0.374,0.226,0.0
455,,0.176,0.276,0.174,0.5,0.174,0.324,0.176,-0.05
456,8,0.438,0.326,0.012,0.25,0.012,0.374,0.438,0.95
457,8,0.7,0.376,-0.15,-0.0,-0.15,0.424,0.7,1.0
458,5,0.45,0.214,-0.1,0.262,0.85,0.686,0.75,0.838
459,5,0.2,0.052,-0.05,0.524,1.0,0.948,0.8,0.676
460,3,0.25,0.314,0.95,0.786,1.0,0.786,0.55,0.514
461,3,0.3,0.576,1.0,1.0,1.0,0.624,0.3,0.352
462,,0.25,0.526,0.95,0.95,0.95,0.574,0.25,0.302
463,,0.2,0.476,0.9,0.9,0.9,0.524,0.2,0.252
464,,0.15,0.426,0.85,0.85,0.85,0.474,0.15,0.202
465,,0.1,0.376,0.8,0.8,0.8,0.424,0.1,0.152
466,,0.05,0.326,0.75,0.75,0.75,0.374,0.05,0.102
467,,0.0,0.276,0.7,0.7,0.7,0.324,0.0,0.052
468,,-0.05,0.226,0.65,0.65,0.65,0.274,-0.05,0.002
469,1,0.95,0.488,0.7,0.488,0.4,0.112,0.0,0.264
470,1,1.0,0.75,0.75,0.326,0.15,-0.05,0.05,0.526
471,6,0.838,0.5,0.588,0.376,0.412,0.95,0.312,0.576
472,6,0.676,0.25,0.426,0.426,0.674,1.0,0.574,0.626
473,,0.626,0.2,0.376,0.376,0.624,0.95,0.524,0.576
474,,0.576,0.15,0.326,0.326,0.574,0.9,0.474,0.526
475,,0.526,0.1,0.276,0.276,0.524,0.85,0.424,0.476
476,,0.476,0.05,0.226,0.226,0.474,0.8,0.374,0.426
477,,0.426,0.0,0.176,0.176,0.424,0.75,0.324,0.376
478,,0.376,-0.05,0.126,0.126,0.374,0.7,0.274,0.326
479,2,0.638,0.95,0.388,0.176,0.212,0.45,0.112,0.376
480,2,0.9,1.0,0.65,0.226,0.05,0.2,-0.05,0.426
481,7,0.95,0.838,0.4,0.064,0.1,0.462,0.95,0.688
482,7,1.0,0.676,0.15,-0.098,0.15,0.724,1.0,0.95
483,4,0.838,0.726,0.412,0.902,0.412,0.774,0.838,0.7
484,4,0.676,0.776,0.674,1.0,0.674,0.824,0.676,0.45
485,,0.626,0.726,0.624,0.95,0.624,0.774,0.626,0.4
486,,0.576,0.676,0.574,0.9,0.574,0.724,0.576,0.35
487,,0.526,0.626,0.524,0.85,0.524,0.674,0.526,0.3
488,,0.476,0.576,0.474,0.8,0.474,0.624,0.476,0.25
489,,0.426,0.526,0.424,0.75,0.424,0.574,0.426,0.2
490,,0.376,0.476,0.374,0.7,0.374,0.524,0.376,0.15
491,,0.326,0.426,0.324,0.65,0.324,0.474,0.326,0.1
492,,0.276,0.376,0.274,0.6,0.274,0.424,0.276,0.05
493,,0.226,0.326,0.224,0.55,0.224,0.374,0.226,0.0
494,,0.176,0.276,0.174,0.5,0.174,0.324,0.176,-0.05
495,8,0.438,0.326,0.012,0.25,0.012,0.374,0.438,0.95
496,8,0.7,0.376,-0.15,-0.0,-0.15,0.424,0.7,1.0
497,5,0.45,0.214,-0.1,0.262,0.85,0.686,0.75,0.838
498,5,0.2,0.052,-0.05,0.524,1.0,0.948,0.8,0.676
499,3,0.25,0.314,0.95,0.786,1.0,0.786,0.55,0.514
500,3,0.3,0.576,1.0,1.0,1.0,0.624,0.3,0.352
501,,0.25,0.526,0.95,0.95,0.95,0.574,0.25,0.302
502,,0.2,0.476,0.9,0.9,0.9,0.524,0.2,0.252
503,,0.15,0.426,0.85,0.85,0.85,0.474,0.15,0.202
504,,0.1,0.376,0.8,0.8,0.8,0.424,0.1,0.152
505,,0.05,0.326,0.75,0.75,0.75,0.374,0.05,0.102
506,,0.0,0.276,0.7,0.7,0.7,0.324,0.0,0.052
507,,-0.05,0.226,0.65,0.65,0.65,0.274,-0.05,0.002
508,1,0.95,0.488,0.7,0.488,0.4,0.112,0.0,0.264
509,1,1.0,0.75,0.75,0.326,0.15,-0.05,0.05,0.526
510,6,0.838,0.5,0.588,0.376,0.412,0.95,0.312,0.576
511,6,0.676,0.25,0.426,0.426,0.674,1.0,0.574,0.626
512,,0.626,0.2,0.376,0.376,0.624,0.95,0.524,0.576
513,,0.576,0.15,0.326,0.326,0.574,0.9,0.474,0.526
514,,0.526,0.1,0.276,0.276,0.524,0.85,0.424,0.476
515,,0.476,0.05,0.226,0.226,0.474,0.8,0.374,0.426
516,,0.426,0.0,0.176,0.176,0.424,0.75,0.324,0.376
517,,0.376,-0.05,0.126,0.126,0.374,0.7,0.274,0.326
518,2,0.638,0.95,0.388,0.176,0.212,0.45,0.112,0.376
519,2,0.9,1.0,0.65,0.226,0.05,0.2,-0.05,0.426
520,7,0.95,0.838,0.4,0.064,0.1,0.462,0.95,0.688
521,7,1.0,0.676,0.15,-0.098,0.15,0.724,1.0,0.95
522,4,0.838,0.726,0.412,0.902,0.412,0.774,0.838,0.7
523,4,0.676,0.776,0.674,1.0,0.674,0.824,0.676,0.45
524,,0.626,0.726,0.624,0.95,0.624,0.774,0.626,0.4
525,,0.576,0.676,0.574,0.9,0.574,0.724,0.576,0.35
526,,0.526,0.626,0.524,0.85,0.524,0.674,0.526,0.3
527,,0.476,0.576,0.474,0.8,0.474,0.624,0.476,0.25
528,,0.426,0.526,0.424,0.75,0.424,0.574,0.426,0.2
529,,0.376,0.476,0.374,0.7,0.374,0.524,0.376,0.15
530,,0.326,0.426,0.324,0.65,0.324,0.474,0.326,0.1
531,,0.276,0.376,0.274,0.6,0.274,0.424,0.276,0.05
532,,0.226,0.326,0.224,0.55,0.224,0.374,0.226,0.0
533,,0.176,0.276,0.174,0.5,0.174,0.324,0.176,-0.05
534,8,0.438,0.326,0.012,0.25,0.012,0.374,0.438,0.95
535,8,0.7,0.376,-0.15,-0.0,-0.15,0.424,0.7,1.0
536,5,0.45,0.214,-0.1,0.262,0.85,0.686,0.75,0.838
537,5,0.2,0.052,-0.05,0.524,1.0,0.948,0.8,0.676
538,3,0.25,0.314,0.95,0.786,1.0,0.786,0.55,0.514
539,3,0.3,0.576,1.0,1.0,1.0,0.624,0.3,0.352
540,,0.25,0.526,0.95,0.95,0.95,0.574,0.25,0.302
541,,0.2,0.476,0.9,0.9,0.9,0.524,0.2,0.252
542,,0.15,0.426,0.85,0.85,0.85,0.474,0.15,0.202
543,,0.1,0.376,0.8,0.8,0.8,0.424,0.1,0.152
544,,0.05,0.326,0.75,0.75,0.75,0.374,0.05,0.102
545,,0.0,0.276,0.7,0.7,0.7,0.324,0.0,0.052
546,,-0.05,0.226,0.65,0.65,0.65,0.274,-0.05,0.002
547,7,0.0,0.064,0.4,0.488,0.7,0.536,0.95,0.264
548,7,0.05,-0.098,0.15,0.326,0.75,0.798,1.0,0.526
549,2,0.312,0.902,0.412,0.376,0.588,0.548,0.838,0.576
550,2,0.574,1.0,0.674,0.426,0.426,0.298,0.676,0.626
551,,0.524,0.95,0.624,0.376,0.376,0.248,0.626,0.576
552,,0.474,0.9,0.574,0.326,0.326,0.198,0.576,0.526
553,,0.424,0.85,0.524,0.276,0.276,0.148,0.526,0.476
554,,0.374,0.8,0.474,0.226,0.226,0.098,0.476,0.426
555,,0.324,0.75,0.424,0.176,0.176,0.048,0.426,0.376
556,,0.274,0.7,0.374,0.126,0.126,-0.002,0.376,0.326
557,6,0.112,0.45,0.212,0.176,0.388,0.998,0.638,0.376
558,6,-0.05,0.2,0.05,0.226,0.65,1.0,0.9,0.426
559,1,0.95,0.462,0.1,0.064,0.4,0.838,0.95,0.688
560,1,1.0,0.724,0.15,-0.098,0.15,0.676,1.0,0.95
561,4,0.838,0.774,0.412,0.902,0.412,0.726,0.838,0.7
562,4,0.676,0.824,0.674,1.0,0.674,0.776,0.676,0.45
563,,0.626,0.774,0.624,0.95,0.624,0.726,0.626,0.4
564,,0.576,0.724,0.574,0.9,0.574,0.676,0.576,0.35
565,,0.526,0.674,0.524,0.85,0.524,0.626,0.526,0.3
566,,0.476,0.624,0.474,0.8,0.474,0.576,0.476,0.25
567,,0.426,0.574,0.424,0.75,0.424,0.526,0.426,0.2
568,,0.376,0.524,0.374,0.7,0.374,0.476,0.376,0.15
569,,0.326,0.474,0.324,0.65,0.324,0.426,0.326,0.1
570,,0.276,0.424,0.274,0.6,0.274,0.376,0.276,0.05
571,,0.226,0.374,0.224,0.55,0.224,0.326,0.226,0.0
572,,0.176,0.324,0.174,0.5,0.174,0.276,0.176,-0.05
573,8,0.438,0.374,0.012,0.25,0.012,0.326,0.438,0.95
574,8,0.7,0.424,-0.15,-0.0,-0.15,0.376,0.7,1.0
575,5,0.45,0.262,-0.1,0.262,0.85,0.638,0.75,0.838
576,5,0.2,0.1,-0.05,0.524,1.0,0.9,0.8,0.676
577,3,0.25,0.362,0.95,0.786,1.0,0.738,0.55,0.514
578,3,0.3,0.624,1.0,1.0,1.0,0.576,0.3,0.352
579,,0.25,0.574,0.95,0.95,0.95,0.526,0.25,0.302
580,,0.2,0.524,0.9,0.9,0.9,0.476,0.2,0.252
581,,0.15,0.474,0.85,0.85,0.85,0.426,0.15,0.202
582,,0.1,0.424,0.8,0.8,0.8,0.376,0.1,0.152
583,,0.05,0.374,0.75,0.75,0.75,0.326,0.05,0.102
584,,0.0,0.324,0.7,0.7,0.7,0.276,0.0,0.052
585,,-0.05,0.274,0.65,0.65,0.65,0.226,-0.05,0.002
586,7,0.0,0.112,0.4,0.488,0.7,0.488,0.95,0.264
587,7,0.05,-0.05,0.15,0.326,0.75,0.75,1.0,0.526
588,2,0.312,0.95,0.412,0.376,0.588,0.5,0.838,0.576
589,2,0.574,1.0,0.674,0.426,0.426,0.25,0.676,0.626
590,,0.524,0.95,0.624,0.376,0.376,0.2,0.626,0.576
591,,0.474,0.9,0.574,0.326,0.326,0.15,0.576,0.526
592,,0.424,0.85,0.524,0.276,0.276,0.1,0.526,0.476
593,,0.374,0.8,0.474,0.226,0.226,0.05,0.476,0.426
594,,0.324,0.75,0.424,0.176,0.176,0.0,0.426,0.376
595,,0.274,0.7,0.374,0.126,0.126,-0.05,0.376,0.326
596,6,0.112,0.45,0.212,0.176,0.388,0.95,0.638,0.376
597,6,-0.05,0.2,0.05,0.226,0.65,1.0,0.9,0.426
598,1,0.95,0.462,0.1,0.064,0.4,0.838,0.95,0.688
599,1,1.0,0.724,0.15,-0.098,0.15,0.676,1.0,0.95
600,4,0.838,0.774,0.412,0.902,0.412,0.726,0.838,0.7
601,4,0.676,0.824,0.674,1.0,0.674,0.776,0.676,0.45
602,,0.626,0.774,0.624,0.95,0.624,0.726,0.626,0.4
603,,0.576,0.724,0.574,0.9,0.574,0.676,0.576,0.35
604,,0.526,0.674,0.524,0.85,0.524,0.626,0.526,0.3
605,,0.476,0.624,0.474,0.8,0.474,0.576,0.476,0.25
606,,0.426,0.574,0.424,0.75,0.424,0.526,0.426,0.2
607,,0.376,0.524,0.374,0.7,0.374,0.476,0.376,0.15
608,,0.326,0.474,0.324,0.65,0.324,0.426,0.326,0.1
609,,0.276,0.424,0.274,0.6,0.274,0.376,0.276,0.05
610,,0.226,0.374,0.224,0.55,0.224,0.326,0.226,0.0
611,,0.176,0.324,0.174,0.5,0.174,0.276,0.176,-0.05
612,8,0.438,0.374,0.012,0.25,0.012,0.326,0.438,0.95
613,8,0.7,0.424,-0.15,-0.0,-0.15,0.376,0.7,1.0
614,3,0.75,0.686,0.85,0.262,-0.1,0.214,0.45,0.838
615,3,0.8,0.948,1.0,0.524,-0.05,0.052,0.2,0.676
616,5,0.55,0.786,1.0,0.786,0.95,0.314,0.25,0.514
617,5,0.3,0.624,1.0,1.0,1.0,0.576,0.3,0.352
618,,0.25,0.574,0.95,0.95,0.95,0.526,0.25,0.302
619,,0.2,0.524,0.9,0.9,0.9,0.476,0.2,0.252
620,,0.15,0.474,0.85,0.85,0.85,0.426,0.15,0.202
621,,0.1,0.424,0.8,0.8,0.8,0.376,0.1,0.152
622,,0.05,0.374,0.75,0.75,0.75,0.326,0.05,0.102
623,,0.0,0.324,0.7,0.7,0.7,0.276,0.0,0.052
624,,-0.05,0.274,0.65,0.65,0.65,0.226,-0.05,0.002
625,7,0.0,0.112,0.4,0.488,0.7,0.488,0.95,0.264
626,7,0.05,-0.05,0.15,0.326,0.75,0.75,1.0,0.526
627,2,0.312,0.95,0.412,0.376,0.588,0.5,0.838,0.576
628,2,0.574,1.0,0.674,0.426,0.426,0.25,0.676,0.626
629,,0.524,0.95,0.624,0.376,0.376,0.2,0.626,0.576
630,,0.474,0.9,0.574,0.326,0.326,0.15,0.576,0.526
631,,0.424,0.85,0.524,0.276,0.276,0.1,0.526,0.476
632,,0.374,0.8,0.474,0.226,0.226,0.05,0.476,0.426
633,,0.324,0.75,0.424,0.176,0.176,0.0,0.426,0.376
634,,0.274,0.7,0.374,0.126,0.126,-0.05,0.376,0.326
635,6,0.112,0.45,0.212,0.176,0.388,0.95,0.638,0.376
636,6,-0.05,0.2,0.05,0.226,0.65,1.0,0.9,0.426
637,1,0.95,0.462,0.1,0.064,0.4,0.838,0.95,0.688
638,1,1.0,0.724,0.15,-0.098,0.15,0.676,1.0,0.95
639,4,0.838,0.774,0.412,0.902,0.412,0.726,0.838,0.7
640,4,0.676,0.824,0.674,1.0,0.674,0.776,0.676,0.45
641,,0.626,0.774,0.624,0.95,0.624,0.726,0.626,0.4
642,,0.576,0.724,0.574,0.9,0.574,0.676,0.576,0.35
643,,0.526,0.674,0.524,0.85,0.524,0.626,0.526,0.3
644,,0.476,0.624,0.474,0.8,0.474,0.576,0.476,0.25
645,,0.426,0.574,0.424,0.75,0.424,0.526,0.426,0.2
646,,0.376,0.524,0.374,0.7,0.374,0.476,0.376,0.15
647,,0.326,0.474,0.324,0.65,0.324,0.426,0.326,0.1
648,,0.276,0.424,0.274,0.6,0.274,0.376,0.276,0.05
649,,0.226,0.374,0.224,0.55,0.224,0.326,0.226,0.0
650,,0.176,0.324,0.174,0.5,0.174,0.276,0.176,-0.05
651,8,0.438,0.374,0.012,0.25,0.012,0.326,0.438,0.95
652,8,0.7,0.424,-0.15,-0.0,-0.15,0.376,0.7,1.0
653,5,0.45,0.262,-0.1,0.262,0.85,0.638,0.75,0.838
654,5,0.2,0.1,-0.05,0.524,1.0,0.9,0.8,0.676
655,3,0.25,0.362,0.95,0.786,1.0,0.738,0.55,0.514
656,3,0.3,0.624,1.0,1.0,1.0,0.576,0.3,0.352
657,,0.25,0.574,0.95,0.95,0.95,0.526,0.25,0.302
658,,0.2,0.524,0.9,0.9,0.9,0.476,0.2,0.252
659,,0.15,0.474,0.85,0.85,0.85,0.426,0.15,0.202
660,,0.1,0.424,0.8,0.8,0.8,0.376,0.1,0.152
661,,0.05,0.374,0.75,0.75,0.75,0.326,0.05,0.102
662,,0.0,0.324,0.7,0.7,0.7,0.276,0.0,0.052
663,,-0.05,0.274,0.65,0.65,0.65,0.226,-0.05,0.002
664,7,0.0,0.112,0.4,0.488,0.7,0.488,0.95,0.264
665,7,0.05,-0.05,0.15,0.326,0.75,0.75,1.0,0.526
666,2,0.312,0.95,0.412,0.376,0.588,0.5,0.838,0.576
667,2,0.574,1.0,0.674,0.426,0.426,0.25,0.676,0.626
668,,0.524,0.95,0.624,0.376,0.376,0.2,0.626,0.576
669,,0.474,0.9,0.574,0.326,0.326,0.15,0.576,0.526
670,,0.424,0.85,0.524,0.276,0.276,0.1,0.526,0.476
671,,0.374,0.8,0.474,0.226,0.226,0.05,0.476,0.426
672,,0.324,0.75,0.424,0.176,0.176,0.0,0.426,0.376
673,,0.274,0.7,0.374,0.126,0.126,-0.05,0.376,0.326
674,6,0.112,0.45,0.212,0.176,0.388,0.95,0.638,0.376
675,6,-0.05,0.2,0.05,0.226,0.65,1.0,0.9,0.426
676,1,0.95,0.462,0.1,0.064,0.4,0.838,0.95,0.688
677,1,1.0,0.724,0.15,-0.098,0.15,0.676,1.0,0.95
678,4,0.838,0.774,0.412,0.902,0.412,0.726,0.838,0.7
679,4,0.676,0.824,0.674,1.0,0.674,0.776,0.676,0.45
680,,0.626,0.774,0.624,0.95,0.624,0.726,0.626,0.4
681,,0.576,0.724,0.574,0.9,0.574,0.676,0.576,0.35
682,,0.526,0.674,0.524,0.85,0.524,0.626,0.526,0.3
683,,0.476,0.624,0.474,0.8,0.474,0.576,0.476,0.25
684,,0.426,0.574,0.424,0.75,0.424,0.526,0.426,0.2
685,,0.376,0.524,0.374,0.7,0.374,0.476,0.376,0.15
686,,0.326,0.474,0.324,0.65,0.324,0.426,0.326,0.1
687,,0.276,0.424,0.274,0.6,0.274,0.376,0.276,0.05
688,,0.226,0.374,0.224,0.55,0.224,0.326,0.226,0.0
689,,0.176,0.324,0.174,0.5,0.174,0.276,0.176,-0.05
690,8,0.438,0.374,0.012,0.25,0.012,0.326,0.438,0.95
691,8,0.7,0.424,-0.15,-0.0,-0.15,0.376,0.7,1.0
692,3,0.75,0.686,0.85,0.262,-0.1,0.214,0.45,0.838
693,3,0.8,0.948,1.0,0.524,-0.05,0.052,0.2,0.676
694,5,0.55,0.786,1.0,0.786,0.95,0.314,0.25,0.514
695,5,0.3,0.624,1.0,1.0,1.0,0.576,0.3,0.352
696,,0.25,0.574,0.95,0.95,0.95,0.526,0.25,0.302
697,,0.2,0.524,0.9,0.9,0.9,0.476,0.2,0.252
698,,0.15,0.474,0.85,0.85,0.85,0.426,0.15,0.202
699,,0.1,0.424,0.8,0.8,0.8,0.376,0.1,0.152
700,,0.05,0.374,0.75,0.75,0.75,0.326,0.05,0.102
701,,0.0,0.324,0.7,0.7,0.7,0.276,0.0,0.052
702,,-0.05,0.274,0.65,0.65,0.65,0.226,-0.05,0.002
703,7,0.0,0.112,0.4,0.488,0.7,0.488,0.95,0.264
704,7,0.05,-0.05,0.15,0.326,0.75,0.75,1.0,0.526
705,2,0.312,0.95,0.412,0.376,0.588,0.5,0.838,0.576
706,2,0.574,1.0,0.674,0.426,0.426,0.25,0.676,0.626
707,,0.524,0.95,0.624,0.376,0.376,0.2,0.626,0.576
708,,0.474,0.9,0.574,0.326,0.326,0.15,0.576,0.526
709,,0.424,0.85,0.524,0.276,0.276,0.1,0.526,0.476
710,,0.374,0.8,0.474,0.226,0.226,0.05,0.476,0.426
711,,0.324,0.75,0.424,0.176,0.176,0.0,0.426,0.376
712,,0.274,0.7,0.374,0.126,0.126,-0.05,0.376,0.326
713,6,0.112,0.45,0.212,0.176,0.388,0.95,0.638,0.376
714,6,-0.05,0.2,0.05,0.226,0.65,1.0,0.9,0.426
715,1,0.95,0.462,0.1,0.064,0.4,0.838,0.95,0.688
716,1,1.0,0.724,0.15,-0.098,0.15,0.676,1.0,0.95
717,4,0.838,0.774,0.412,0.902,0.412,0.726,0.838,0.7
718,4,0.676,0.824,0.674,1.0,0.674,0.776,0.676,0.45
719,,0.626,0.774,0.624,0.95,0.624,0.726,0.626,0.4
720,,0.576,0.724,0.574,0.9,0.574,0.676,0.576,0.35
721,,0.526,0.674,0.524,0.85,0.524,0.626,0.526,0.3
722,,0.476,0.624,0.474,0.8,0.474,0.576,0.476,0.25
723,,0.426,0.574,0.424,0.75,0.424,0.526,0.426,0.2
724,,0.376,0.524,0.374,0.7,0.374,0.476,0.376,0.15
725,,0.326,0.474,0.324,0.65,0.324,0.426,0.326,0.1
726,,0.276,0.424,0.274,0.6,0.274,0.376,0.276,0.05
727,,0.226,0.374,0.224,0.55,0.224,0.326,0.226,0.0
728,,0.176,0.324,0.174,0.5,0.174,0.276,0.176,-0.05
729,8,0.438,0.374,0.012,0.25,0.012,0.326,0.438,0.95
730,8,0.7,0.424,-0.15,-0.0,-0.15,0.376,0.7,1.0
731,3,0.75,0.686,0.85,0.262,-0.1,0.214,0.45,0.838
732,3,0.8,0.948,1.0,0.524,-0.05,0.052,0.2,0.676
733,5,0.55,0.786,1.0,0.786,0.95,0.314,0.25,0.514
734,5,0.3,0.624,1.0,1.0,1.0,0.576,0.3,0.352
735,,0.25,0.574,0.95,0.95,0.95,0.526,0.25,0.302
736,,0.2,0.524,0.9,0.9,0.9,0.476,0.2,0.252
737,,0.15,0.474,0.85,0.85,0.85,0.426,0.15,0.202
738,,0.1,0.424,0.8,0.8,0.8,0.376,0.1,0.152
739,,0.05,0.374,0.75,0.75,0.75,0.326,0.05,0.102
740,,0.0,0.324,0.7,0.7,0.7,0.276,0.0,0.052
741,,-0.05,0.274,0.65,0.65,0.65,0.226,-0.05,0.002
742,7,0.0,0.112,0.4,0.488,0.7,0.488,0.95,0.264
743,7,0.05,-0.05,0.15,0.326,0.75,0.75,1.0,0.526
744,2,0.312,0.95,0.412,0.376,0.588,0.5,0.838,0.576
745,2,0.574,1.0,0.674,0.426,0.426,0.25,0.676,0.626
746,,0.524,0.95,0.624,0.376,0.376,0.2,0.626,0.576
747,,0.474,0.9,0.574,0.326,0.326,0.15,0.576,0.526
748,,0.424,0.85,0.524,0.276,0.276,0.1,0.526,0.476
749,,0.374,0.8,0.474,0.226,0.226,0.05,0.476,0.426
750,,0.324,0.75,0.424,0.176,0.176,0.0,0.426,0.376
751,,0.274,0.7,0.374,0.126,0.126,-0.05,0.376,0.326
752,6,0.112,0.45,0.212,0.176,0.388,0.95,0.638,0.376
753,6,-0.05,0.2,0.05,0.226,0.65,1.0,0.9,0.426
754,1,0.95,0.462,0.1,0.064,0.4,0.838,0.95,0.688
755,1,1.0,0.724,0.15,-0.098,0.15,0.676,1.0,0.95
756,4,0.838,0.774,0.412,0.902,0.412,0.726,0.838,0.7
757,4,0.676,0.824,0.674,1.0,0.674,0.776,0.676,0.45
758,,0.626,0.774,0.624,0.95,0.624,0.726,0.626,0.4
759,,0.576,0.724,0.574,0.9,0.574,0.676,0.576,0.35
760,,0.526,0.674,0.524,0.85,0.524,0.626,0.526,0.3
761,,0.476,0.624,0.474,0.8,0.474,0.576,0.476,0.25
762,,0.426,0.574,0.424,0.75,0.424,0.526,0.426,0.2
763,,0.376,0.524,0.374,0.7,0.374,0.476,0.376,0.15
764,,0.326,0.474,0.324,0.65,0.324,0.426,0.326,0.1
765,,0.276,0.424,0.274,0.6,0.274,0.376,0.276,0.05
766,,0.226,0.374,0.224,0.55,0.224,0.326,0.226,0.0
767,,0.176,0.324,0.174,0.5,0.174,0.276,0.176,-0.05
768,8,0.438,0.374,0.012,0.25,0.012,0.326,0.438,0.95
769,8,0.7,0.424,-0.15,-0.0,-0.15,0.376,0.7,1.0
770,3,0.75,0.686,0.85,0.262,-0.1,0.214,0.45,0.838
771,3,0.8,0.948,1.0,0.524,-0.05,0.052,0.2,0.676
772,5,0.55,0.786,1.0,0.786,0.95,0.314,0.25,0.514
773,5,0.3,0.624,1.0,1.0,1.0,0.576,0.3,0.352
774,,0.25,0.574,0.95,0.95,0.95,0.526,0.25,0.302
775,,0.2,0.524,0.9,0.9,0.9,0.476,0.2,0.252
776,,0.15,0.474,0.85,0.85,0.85,0.426,0.15,0.202
777,,0.1,0.424,0.8,0.8,0.8,0.376,0.1,0.152
778,,0.05,0.374,0.75,0.75,0.75,0.326,0.05,0.102
779,,0.0,0.324,0.7,0.7,0.7,0.276,0.0,0.052
780,,-0.05,0.274,0.65,0.65,0.65,0.226,-0.05,0.002
781,1,0.95,0.536,0.7,0.488,0.4,0.064,0.0,0.264
782,1,1.0,0.798,0.75,0.326,0.15,-0.098,0.05,0.526
783,6,0.838,0.548,0.588,0.376,0.412,0.902,0.312,0.576
784,6,0.676,0.298,0.426,0.426,0.674,1.0,0.574,0.626
785,,0.626,0.248,0.376,0.376,0.624,0.95,0.524,0.576
786,,0.576,0.198,0.326,0.326,0.574,0.9,0.474,0.526
787,,0.526,0.148,0.276,0.276,0.524,0.85,0.424,0.476
788,,0.476,0.098,0.226,0.226,0.474,0.8,0.374,0.426
789,,0.426,0.048,0.176,0.176,0.424,0.75,0.324,0.376
790,,0.376,-0.002,0.126,0.126,0.374,0.7,0.274,0.326
791,2,0.638,0.998,0.388,0.176,0.212,0.45,0.112,0.376
792,2,0.9,1.0,0.65,0.226,0.05,0.2,-0.05,0.426
793,7,0.95,0.838,0.4,0.064,0.1,0.462,0.95,0.688
794,7,1.0,0.676,0.15,-0.098,0.15,0.724,1.0,0.95
795,4,0.838,0.726,0.412,0.902,0.412,0.774,0.838,0.7
796,4,0.676,0.776,0.674,1.0,0.674,0.824,0.676,0.45
797,,0.626,0.726,0.624,0.95,0.624,0.774,0.626,0.4
798,,0.576,0.676,0.574,0.9,0.574,0.724,0.576,0.35
799,,0.526,0.626,0.524,0.85,0.524,0.674,0.526,0.3
800,,0.476,0.576,0.474,0.8,0.474,0.624,0.476,0.25
801,,0.426,0.526,0.424,0.75,0.424,0.574,0.426,0.2
802,,0.376,0.476,0.374,0.7,0.374,0.524,0.376,0.15
803,,0.326,0.426,0.324,0.65,0.324,0.474,0.326,0.1
804,,0.276,0.376,0.274,0.6,0.274,0.424,0.276,0.05
805,,0.226,0.326,0.224,0.55,0.224,0.374,0.226,0.0
806,,0.176,0.276,0.174,0.5,0.174,0.324,0.176,-0.05
807,8,0.438,0.326,0.012,0.25,0.012,0.374,0.438,0.95
808,8,0.7,0.376,-0.15,-0.0,-0.15,0.424,0.7,1.0
809,5,0.45,0.214,-0.1,0.262,0.85,0.686,0.75,0.838
810,5,0.2,0.052,-0.05,0.524,1.0,0.948,0.8,0.676
811,3,0.25,0.314,0.95,0.786,1.0,0.786,0.55,0.514
