step,active_motive,motive_1,motive_2,motive_3,motive_4,motive_5,motive_6,motive_7,motive_8
0,,0.02774,0.01881,0.04637,0.03534,0.05837,0.00777,0.09744,0.09862
1,,-0.12226,-0.13119,-0.10363,-0.11466,-0.09163,-0.14223,-0.05256,-0.05138
2,6,0.05674,0.01881,0.07537,0.13534,0.22937,0.85777,0.26844,0.19862
3,6,0.23574,0.16881,0.25437,0.38534,0.55037,1.0,0.58944,0.44862
4,,0.08574,0.01881,0.10437,0.23534,0.40037,0.85,0.43944,0.29862
5,,-0.06426,-0.13119,-0.04563,0.08534,0.25037,0.7,0.28944,0.14862
6,2,0.25674,0.86881,0.27537,0.33534,0.42937,0.85,0.46844,0.39862
7,2,0.57774,1.0,0.59637,0.58534,0.60837,1.0,0.64744,0.64862
8,,0.42774,0.85,0.44637,0.43534,0.45837,0.85,0.49744,0.49862
9,,0.27774,0.7,0.29637,0.28534,0.30837,0.7,0.34744,0.34862
10,,0.12774,0.55,0.14637,0.13534,0.15837,0.55,0.19744,0.19862
11,,-0.02226,0.4,-0.00363,-0.01466,0.00837,0.4,0.04744,0.04862
12,1,0.97774,0.721,0.24637,0.16434,0.15837,0.579,0.29744,0.36962
13,1,1.0,1.0,0.49637,0.34334,0.30837,0.758,0.54744,0.69062
14,,0.85,0.85,0.34637,0.19334,0.15837,0.608,0.39744,0.54062
15,,0.7,0.7,0.19637,0.04334,0.00837,0.458,0.24744,0.39062
16,,0.55,0.55,0.04637,-0.10666,-0.14163,0.308,0.09744,0.24062
17,5,0.7,0.729,0.29637,0.21434,0.85837,0.629,0.34744,0.41962
18,5,0.85,0.908,0.54637,0.53534,1.0,0.95,0.59744,0.59862
19,,0.7,0.758,0.39637,0.38534,0.85,0.8,0.44744,0.44862
20,,0.55,0.608,0.24637,0.23534,0.7,0.65,0.29744,0.29862
21,,0.4,0.458,0.09637,0.08534,0.55,0.5,0.14744,0.14862
22,,0.25,0.308,-0.05363,-0.06466,0.4,0.35,-0.00256,-0.00138
23,4,0.429,0.558,0.26737,0.93534,0.721,0.6,0.17644,0.14862
24,4,0.608,0.808,0.58837,1.0,1.0,0.85,0.35544,0.29862
25,,0.458,0.658,0.43837,0.85,0.85,0.7,0.20544,0.14862
26,,0.308,0.508,0.28837,0.7,0.7,0.55,0.05544,-0.00138
27,8,0.629,0.758,0.46737,0.85,0.879,0.8,0.37644,0.99862
28,8,0.95,1.0,0.64637,1.0,1.0,1.0,0.69744,1.0
29,,0.8,0.85,0.49637,0.85,0.85,0.85,0.54744,0.85
30,,0.65,0.7,0.34637,0.7,0.7,0.7,0.39744,0.7
31,,0.5,0.55,0.19637,0.55,0.55,0.55,0.24744,0.55
32,,0.35,0.4,0.04637,0.4,0.4,0.4,0.09744,0.4
33,,0.2,0.25,-0.10363,0.25,0.25,0.25,-0.05256,0.25
34,3,0.45,0.571,0.89637,0.571,0.5,0.429,0.09744,0.429
35,3,0.7,0.892,1.0,0.892,0.75,0.608,0.24744,0.608
36,,0.55,0.742,0.85,0.742,0.6,0.458,0.09744,0.458
37,,0.4,0.592,0.7,0.592,0.45,0.308,-0.05256,0.308
38,7,0.65,0.771,0.85,0.771,0.7,0.629,0.94744,0.629
39,7,0.9,0.95,1.0,0.95,0.95,0.95,1.0,0.95
40,,0.75,0.8,0.85,0.8,0.8,0.8,0.85,0.8
41,,0.6,0.65,0.7,0.65,0.65,0.65,0.7,0.65
42,,0.45,0.5,0.55,0.5,0.5,0.5,0.55,0.5
43,,0.3,0.35,0.4,0.35,0.35,0.35,0.4,0.35
44,,0.15,0.2,0.25,0.2,0.2,0.2,0.25,0.2
45,,0.0,0.05,0.1,0.05,0.05,0.05,0.1,0.05
46,,-0.15,-0.1,-0.05,-0.1,-0.1,-0.1,-0.05,-0.1
47,1,0.85,0.221,0.2,0.079,0.05,0.079,0.2,0.221
48,1,1.0,0.542,0.45,0.258,0.2,0.258,0.45,0.542
49,,0.85,0.392,0.3,0.108,0.05,0.108,0.3,0.392
50,,0.7,0.242,0.15,-0.042,-0.1,-0.042,0.15,0.242
51,5,0.85,0.421,0.4,0.279,0.9,0.279,0.4,0.421
52,5,1.0,0.6,0.65,0.6,1.0,0.6,0.65,0.6
53,,0.85,0.45,0.5,0.45,0.85,0.45,0.5,0.45
54,,0.7,0.3,0.35,0.3,0.7,0.3,0.35,0.3
55,,0.55,0.15,0.2,0.15,0.55,0.15,0.2,0.15
56,,0.4,0.0,0.05,0.0,0.4,0.0,0.05,0.0
57,,0.25,-0.15,-0.1,-0.15,0.25,-0.15,-0.1,-0.15
58,4,0.429,0.1,0.221,0.85,0.571,0.1,0.079,0.0
59,4,0.608,0.35,0.542,1.0,0.892,0.35,0.258,0.15
60,,0.458,0.2,0.392,0.85,0.742,0.2,0.108,0.0
61,,0.308,0.05,0.242,0.7,0.592,0.05,-0.042,-0.15
62,8,0.629,0.3,0.421,0.85,0.771,0.3,0.279,0.85
63,8,0.95,0.55,0.6,1.0,0.95,0.55,0.6,1.0
64,,0.8,0.4,0.45,0.85,0.8,0.4,0.45,0.85
65,,0.65,0.25,0.3,0.7,0.65,0.25,0.3,0.7
66,,0.5,0.1,0.15,0.55,0.5,0.1,0.15,0.55
67,,0.35,-0.05,0.0,0.4,0.35,-0.05,0.0,0.4
68,2,0.671,0.95,0.321,0.65,0.529,0.1,0.179,0.65
69,2,0.992,1.0,0.642,0.9,0.708,0.25,0.358,0.9
70,,0.842,0.85,0.492,0.75,0.558,0.1,0.208,0.75
71,,0.692,0.7,0.342,0.6,0.408,-0.05,0.058,0.6
72,6,0.871,0.85,0.521,0.85,0.729,0.95,0.379,0.85
73,6,1.0,1.0,0.7,1.0,1.0,1.0,0.7,1.0
74,,0.85,0.85,0.55,0.85,0.85,0.85,0.55,0.85
75,,0.7,0.7,0.4,0.7,0.7,0.7,0.4,0.7
76,,0.55,0.55,0.25,0.55,0.55,0.55,0.25,0.55
77,,0.4,0.4,0.1,0.4,0.4,0.4,0.1,0.4
78,,0.25,0.25,-0.05,0.25,0.25,0.25,-0.05,0.25
79,3,0.5,0.571,0.95,0.571,0.5,0.429,0.1,0.429
80,3,0.75,0.892,1.0,0.892,0.75,0.608,0.25,0.608
81,,0.6,0.742,0.85,0.742,0.6,0.458,0.1,0.458
82,,0.45,0.592,0.7,0.592,0.45,0.308,-0.05,0.308
83,7,0.7,0.771,0.85,0.771,0.7,0.629,0.95,0.629
84,7,0.95,0.95,1.0,0.95,0.95,0.95,1.0,0.95
85,,0.8,0.8,0.85,0.8,0.8,0.8,0.85,0.8
86,,0.65,0.65,0.7,0.65,0.65,0.65,0.7,0.65
87,,0.5,0.5,0.55,0.5,0.5,0.5,0.55,0.5
88,,0.35,0.35,0.4,0.35,0.35,0.35,0.4,0.35
89,,0.2,0.2,0.25,0.2,0.2,0.2,0.25,0.2
90,,0.05,0.05,0.1,0.05,0.05,0.05,0.1,0.05
91,,-0.1,-0.1,-0.05,-0.1,-0.1,-0.1,-0.05,-0.1
92,1,0.9,0.221,0.2,0.079,0.05,0.079,0.2,0.221
93,1,1.0,0.542,0.45,0.258,0.2,0.258,0.45,0.542
94,,0.85,0.392,0.3,0.108,0.05,0.108,0.3,0.392
95,,0.7,0.242,0.15,-0.042,-0.1,-0.042,0.15,0.242
96,5,0.85,0.421,0.4,0.279,0.9,0.279,0.4,0.421
97,5,1.0,0.6,0.65,0.6,1.0,0.6,0.65,0.6
98,,0.85,0.45,0.5,0.45,0.85,0.45,0.5,0.45
99,,0.7,0.3,0.35,0.3,0.7,0.3,0.35,0.3
100,,0.55,0.15,0.2,0.15,0.55,0.15,0.2,0.15
101,,0.4,0.0,0.05,0.0,0.4,0.0,0.05,0.0
102,,0.25,-0.15,-0.1,-0.15,0.25,-0.15,-0.1,-0.15
103,2,0.571,0.85,0.221,0.1,0.429,0.0,0.079,0.1
104,2,0.892,1.0,0.542,0.35,0.608,0.15,0.258,0.35
105,,0.742,0.85,0.392,0.2,0.458,0.0,0.108,0.2
106,,0.592,0.7,0.242,0.05,0.308,-0.15,-0.042,0.05
107,6,0.771,0.85,0.421,0.3,0.629,0.85,0.279,0.3
108,6,0.95,1.0,0.6,0.55,0.95,1.0,0.6,0.55
109,,0.8,0.85,0.45,0.4,0.8,0.85,0.45,0.4
110,,0.65,0.7,0.3,0.25,0.65,0.7,0.3,0.25
111,,0.5,0.55,0.15,0.1,0.5,0.55,0.15,0.1
112,,0.35,0.4,0.0,-0.05,0.35,0.4,0.0,-0.05
113,4,0.529,0.65,0.321,0.95,0.671,0.65,0.179,0.1
114,4,0.708,0.9,0.642,1.0,0.992,0.9,0.358,0.25
115,,0.558,0.75,0.492,0.85,0.842,0.75,0.208,0.1
116,,0.408,0.6,0.342,0.7,0.692,0.6,0.058,-0.05
117,8,0.729,0.85,0.521,0.85,0.871,0.85,0.379,0.95
118,8,1.0,1.0,0.7,1.0,1.0,1.0,0.7,1.0
119,,0.85,0.85,0.55,0.85,0.85,0.85,0.55,0.85
120,,0.7,0.7,0.4,0.7,0.7,0.7,0.4,0.7
121,,0.55,0.55,0.25,0.55,0.55,0.55,0.25,0.55
122,,0.4,0.4,0.1,0.4,0.4,0.4,0.1,0.4
123,,0.25,0.25,-0.05,0.25,0.25,0.25,-0.05,0.25
124,7,0.5,0.429,0.1,0.429,0.5,0.571,0.95,0.571
125,7,0.75,0.608,0.25,0.608,0.75,0.892,1.0,0.892
126,,0.6,0.458,0.1,0.458,0.6,0.742,0.85,0.742
127,,0.45,0.308,-0.05,0.308,0.45,0.592,0.7,0.592
128,3,0.7,0.629,0.95,0.629,0.7,0.771,0.85,0.771
129,3,0.95,0.95,1.0,0.95,0.95,0.95,1.0,0.95
130,,0.8,0.8,0.85,0.8,0.8,0.8,0.85,0.8
131,,0.65,0.65,0.7,0.65,0.65,0.65,0.7,0.65
132,,0.5,0.5,0.55,0.5,0.5,0.5,0.55,0.5
133,,0.35,0.35,0.4,0.35,0.35,0.35,0.4,0.35
134,,0.2,0.2,0.25,0.2,0.2,0.2,0.25,0.2
135,,0.05,0.05,0.1,0.05,0.05,0.05,0.1,0.05
136,,-0.1,-0.1,-0.05,-0.1,-0.1,-0.1,-0.05,-0.1
137,6,0.079,0.05,0.129,0.15,0.221,0.9,0.271,0.15
138,6,0.258,0.2,0.308,0.4,0.542,1.0,0.592,0.4
139,,0.108,0.05,0.158,0.25,0.392,0.85,0.442,0.25
140,,-0.042,-0.1,0.008,0.1,0.242,0.7,0.292,0.1
141,2,0.279,0.9,0.329,0.35,0.421,0.85,0.471,0.35
142,2,0.6,1.0,0.65,0.6,0.6,1.0,0.65,0.6
143,,0.45,0.85,0.5,0.45,0.45,0.85,0.5,0.45
144,,0.3,0.7,0.35,0.3,0.3,0.7,0.35,0.3
145,,0.15,0.55,0.2,0.15,0.15,0.55,0.2,0.15
146,,0.0,0.4,0.05,0.0,0.0,0.4,0.05,0.0
147,,-0.15,0.25,-0.1,-0.15,-0.15,0.25,-0.1,-0.15
148,8,0.171,0.5,0.079,0.0,0.029,0.5,0.221,0.85
149,8,0.492,0.75,0.258,0.15,0.208,0.75,0.542,1.0
150,,0.342,0.6,0.108,0.0,0.058,0.6,0.392,0.85
151,,0.192,0.45,-0.042,-0.15,-0.092,0.45,0.242,0.7
152,4,0.371,0.7,0.279,0.85,0.229,0.7,0.421,0.85
153,4,0.55,0.95,0.6,1.0,0.55,0.95,0.6,1.0
154,,0.4,0.8,0.45,0.85,0.4,0.8,0.45,0.85
155,,0.25,0.65,0.3,0.7,0.25,0.65,0.3,0.7
156,,0.1,0.5,0.15,0.55,0.1,0.5,0.15,0.55
157,,-0.05,0.35,0.0,0.4,-0.05,0.35,0.0,0.4
158,5,0.1,0.529,0.25,0.721,0.95,0.671,0.25,0.579
159,5,0.25,0.708,0.5,1.0,1.0,0.992,0.5,0.758
160,,0.1,0.558,0.35,0.85,0.85,0.842,0.35,0.608
161,,-0.05,0.408,0.2,0.7,0.7,0.692,0.2,0.458
162,1,0.95,0.729,0.45,0.879,0.85,0.871,0.45,0.779
163,1,1.0,1.0,0.7,1.0,1.0,1.0,0.7,1.0
164,,0.85,0.85,0.55,0.85,0.85,0.85,0.55,0.85
165,,0.7,0.7,0.4,0.7,0.7,0.7,0.4,0.7
166,,0.55,0.55,0.25,0.55,0.55,0.55,0.25,0.55
167,,0.4,0.4,0.1,0.4,0.4,0.4,0.1,0.4
168,,0.25,0.25,-0.05,0.25,0.25,0.25,-0.05,0.25
169,3,0.5,0.571,0.95,0.571,0.5,0.429,0.1,0.429
170,3,0.75,0.892,1.0,0.892,0.75,0.608,0.25,0.608
171,,0.6,0.742,0.85,0.742,0.6,0.458,0.1,0.458
172,,0.45,0.592,0.7,0.592,0.45,0.308,-0.05,0.308
173,7,0.7,0.771,0.85,0.771,0.7,0.629,0.95,0.629
174,7,0.95,0.95,1.0,0.95,0.95,0.95,1.0,0.95
175,,0.8,0.8,0.85,0.8,0.8,0.8,0.85,0.8
176,,0.65,0.65,0.7,0.65,0.65,0.65,0.7,0.65
177,,0.5,0.5,0.55,0.5,0.5,0.5,0.55,0.5
178,,0.35,0.35,0.4,0.35,0.35,0.35,0.4,0.35
179,,0.2,0.2,0.25,0.2,0.2,0.2,0.25,0.2
180,,0.05,0.05,0.1,0.05,0.05,0.05,0.1,0.05
181,,-0.1,-0.1,-0.05,-0.1,-0.1,-0.1,-0.05,-0.1
182,6,0.079,0.05,0.129,0.15,0.221,0.9,0.271,0.15
183,6,0.258,0.2,0.308,0.4,0.542,1.0,0.592,0.4
184,,0.108,0.05,0.158,0.25,0.392,0.85,0.442,0.25
185,,-0.042,-0.1,0.008,0.1,0.242,0.7,0.292,0.1
186,2,0.279,0.9,0.329,0.35,0.421,0.85,0.471,0.35
187,2,0.6,1.0,0.65,0.6,0.6,1.0,0.65,0.6
188,,0.45,0.85,0.5,0.45,0.45,0.85,0.5,0.45
189,,0.3,0.7,0.35,0.3,0.3,0.7,0.35,0.3
190,,0.15,0.55,0.2,0.15,0.15,0.55,0.2,0.15
191,,0.0,0.4,0.05,0.0,0.0,0.4,0.05,0.0
192,,-0.15,0.25,-0.1,-0.15,-0.15,0.25,-0.1,-0.15
193,4,0.029,0.5,0.221,0.85,0.171,0.5,0.079,0.0
194,4,0.208,0.75,0.542,1.0,0.492,0.75,0.258,0.15
195,,0.058,0.6,0.392,0.85,0.342,0.6,0.108,0.0
196,,-0.092,0.45,0.242,0.7,0.192,0.45,-0.042,-0.15
197,8,0.229,0.7,0.421,0.85,0.371,0.7,0.279,0.85
198,8,0.55,0.95,0.6,1.0,0.55,0.95,0.6,1.0
199,,0.4,0.8,0.45,0.85,0.4,0.8,0.45,0.85
200,,0.25,0.65,0.3,0.7,0.25,0.65,0.3,0.7
201,,0.1,0.5,0.15,0.55,0.1,0.5,0.15,0.55
202,,-0.05,0.35,0.0,0.4,-0.05,0.35,0.0,0.4
203,1,0.95,0.671,0.25,0.579,0.1,0.529,0.25,0.721
204,1,1.0,0.992,0.5,0.758,0.25,0.708,0.5,1.0
205,,0.85,0.842,0.35,0.608,0.1,0.558,0.35,0.85
206,,0.7,0.692,0.2,0.458,-0.05,0.408,0.2,0.7
207,5,0.85,0.871,0.45,0.779,0.95,0.729,0.45,0.879
208,5,1.0,1.0,0.7,1.0,1.0,1.0,0.7,1.0
209,,0.85,0.85,0.55,0.85,0.85,0.85,0.55,0.85
210,,0.7,0.7,0.4,0.7,0.7,0.7,0.4,0.7
211,,0.55,0.55,0.25,0.55,0.55,0.55,0.25,0.55
212,,0.4,0.4,0.1,0.4,0.4,0.4,0.1,0.4
213,,0.25,0.25,-0.05,0.25,0.25,0.25,-0.05,0.25
214,3,0.5,0.571,0.95,0.571,0.5,0.429,0.1,0.429
215,3,0.75,0.892,1.0,0.892,0.75,0.608,0.25,0.608
216,,0.6,0.742,0.85,0.742,0.6,0.458,0.1,0.458
217,,0.45,0.592,0.7,0.592,0.45,0.308,-0.05,0.308
218,7,0.7,0.771,0.85,0.771,0.7,0.629,0.95,0.629
219,7,0.95,0.95,1.0,0.95,0.95,0.95,1.0,0.95
220,,0.8,0.8,0.85,0.8,0.8,0.8,0.85,0.8
221,,0.65,0.65,0.7,0.65,0.65,0.65,0.7,0.65
222,,0.5,0.5,0.55,0.5,0.5,0.5,0.55,0.5
223,,0.35,0.35,0.4,0.35,0.35,0.35,0.4,0.35
224,,0.2,0.2,0.25,0.2,0.2,0.2,0.25,0.2
225,,0.05,0.05,0.1,0.05,0.05,0.05,0.1,0.05
226,,-0.1,-0.1,-0.05,-0.1,-0.1,-0.1,-0.05,-0.1
227,8,0.221,0.15,0.129,0.05,0.079,0.15,0.271,0.9
228,8,0.542,0.4,0.308,0.2,0.258,0.4,0.592,1.0
229,,0.392,0.25,0.158,0.05,0.108,0.25,0.442,0.85
230,,0.242,0.1,0.008,-0.1,-0.042,0.1,0.292,0.7
231,4,0.421,0.35,0.329,0.9,0.279,0.35,0.471,0.85
232,4,0.6,0.6,0.65,1.0,0.6,0.6,0.65,1.0
233,,0.45,0.45,0.5,0.85,0.45,0.45,0.5,0.85
234,,0.3,0.3,0.35,0.7,0.3,0.3,0.35,0.7
235,,0.15,0.15,0.2,0.55,0.15,0.15,0.2,0.55
236,,0.0,0.0,0.05,0.4,0.0,0.0,0.05,0.4
237,,-0.15,-0.15,-0.1,0.25,-0.15,-0.15,-0.1,0.25
238,2,0.171,0.85,0.221,0.5,0.029,0.0,0.079,0.5
239,2,0.492,1.0,0.542,0.75,0.208,0.15,0.258,0.75
240,,0.342,0.85,0.392,0.6,0.058,0.0,0.108,0.6
241,,0.192,0.7,0.242,0.45,-0.092,-0.15,-0.042,0.45
242,6,0.371,0.85,0.421,0.7,0.229,0.85,0.279,0.7
243,6,0.55,1.0,0.6,0.95,0.55,1.0,0.6,0.95
244,,0.4,0.85,0.45,0.8,0.4,0.85,0.45,0.8
245,,0.25,0.7,0.3,0.65,0.25,0.7,0.3,0.65
246,,0.1,0.55,0.15,0.5,0.1,0.55,0.15,0.5
247,,-0.05,0.4,0.0,0.35,-0.05,0.4,0.0,0.35
248,1,0.95,0.721,0.25,0.529,0.1,0.579,0.25,0.671
249,1,1.0,1.0,0.5,0.708,0.25,0.758,0.5,0.992
250,,0.85,0.85,0.35,0.558,0.1,0.608,0.35,0.842
251,,0.7,0.7,0.2,0.408,-0.05,0.458,0.2,0.692
252,5,0.85,0.879,0.45,0.729,0.95,0.779,0.45,0.871
253,5,1.0,1.0,0.7,1.0,1.0,1.0,0.7,1.0
254,,0.85,0.85,0.55,0.85,0.85,0.85,0.55,0.85
255,,0.7,0.7,0.4,0.7,0.7,0.7,0.4,0.7
256,,0.55,0.55,0.25,0.55,0.55,0.55,0.25,0.55
257,,0.4,0.4,0.1,0.4,0.4,0.4,0.1,0.4
258,,0.25,0.25,-0.05,0.25,0.25,0.25,-0.05,0.25
259,7,0.5,0.429,0.1,0.429,0.5,0.571,0.95,0.571
260,7,0.75,0.608,0.25,0.608,0.75,0.892,1.0,0.892
261,,0.6,0.458,0.1,0.458,0.6,0.742,0.85,0.742
262,,0.45,0.308,-0.05,0.308,0.45,0.592,0.7,0.592
263,3,0.7,0.629,0.95,0.629,0.7,0.771,0.85,0.771
264,3,0.95,0.95,1.0,0.95,0.95,0.95,1.0,0.95
265,,0.8,0.8,0.85,0.8,0.8,0.8,0.85,0.8
266,,0.65,0.65,0.7,0.65,0.65,0.65,0.7,0.65
267,,0.5,0.5,0.55,0.5,0.5,0.5,0.55,0.5
268,,0.35,0.35,0.4,0.35,0.35,0.35,0.4,0.35
269,,0.2,0.2,0.25,0.2,0.2,0.2,0.25,0.2
270,,0.05,0.05,0.1,0.05,0.05,0.05,0.1,0.05
271,,-0.1,-0.1,-0.05,-0.1,-0.1,-0.1,-0.05,-0.1
272,6,0.079,0.05,0.129,0.15,0.221,0.9,0.271,0.15
273,6,0.258,0.2,0.308,0.4,0.542,1.0,0.592,0.4
274,,0.108,0.05,0.158,0.25,0.392,0.85,0.442,0.25
275,,-0.042,-0.1,0.008,0.1,0.242,0.7,0.292,0.1
276,2,0.279,0.9,0.329,0.35,0.421,0.85,0.471,0.35
277,2,0.6,1.0,0.65,0.6,0.6,1.0,0.65,0.6
278,,0.45,0.85,0.5,0.45,0.45,0.85,0.5,0.45
279,,0.3,0.7,0.35,0.3,0.3,0.7,0.35,0.3
280,,0.15,0.55,0.2,0.15,0.15,0.55,0.2,0.15
281,,0.0,0.4,0.05,0.0,0.0,0.4,0.05,0.0
282,,-0.15,0.25,-0.1,-0.15,-0.15,0.25,-0.1,-0.15
283,5,0.0,0.429,0.15,0.171,0.85,0.571,0.15,0.029
284,5,0.15,0.608,0.4,0.492,1.0,0.892,0.4,0.208
285,,0.0,0.458,0.25,0.342,0.85,0.742,0.25,0.058
286,,-0.15,0.308,0.1,0.192,0.7,0.592,0.1,-0.092
287,1,0.85,0.629,0.35,0.371,0.85,0.771,0.35,0.229
288,1,1.0,0.95,0.6,0.55,1.0,0.95,0.6,0.55
289,,0.85,0.8,0.45,0.4,0.85,0.8,0.45,0.4
290,,0.7,0.65,0.3,0.25,0.7,0.65,0.3,0.25
291,,0.55,0.5,0.15,0.1,0.55,0.5,0.15,0.1
292,,0.4,0.35,0.0,-0.05,0.4,0.35,0.0,-0.05
293,4,0.579,0.6,0.321,0.95,0.721,0.6,0.179,0.1
294,4,0.758,0.85,0.642,1.0,1.0,0.85,0.358,0.25
295,,0.608,0.7,0.492,0.85,0.85,0.7,0.208,0.1
296,,0.458,0.55,0.342,0.7,0.7,0.55,0.058,-0.05
297,8,0.779,0.8,0.521,0.85,0.879,0.8,0.379,0.95
298,8,1.0,1.0,0.7,1.0,1.0,1.0,0.7,1.0
299,,0.85,0.85,0.55,0.85,0.85,0.85,0.55,0.85
300,,0.7,0.7,0.4,0.7,0.7,0.7,0.4,0.7
301,,0.55,0.55,0.25,0.55,0.55,0.55,0.25,0.55
302,,0.4,0.4,0.1,0.4,0.4,0.4,0.1,0.4
303,,0.25,0.25,-0.05,0.25,0.25,0.25,-0.05,0.25
304,7,0.5,0.429,0.1,0.429,0.5,0.571,0.95,0.571
305,7,0.75,0.608,0.25,0.608,0.75,0.892,1.0,0.892
306,,0.6,0.458,0.1,0.458,0.6,0.742,0.85,0.742
307,,0.45,0.308,-0.05,0.308,0.45,0.592,0.7,0.592
308,3,0.7,0.629,0.95,0.629,0.7,0.771,0.85,0.771
309,3,0.95,0.95,1.0,0.95,0.95,0.95,1.0,0.95
310,,0.8,0.8,0.85,0.8,0.8,0.8,0.85,0.8
311,,0.65,0.65,0.7,0.65,0.65,0.65,0.7,0.65
312,,0.5,0.5,0.55,0.5,0.5,0.5,0.55,0.5
313,,0.35,0.35,0.4,0.35,0.35,0.35,0.4,0.35
314,,0.2,0.2,0.25,0.2,0.2,0.2,0.25,0.2
315,,0.05,0.05,0.1,0.05,0.05,0.05,0.1,0.05
316,,-0.1,-0.1,-0.05,-0.1,-0.1,-0.1,-0.05,-0.1
317,2,0.221,0.9,0.271,0.15,0.079,0.05,0.129,0.15
318,2,0.542,1.0,0.592,0.4,0.258,0.2,0.308,0.4
319,,0.392,0.85,0.442,0.25,0.108,0.05,0.158,0.25
320,,0.242,0.7,0.292,0.1,-0.042,-0.1,0.008,0.1
321,6,0.421,0.85,0.471,0.35,0.279,0.9,0.329,0.35
322,6,0.6,1.0,0.65,0.6,0.6,1.0,0.65,0.6
323,,0.45,0.85,0.5,0.45,0.45,0.85,0.5,0.45
324,,0.3,0.7,0.35,0.3,0.3,0.7,0.35,0.3
325,,0.15,0.55,0.2,0.15,0.15,0.55,0.2,0.15
326,,0.0,0.4,0.05,0.0,0.0,0.4,0.05,0.0
327,,-0.15,0.25,-0.1,-0.15,-0.15,0.25,-0.1,-0.15
328,8,0.171,0.5,0.079,0.0,0.029,0.5,0.221,0.85
329,8,0.492,0.75,0.258,0.15,0.208,0.75,0.542,1.0
330,,0.342,0.6,0.108,0.0,0.058,0.6,0.392,0.85
331,,0.192,0.45,-0.042,-0.15,-0.092,0.45,0.242,0.7
332,4,0.371,0.7,0.279,0.85,0.229,0.7,0.421,0.85
333,4,0.55,0.95,0.6,1.0,0.55,0.95,0.6,1.0
334,,0.4,0.8,0.45,0.85,0.4,0.8,0.45,0.85
335,,0.25,0.65,0.3,0.7,0.25,0.65,0.3,0.7
336,,0.1,0.5,0.15,0.55,0.1,0.5,0.15,0.55
337,,-0.05,0.35,0.0,0.4,-0.05,0.35,0.0,0.4
338,5,0.1,0.529,0.25,0.721,0.95,0.671,0.25,0.579
339,5,0.25,0.708,0.5,1.0,1.0,0.992,0.5,0.758
340,,0.1,0.558,0.35,0.85,0.85,0.842,0.35,0.608
341,,-0.05,0.408,0.2,0.7,0.7,0.692,0.2,0.458
342,1,0.95,0.729,0.45,0.879,0.85,0.871,0.45,0.779
343,1,1.0,1.0,0.7,1.0,1.0,1.0,0.7,1.0
344,,0.85,0.85,0.55,0.85,0.85,0.85,0.55,0.85
345,,0.7,0.7,0.4,0.7,0.7,0.7,0.4,0.7
346,,0.55,0.55,0.25,0.55,0.55,0.55,0.25,0.55
347,,0.4,0.4,0.1,0.4,0.4,0.4,0.1,0.4
348,,0.25,0.25,-0.05,0.25,0.25,0.25,-0.05,0.25
349,7,0.5,0.429,0.1,0.429,0.5,0.571,0.95,0.571
350,7,0.75,0.608,0.25,0.608,0.75,0.892,1.0,0.892
351,,0.6,0.458,0.1,0.458,0.6,0.742,0.85,0.742
352,,0.45,0.308,-0.05,0.308,0.45,0.592,0.7,0.592
353,3,0.7,0.629,0.95,0.629,0.7,0.771,0.85,0.771
354,3,0.95,0.95,1.0,0.95,0.95,0.95,1.0,0.95
355,,0.8,0.8,0.85,0.8,0.8,0.8,0.85,0.8
356,,0.65,0.65,0.7,0.65,0.65,0.65,0.7,0.65
357,,0.5,0.5,0.55,0.5,0.5,0.5,0.55,0.5
358,,0.35,0.35,0.4,0.35,0.35,0.35,0.4,0.35
359,,0.2,0.2,0.25,0.2,0.2,0.2,0.25,0.2
360,,0.05,0.05,0.1,0.05,0.05,0.05,0.1,0.05
361,,-0.1,-0.1,-0.05,-0.1,-0.1,-0.1,-0.05,-0.1
362,4,0.079,0.15,0.271,0.9,0.221,0.15,0.129,0.05
363,4,0.258,0.4,0.592,1.0,0.542,0.4,0.308,0.2
364,,0.108,0.25,0.442,0.85,0.392,0.25,0.158,0.05
365,,-0.042,0.1,0.292,0.7,0.242,0.1,0.008,-0.1
366,8,0.279,0.35,0.471,0.85,0.421,0.35,0.329,0.9
367,8,0.6,0.6,0.65,1.0,0.6,0.6,0.65,1.0
368,,0.45,0.45,0.5,0.85,0.45,0.45,0.5,0.85
369,,0.3,0.3,0.35,0.7,0.3,0.3,0.35,0.7
370,,0.15,0.15,0.2,0.55,0.15,0.15,0.2,0.55
371,,0.0,0.0,0.05,0.4,0.0,0.0,0.05,0.4
372,,-0.15,-0.15,-0.1,0.25,-0.15,-0.15,-0.1,0.25
373,1,0.85,0.171,0.15,0.429,0.0,0.029,0.15,0.571
374,1,1.0,0.492,0.4,0.608,0.15,0.208,0.4,0.892
375,,0.85,0.342,0.25,0.458,0.0,0.058,0.25,0.742
376,,0.7,0.192,0.1,0.308,-0.15,-0.092,0.1,0.592
377,5,0.85,0.371,0.35,0.629,0.85,0.229,0.35,0.771
378,5,1.0,0.55,0.6,0.95,1.0,0.55,0.6,0.95
379,,0.85,0.4,0.45,0.8,0.85,0.4,0.45,0.8
380,,0.7,0.25,0.3,0.65,0.7,0.25,0.3,0.65
381,,0.55,0.1,0.15,0.5,0.55,0.1,0.15,0.5
382,,0.4,-0.05,0.0,0.35,0.4,-0.05,0.0,0.35
383,2,0.721,0.95,0.321,0.6,0.579,0.1,0.179,0.6
384,2,1.0,1.0,0.642,0.85,0.758,0.25,0.358,0.85
385,,0.85,0.85,0.492,0.7,0.608,0.1,0.208,0.7
386,,0.7,0.7,0.342,0.55,0.458,-0.05,0.058,0.55
387,6,0.879,0.85,0.521,0.8,0.779,0.95,0.379,0.8
388,6,1.0,1.0,0.7,1.0,1.0,1.0,0.7,1.0
389,,0.85,0.85,0.55,0.85,0.85,0.85,0.55,0.85
390,,0.7,0.7,0.4,0.7,0.7,0.7,0.4,0.7
391,,0.55,0.55,0.25,0.55,0.55,0.55,0.25,0.55
392,,0.4,0.4,0.1,0.4,0.4,0.4,0.1,0.4
393,,0.25,0.25,-0.05,0.25,0.25,0.25,-0.05,0.25
394,3,0.5,0.571,0.95,0.571,0.5,0.429,0.1,0.429
395,3,0.75,0.892,1.0,0.892,0.75,0.608,0.25,0.608
396,,0.6,0.742,0.85,0.742,0.6,0.458,0.1,0.458
397,,0.45,0.592,0.7,0.592,0.45,0.308,-0.05,0.308
398,7,0.7,0.771,0.85,0.771,0.7,0.629,0.95,0.629
399,7,0.95,0.95,1.0,0.95,0.95,0.95,1.0,0.95
400,,0.8,0.8,0.85,0.8,0.8,0.8,0.85,0.8
401,,0.65,0.65,0.7,0.65,0.65,0.65,0.7,0.65
402,,0.5,0.5,0.55,0.5,0.5,0.5,0.55,0.5
403,,0.35,0.35,0.4,0.35,0.35,0.35,0.4,0.35
404,,0.2,0.2,0.25,0.2,0.2,0.2,0.25,0.2
405,,0.05,0.05,0.1,0.05,0.05,0.05,0.1,0.05
406,,-0.1,-0.1,-0.05,-0.1,-0.1,-0.1,-0.05,-0.1
407,1,0.9,0.221,0.2,0.079,0.05,0.079,0.2,0.221
408,1,1.0,0.542,0.45,0.258,0.2,0.258,0.45,0.542
409,,0.85,0.392,0.3,0.108,0.05,0.108,0.3,0.392
410,,0.7,0.242,0.15,-0.042,-0.1,-0.042,0.15,0.242
411,5,0.85,0.421,0.4,0.279,0.9,0.279,0.4,0.421
412,5,1.0,0.6,0.65,0.6,1.0,0.6,0.65,0.6
413,,0.85,0.45,0.5,0.45,0.85,0.45,0.5,0.45
414,,0.7,0.3,0.35,0.3,0.7,0.3,0.35,0.3
415,,0.55,0.15,0.2,0.15,0.55,0.15,0.2,0.15
416,,0.4,0.0,0.05,0.0,0.4,0.0,0.05,0.0
417,,0.25,-0.15,-0.1,-0.15,0.25,-0.15,-0.1,-0.15
418,4,0.429,0.1,0.221,0.85,0.571,0.1,0.079,0.0
419,4,0.608,0.35,0.542,1.0,0.892,0.35,0.258,0.15
420,,0.458,0.2,0.392,0.85,0.742,0.2,0.108,0.0
421,,0.308,0.05,0.242,0.7,0.592,0.05,-0.042,-0.15
422,8,0.629,0.3,0.421,0.85,0.771,0.3,0.279,0.85
423,8,0.95,0.55,0.6,1.0,0.95,0.55,0.6,1.0
424,,0.8,0.4,0.45,0.85,0.8,0.4,0.45,0.85
425,,0.65,0.25,0.3,0.7,0.65,0.25,0.3,0.7
426,,0.5,0.1,0.15,0.55,0.5,0.1,0.15,0.55
427,,0.35,-0.05,0.0,0.4,0.35,-0.05,0.0,0.4
428,2,0.671,0.95,0.321,0.65,0.529,0.1,0.179,0.65
429,2,0.992,1.0,0.642,0.9,0.708,0.25,0.358,0.9
430,,0.842,0.85,0.492,0.75,0.558,0.1,0.208,0.75
431,,0.692,0.7,0.342,0.6,0.408,-0.05,0.058,0.6
432,6,0.871,0.85,0.521,0.85,0.729,0.95,0.379,0.85
433,6,1.0,1.0,0.7,1.0,1.0,1.0,0.7,1.0
434,,0.85,0.85,0.55,0.85,0.85,0.85,0.55,0.85
435,,0.7,0.7,0.4,0.7,0.7,0.7,0.4,0.7
436,,0.55,0.55,0.25,0.55,0.55,0.55,0.25,0.55
437,,0.4,0.4,0.1,0.4,0.4,0.4,0.1,0.4
438,,0.25,0.25,-0.05,0.25,0.25,0.25,-0.05,0.25
439,7,0.5,0.429,0.1,0.429,0.5,0.571,0.95,0.571
440,7,0.75,0.608,0.25,0.608,0.75,0.892,1.0,0.892
441,,0.6,0.458,0.1,0.458,0.6,0.742,0.85,0.742
442,,0.45,0.308,-0.05,0.308,0.45,0.592,0.7,0.592
443,3,0.7,0.629,0.95,0.629,0.7,0.771,0.85,0.771
444,3,0.95,0.95,1.0,0.95,0.95,0.95,1.0,0.95
445,,0.8,0.8,0.85,0.8,0.8,0.8,0.85,0.8
446,,0.65,0.65,0.7,0.65,0.65,0.65,0.7,0.65
447,,0.5,0.5,0.55,0.5,0.5,0.5,0.55,0.5
448,,0.35,0.35,0.4,0.35,0.35,0.35,0.4,0.35
449,,0.2,0.2,0.25,0.2,0.2,0.2,0.25,0.2
450,,0.05,0.05,0.1,0.05,0.05,0.05,0.1,0.05
451,,-0.1,-0.1,-0.05,-0.1,-0.1,-0.1,-0.05,-0.1
452,1,0.9,0.221,0.2,0.079,0.05,0.079,0.2,0.221
453,1,1.0,0.542,0.45,0.258,0.2,0.258,0.45,0.542
454,,0.85,0.392,0.3,0.108,0.05,0.108,0.3,0.392
455,,0.7,0.242,0.15,-0.042,-0.1,-0.042,0.15,0.242
456,5,0.85,0.421,0.4,0.279,0.9,0.279,0.4,0.421
457,5,1.0,0.6,0.65,0.6,1.0,0.6,0.65,0.6
458,,0.85,0.45,0.5,0.45,0.85,0.45,0.5,0.45
459,,0.7,0.3,0.35,0.3,0.7,0.3,0.35,0.3
460,,0.55,0.15,0.2,0.15,0.55,0.15,0.2,0.15
461,,0.4,0.0,0.05,0.0,0.4,0.0,0.05,0.0
462,,0.25,-0.15,-0.1,-0.15,0.25,-0.15,-0.1,-0.15
463,6,0.429,0.0,0.079,0.1,0.571,0.85,0.221,0.1
464,6,0.608,0.15,0.258,0.35,0.892,1.0,0.542,0.35
465,,0.458,0.0,0.108,0.2,0.742,0.85,0.392,0.2
466,,0.308,-0.15,-0.042,0.05,0.592,0.7,0.242,0.05
467,2,0.629,0.85,0.279,0.3,0.771,0.85,0.421,0.3
468,2,0.95,1.0,0.6,0.55,0.95,1.0,0.6,0.55
469,,0.8,0.85,0.45,0.4,0.8,0.85,0.45,0.4
470,,0.65,0.7,0.3,0.25,0.65,0.7,0.3,0.25
471,,0.5,0.55,0.15,0.1,0.5,0.55,0.15,0.1
472,,0.35,0.4,0.0,-0.05,0.35,0.4,0.0,-0.05
473,4,0.529,0.65,0.321,0.95,0.671,0.65,0.179,0.1
474,4,0.708,0.9,0.642,1.0,0.992,0.9,0.358,0.25
475,,0.558,0.75,0.492,0.85,0.842,0.75,0.208,0.1
476,,0.408,0.6,0.342,0.7,0.692,0.6,0.058,-0.05
477,8,0.729,0.85,0.521,0.85,0.871,0.85,0.379,0.95
478,8,1.0,1.0,0.7,1.0,1.0,1.0,0.7,1.0
479,,0.85,0.85,0.55,0.85,0.85,0.85,0.55,0.85
480,,0.7,0.7,0.4,0.7,0.7,0.7,0.4,0.7
481,,0.55,0.55,0.25,0.55,0.55,0.55,0.25,0.55
482,,0.4,0.4,0.1,0.4,0.4,0.4,0.1,0.4
483,,0.25,0.25,-0.05,0.25,0.25,0.25,-0.05,0.25
484,7,0.5,0.429,0.1,0.429,0.5,0.571,0.95,0.571
485,7,0.75,0.608,0.25,0.608,0.75,0.892,1.0,0.892
486,,0.6,0.458,0.1,0.458,0.6,0.742,0.85,0.742
487,,0.45,0.308,-0.05,0.308,0.45,0.592,0.7,0.592
488,3,0.7,0.629,0.95,0.629,0.7,0.771,0.85,0.771
489,3,0.95,0.95,1.0,0.95,0.95,0.95,1.0,0.95
490,,0.8,0.8,0.85,0.8,0.8,0.8,0.85,0.8
491,,0.65,0.65,0.7,0.65,0.65,0.65,0.7,0.65
492,,0.5,0.5,0.55,0.5,0.5,0.5,0.55,0.5
493,,0.35,0.35,0.4,0.35,0.35,0.35,0.4,0.35
494,,0.2,0.2,0.25,0.2,0.2,0.2,0.25,0.2
495,,0.05,0.05,0.1,0.05,0.05,0.05,0.1,0.05
496,,-0.1,-0.1,-0.05,-0.1,-0.1,-0.1,-0.05,-0.1
497,1,0.9,0.221,0.2,0.079,0.05,0.079,0.2,0.221
498,1,1.0,0.542,0.45,0.258,0.2,0.258,0.45,0.542
499,,0.85,0.392,0.3,0.108,0.05,0.108,0.3,0.392
