step,active_motive,motive_1,motive_2,motive_3,motive_4,motive_5,motive_6,motive_7,motive_8
0,,0.00436,0.09946,0.04699,0.02796,0.08835,0.07477,0.09531,0.03308
1,,-0.14564,-0.05054,-0.10301,-0.12204,-0.06165,-0.07523,-0.05469,-0.11692
2,1,0.85436,0.27046,0.14699,0.05696,0.08835,0.10377,0.19531,0.20408
3,1,1.0,0.59146,0.39699,0.23596,0.23835,0.28277,0.44531,0.52508
4,,0.85,0.44146,0.24699,0.08596,0.08835,0.13277,0.29531,0.37508
5,,0.7,0.29146,0.09699,-0.06404,-0.06165,-0.01723,0.14531,0.22508
6,4,0.879,0.54146,0.41799,0.93596,0.25935,0.23277,0.32431,0.37508
7,4,1.0,0.79146,0.73899,1.0,0.58035,0.48277,0.50331,0.52508
8,,0.85,0.64146,0.58899,0.85,0.43035,0.33277,0.35331,0.37508
9,,0.7,0.49146,0.43899,0.7,0.28035,0.18277,0.20331,0.22508
10,,0.55,0.34146,0.28899,0.55,0.13035,0.03277,0.05331,0.07508
11,,0.4,0.19146,0.13899,0.4,-0.01965,-0.11723,-0.09669,-0.07492
12,6,0.579,0.34146,0.31799,0.65,0.30135,0.88277,0.22431,0.17508
13,6,0.758,0.49146,0.49699,0.9,0.62235,1.0,0.54531,0.42508
14,,0.608,0.34146,0.34699,0.75,0.47235,0.85,0.39531,0.27508
15,,0.458,0.19146,0.19699,0.6,0.32235,0.7,0.24531,0.12508
16,,0.308,0.04146,0.04699,0.45,0.17235,0.55,0.09531,-0.02492
17,8,0.629,0.29146,0.22599,0.6,0.35135,0.8,0.41631,0.97508
18,8,0.95,0.54146,0.40499,0.75,0.53035,1.0,0.73731,1.0
19,,0.8,0.39146,0.25499,0.6,0.38035,0.85,0.58731,0.85
20,,0.65,0.24146,0.10499,0.45,0.23035,0.7,0.43731,0.7
21,,0.5,0.09146,-0.04501,0.3,0.08035,0.55,0.28731,0.55
22,3,0.75,0.41246,0.95499,0.621,0.33035,0.729,0.43731,0.729
23,3,1.0,0.73346,1.0,0.942,0.58035,0.908,0.58731,0.908
24,,0.85,0.58346,0.85,0.792,0.43035,0.758,0.43731,0.758
25,,0.7,0.43346,0.7,0.642,0.28035,0.608,0.28731,0.608
26,,0.55,0.28346,0.55,0.492,0.13035,0.458,0.13731,0.458
27,,0.4,0.13346,0.4,0.342,-0.01965,0.308,-0.01269,0.308
28,5,0.55,0.31246,0.65,0.663,0.98035,0.629,0.23731,0.487
29,5,0.7,0.49146,0.9,0.984,1.0,0.95,0.48731,0.666
30,,0.55,0.34146,0.75,0.834,0.85,0.8,0.33731,0.516
31,,0.4,0.19146,0.6,0.684,0.7,0.65,0.18731,0.366
32,,0.25,0.04146,0.45,0.534,0.55,0.5,0.03731,0.216
33,,0.1,-0.10854,0.3,0.384,0.4,0.35,-0.11269,0.066
34,7,0.35,0.07046,0.45,0.563,0.65,0.671,0.88731,0.387
35,7,0.6,0.24946,0.6,0.742,0.9,0.992,1.0,0.708
36,,0.45,0.09946,0.45,0.592,0.75,0.842,0.85,0.558
37,,0.3,-0.05054,0.3,0.442,0.6,0.692,0.7,0.408
38,2,0.621,0.94946,0.621,0.692,0.779,0.842,0.879,0.658
39,2,0.942,1.0,0.942,0.942,0.958,0.992,1.0,0.908
40,,0.792,0.85,0.792,0.792,0.808,0.842,0.85,0.758
41,,0.642,0.7,0.642,0.642,0.658,0.692,0.7,0.608
42,,0.492,0.55,0.492,0.492,0.508,0.542,0.55,0.458
43,,0.342,0.4,0.342,0.342,0.358,0.392,0.4,0.308
44,,0.192,0.25,0.192,0.192,0.208,0.242,0.25,0.158
45,,0.042,0.1,0.042,0.042,0.058,0.092,0.1,0.008
46,,-0.108,-0.05,-0.108,-0.108,-0.092,-0.058,-0.05,-0.142
47,8,0.213,0.2,0.071,0.042,0.087,0.192,0.271,0.858
48,8,0.534,0.45,0.25,0.192,0.266,0.442,0.592,1.0
49,,0.384,0.3,0.1,0.042,0.116,0.292,0.442,0.85
50,,0.234,0.15,-0.05,-0.108,-0.034,0.142,0.292,0.7
51,4,0.413,0.4,0.271,0.892,0.287,0.392,0.471,0.85
52,4,0.592,0.65,0.592,1.0,0.608,0.642,0.65,1.0
53,,0.442,0.5,0.442,0.85,0.458,0.492,0.5,0.85
54,,0.292,0.35,0.292,0.7,0.308,0.342,0.35,0.7
55,,0.142,0.2,0.142,0.55,0.158,0.192,0.2,0.55
56,,-0.008,0.05,-0.008,0.4,0.008,0.042,0.05,0.4
57,3,0.242,0.371,0.992,0.721,0.258,0.221,0.2,0.579
58,3,0.492,0.692,1.0,1.0,0.508,0.4,0.35,0.758
59,,0.342,0.542,0.85,0.85,0.358,0.25,0.2,0.608
60,,0.192,0.392,0.7,0.7,0.208,0.1,0.05,0.458
61,,0.042,0.242,0.55,0.55,0.058,-0.05,-0.1,0.308
62,7,0.292,0.421,0.7,0.729,0.308,0.271,0.9,0.629
63,7,0.542,0.6,0.85,0.908,0.558,0.592,1.0,0.95
64,,0.392,0.45,0.7,0.758,0.408,0.442,0.85,0.8
65,,0.242,0.3,0.55,0.608,0.258,0.292,0.7,0.65
66,,0.092,0.15,0.4,0.458,0.108,0.142,0.55,0.5
67,,-0.058,0.0,0.25,0.308,-0.042,-0.008,0.4,0.35
68,1,0.942,0.321,0.5,0.487,0.108,0.171,0.65,0.671
69,1,1.0,0.642,0.75,0.666,0.258,0.35,0.9,0.992
70,,0.85,0.492,0.6,0.516,0.108,0.2,0.75,0.842
71,,0.7,0.342,0.45,0.366,-0.042,0.05,0.6,0.692
72,5,0.85,0.521,0.7,0.687,0.958,0.371,0.85,0.871
73,5,1.0,0.7,0.95,1.0,1.0,0.692,1.0,1.0
74,,0.85,0.55,0.8,0.85,0.85,0.542,0.85,0.85
75,,0.7,0.4,0.65,0.7,0.7,0.392,0.7,0.7
76,,0.55,0.25,0.5,0.55,0.55,0.242,0.55,0.55
77,,0.4,0.1,0.35,0.4,0.4,0.092,0.4,0.4
78,,0.25,-0.05,0.2,0.25,0.25,-0.058,0.25,0.25
79,6,0.429,0.1,0.379,0.5,0.571,0.942,0.571,0.5
80,6,0.608,0.25,0.558,0.75,0.892,1.0,0.892,0.75
81,,0.458,0.1,0.408,0.6,0.742,0.85,0.742,0.6
82,,0.308,-0.05,0.258,0.45,0.592,0.7,0.592,0.45
83,2,0.629,0.95,0.579,0.7,0.771,0.85,0.771,0.7
84,2,0.95,1.0,0.9,0.95,0.95,1.0,0.95,0.95
85,,0.8,0.85,0.75,0.8,0.8,0.85,0.8,0.8
86,,0.65,0.7,0.6,0.65,0.65,0.7,0.65,0.65
87,,0.5,0.55,0.45,0.5,0.5,0.55,0.5,0.5
88,,0.35,0.4,0.3,0.35,0.35,0.4,0.35,0.35
89,,0.2,0.25,0.15,0.2,0.2,0.25,0.2,0.2
90,,0.05,0.1,0.0,0.05,0.05,0.1,0.05,0.05
91,,-0.1,-0.05,-0.15,-0.1,-0.1,-0.05,-0.1,-0.1
92,3,0.15,0.271,0.85,0.221,0.15,0.129,0.05,0.079
93,3,0.4,0.592,1.0,0.542,0.4,0.308,0.2,0.258
94,,0.25,0.442,0.85,0.392,0.25,0.158,0.05,0.108
95,,0.1,0.292,0.7,0.242,0.1,0.008,-0.1,-0.042
96,7,0.35,0.471,0.85,0.421,0.35,0.329,0.9,0.279
97,7,0.6,0.65,1.0,0.6,0.6,0.65,1.0,0.6
98,,0.45,0.5,0.85,0.45,0.45,0.5,0.85,0.45
99,,0.3,0.35,0.7,0.3,0.3,0.35,0.7,0.3
100,,0.15,0.2,0.55,0.15,0.15,0.2,0.55,0.15
101,,0.0,0.05,0.4,0.0,0.0,0.05,0.4,0.0
102,,-0.15,-0.1,0.25,-0.15,-0.15,-0.1,0.25,-0.15
103,1,0.85,0.221,0.5,0.029,0.0,0.079,0.5,0.171
104,1,1.0,0.542,0.75,0.208,0.15,0.258,0.75,0.492
105,,0.85,0.392,0.6,0.058,0.0,0.108,0.6,0.342
106,,0.7,0.242,0.45,-0.092,-0.15,-0.042,0.45,0.192
107,5,0.85,0.421,0.7,0.229,0.85,0.279,0.7,0.371
108,5,1.0,0.6,0.95,0.55,1.0,0.6,0.95,0.55
109,,0.85,0.45,0.8,0.4,0.85,0.45,0.8,0.4
110,,0.7,0.3,0.65,0.25,0.7,0.3,0.65,0.25
111,,0.55,0.15,0.5,0.1,0.55,0.15,0.5,0.1
112,,0.4,0.0,0.35,-0.05,0.4,0.0,0.35,-0.05
113,4,0.579,0.25,0.671,0.95,0.721,0.25,0.529,0.1
114,4,0.758,0.5,0.992,1.0,1.0,0.5,0.708,0.25
115,,0.608,0.35,0.842,0.85,0.85,0.35,0.558,0.1
116,,0.458,0.2,0.692,0.7,0.7,0.2,0.408,-0.05
117,8,0.779,0.45,0.871,0.85,0.879,0.45,0.729,0.95
118,8,1.0,0.7,1.0,1.0,1.0,0.7,1.0,1.0
119,,0.85,0.55,0.85,0.85,0.85,0.55,0.85,0.85
120,,0.7,0.4,0.7,0.7,0.7,0.4,0.7,0.7
121,,0.55,0.25,0.55,0.55,0.55,0.25,0.55,0.55
122,,0.4,0.1,0.4,0.4,0.4,0.1,0.4,0.4
123,,0.25,-0.05,0.25,0.25,0.25,-0.05,0.25,0.25
124,2,0.571,0.95,0.571,0.5,0.429,0.1,0.429,0.5
125,2,0.892,1.0,0.892,0.75,0.608,0.25,0.608,0.75
126,,0.742,0.85,0.742,0.6,0.458,0.1,0.458,0.6
127,,0.592,0.7,0.592,0.45,0.308,-0.05,0.308,0.45
128,6,0.771,0.85,0.771,0.7,0.629,0.95,0.629,0.7
129,6,0.95,1.0,0.95,0.95,0.95,1.0,0.95,0.95
130,,0.8,0.85,0.8,0.8,0.8,0.85,0.8,0.8
131,,0.65,0.7,0.65,0.65,0.65,0.7,0.65,0.65
132,,0.5,0.55,0.5,0.5,0.5,0.55,0.5,0.5
133,,0.35,0.4,0.35,0.35,0.35,0.4,0.35,0.35
134,,0.2,0.25,0.2,0.2,0.2,0.25,0.2,0.2
135,,0.05,0.1,0.05,0.05,0.05,0.1,0.05,0.05
136,,-0.1,-0.05,-0.1,-0.1,-0.1,-0.05,-0.1,-0.1
137,5,0.05,0.129,0.15,0.221,0.9,0.271,0.15,0.079
138,5,0.2,0.308,0.4,0.542,1.0,0.592,0.4,0.258
139,,0.05,0.158,0.25,0.392,0.85,0.442,0.25,0.108
140,,-0.1,0.008,0.1,0.242,0.7,0.292,0.1,-0.042
141,1,0.9,0.329,0.35,0.421,0.85,0.471,0.35,0.279
142,1,1.0,0.65,0.6,0.6,1.0,0.65,0.6,0.6
143,,0.85,0.5,0.45,0.45,0.85,0.5,0.45,0.45
144,,0.7,0.35,0.3,0.3,0.7,0.35,0.3,0.3
145,,0.55,0.2,0.15,0.15,0.55,0.2,0.15,0.15
146,,0.4,0.05,0.0,0.0,0.4,0.05,0.0,0.0
147,,0.25,-0.1,-0.15,-0.15,0.25,-0.1,-0.15,-0.15
148,3,0.5,0.221,0.85,0.171,0.5,0.079,0.0,0.029
149,3,0.75,0.542,1.0,0.492,0.75,0.258,0.15,0.208
150,,0.6,0.392,0.85,0.342,0.6,0.108,0.0,0.058
151,,0.45,0.242,0.7,0.192,0.45,-0.042,-0.15,-0.092
152,7,0.7,0.421,0.85,0.371,0.7,0.279,0.85,0.229
153,7,0.95,0.6,1.0,0.55,0.95,0.6,1.0,0.55
154,,0.8,0.45,0.85,0.4,0.8,0.45,0.85,0.4
155,,0.65,0.3,0.7,0.25,0.65,0.3,0.7,0.25
156,,0.5,0.15,0.55,0.1,0.5,0.15,0.55,0.1
157,,0.35,0.0,0.4,-0.05,0.35,0.0,0.4,-0.05
158,8,0.671,0.25,0.579,0.1,0.529,0.25,0.721,0.95
159,8,0.992,0.5,0.758,0.25,0.708,0.5,1.0,1.0
160,,0.842,0.35,0.608,0.1,0.558,0.35,0.85,0.85
161,,0.692,0.2,0.458,-0.05,0.408,0.2,0.7,0.7
162,4,0.871,0.45,0.779,0.95,0.729,0.45,0.879,0.85
163,4,1.0,0.7,1.0,1.0,1.0,0.7,1.0,1.0
164,,0.85,0.55,0.85,0.85,0.85,0.55,0.85,0.85
165,,0.7,0.4,0.7,0.7,0.7,0.4,0.7,0.7
166,,0.55,0.25,0.55,0.55,0.55,0.25,0.55,0.55
167,,0.4,0.1,0.4,0.4,0.4,0.1,0.4,0.4
168,,0.25,-0.05,0.25,0.25,0.25,-0.05,0.25,0.25
169,2,0.571,0.95,0.571,0.5,0.429,0.1,0.429,0.5
170,2,0.892,1.0,0.892,0.75,0.608,0.25,0.608,0.75
171,,0.742,0.85,0.742,0.6,0.458,0.1,0.458,0.6
172,,0.592,0.7,0.592,0.45,0.308,-0.05,0.308,0.45
173,6,0.771,0.85,0.771,0.7,0.629,0.95,0.629,0.7
174,6,0.95,1.0,0.95,0.95,0.95,1.0,0.95,0.95
175,,0.8,0.85,0.8,0.8,0.8,0.85,0.8,0.8
176,,0.65,0.7,0.65,0.65,0.65,0.7,0.65,0.65
177,,0.5,0.55,0.5,0.5,0.5,0.55,0.5,0.5
178,,0.35,0.4,0.35,0.35,0.35,0.4,0.35,0.35
179,,0.2,0.25,0.2,0.2,0.2,0.25,0.2,0.2
180,,0.05,0.1,0.05,0.05,0.05,0.1,0.05,0.05
181,,-0.1,-0.05,-0.1,-0.1,-0.1,-0.05,-0.1,-0.1
182,7,0.15,0.129,0.05,0.079,0.15,0.271,0.9,0.221
183,7,0.4,0.308,0.2,0.258,0.4,0.592,1.0,0.542
184,,0.25,0.158,0.05,0.108,0.25,0.442,0.85,0.392
185,,0.1,0.008,-0.1,-0.042,0.1,0.292,0.7,0.242
186,3,0.35,0.329,0.9,0.279,0.35,0.471,0.85,0.421
187,3,0.6,0.65,1.0,0.6,0.6,0.65,1.0,0.6
188,,0.45,0.5,0.85,0.45,0.45,0.5,0.85,0.45
189,,0.3,0.35,0.7,0.3,0.3,0.35,0.7,0.3
190,,0.15,0.2,0.55,0.15,0.15,0.2,0.55,0.15
191,,0.0,0.05,0.4,0.0,0.0,0.05,0.4,0.0
192,,-0.15,-0.1,0.25,-0.15,-0.15,-0.1,0.25,-0.15
193,1,0.85,0.221,0.5,0.029,0.0,0.079,0.5,0.171
194,1,1.0,0.542,0.75,0.208,0.15,0.258,0.75,0.492
195,,0.85,0.392,0.6,0.058,0.0,0.108,0.6,0.342
196,,0.7,0.242,0.45,-0.092,-0.15,-0.042,0.45,0.192
197,5,0.85,0.421,0.7,0.229,0.85,0.279,0.7,0.371
198,5,1.0,0.6,0.95,0.55,1.0,0.6,0.95,0.55
199,,0.85,0.45,0.8,0.4,0.85,0.45,0.8,0.4
200,,0.7,0.3,0.65,0.25,0.7,0.3,0.65,0.25
201,,0.55,0.15,0.5,0.1,0.55,0.15,0.5,0.1
202,,0.4,0.0,0.35,-0.05,0.4,0.0,0.35,-0.05
203,8,0.721,0.25,0.529,0.1,0.579,0.25,0.671,0.95
204,8,1.0,0.5,0.708,0.25,0.758,0.5,0.992,1.0
205,,0.85,0.35,0.558,0.1,0.608,0.35,0.842,0.85
206,,0.7,0.2,0.408,-0.05,0.458,0.2,0.692,0.7
207,4,0.879,0.45,0.729,0.95,0.779,0.45,0.871,0.85
208,4,1.0,0.7,1.0,1.0,1.0,0.7,1.0,1.0
209,,0.85,0.55,0.85,0.85,0.85,0.55,0.85,0.85
210,,0.7,0.4,0.7,0.7,0.7,0.4,0.7,0.7
211,,0.55,0.25,0.55,0.55,0.55,0.25,0.55,0.55
212,,0.4,0.1,0.4,0.4,0.4,0.1,0.4,0.4
213,,0.25,-0.05,0.25,0.25,0.25,-0.05,0.25,0.25
214,2,0.571,0.95,0.571,0.5,0.429,0.1,0.429,0.5
215,2,0.892,1.0,0.892,0.75,0.608,0.25,0.608,0.75
216,,0.742,0.85,0.742,0.6,0.458,0.1,0.458,0.6
217,,0.592,0.7,0.592,0.45,0.308,-0.05,0.308,0.45
218,6,0.771,0.85,0.771,0.7,0.629,0.95,0.629,0.7
219,6,0.95,1.0,0.95,0.95,0.95,1.0,0.95,0.95
220,,0.8,0.85,0.8,0.8,0.8,0.85,0.8,0.8
221,,0.65,0.7,0.65,0.65,0.65,0.7,0.65,0.65
222,,0.5,0.55,0.5,0.5,0.5,0.55,0.5,0.5
223,,0.35,0.4,0.35,0.35,0.35,0.4,0.35,0.35
224,,0.2,0.25,0.2,0.2,0.2,0.25,0.2,0.2
225,,0.05,0.1,0.05,0.05,0.05,0.1,0.05,0.05
226,,-0.1,-0.05,-0.1,-0.1,-0.1,-0.05,-0.1,-0.1
227,1,0.9,0.271,0.15,0.079,0.05,0.129,0.15,0.221
228,1,1.0,0.592,0.4,0.258,0.2,0.308,0.4,0.542
229,,0.85,0.442,0.25,0.108,0.05,0.158,0.25,0.392
230,,0.7,0.292,0.1,-0.042,-0.1,0.008,0.1,0.242
231,5,0.85,0.471,0.35,0.279,0.9,0.329,0.35,0.421
232,5,1.0,0.65,0.6,0.6,1.0,0.65,0.6,0.6
233,,0.85,0.5,0.45,0.45,0.85,0.5,0.45,0.45
234,,0.7,0.35,0.3,0.3,0.7,0.35,0.3,0.3
235,,0.55,0.2,0.15,0.15,0.55,0.2,0.15,0.15
236,,0.4,0.05,0.0,0.0,0.4,0.05,0.0,0.0
237,,0.25,-0.1,-0.15,-0.15,0.25,-0.1,-0.15,-0.15
238,8,0.571,0.15,0.029,0.0,0.429,0.15,0.171,0.85
239,8,0.892,0.4,0.208,0.15,0.608,0.4,0.492,1.0
240,,0.742,0.25,0.058,0.0,0.458,0.25,0.342,0.85
241,,0.592,0.1,-0.092,-0.15,0.308,0.1,0.192,0.7
242,4,0.771,0.35,0.229,0.85,0.629,0.35,0.371,0.85
243,4,0.95,0.6,0.55,1.0,0.95,0.6,0.55,1.0
244,,0.8,0.45,0.4,0.85,0.8,0.45,0.4,0.85
245,,0.65,0.3,0.25,0.7,0.65,0.3,0.25,0.7
246,,0.5,0.15,0.1,0.55,0.5,0.15,0.1,0.55
247,,0.35,0.0,-0.05,0.4,0.35,0.0,-0.05,0.4
248,3,0.6,0.321,0.95,0.721,0.6,0.179,0.1,0.579
249,3,0.85,0.642,1.0,1.0,0.85,0.358,0.25,0.758
250,,0.7,0.492,0.85,0.85,0.7,0.208,0.1,0.608
251,,0.55,0.342,0.7,0.7,0.55,0.058,-0.05,0.458
252,7,0.8,0.521,0.85,0.879,0.8,0.379,0.95,0.779
253,7,1.0,0.7,1.0,1.0,1.0,0.7,1.0,1.0
254,,0.85,0.55,0.85,0.85,0.85,0.55,0.85,0.85
255,,0.7,0.4,0.7,0.7,0.7,0.4,0.7,0.7
256,,0.55,0.25,0.55,0.55,0.55,0.25,0.55,0.55
257,,0.4,0.1,0.4,0.4,0.4,0.1,0.4,0.4
258,,0.25,-0.05,0.25,0.25,0.25,-0.05,0.25,0.25
259,6,0.429,0.1,0.429,0.5,0.571,0.95,0.571,0.5
260,6,0.608,0.25,0.608,0.75,0.892,1.0,0.892,0.75
261,,0.458,0.1,0.458,0.6,0.742,0.85,0.742,0.6
262,,0.308,-0.05,0.308,0.45,0.592,0.7,0.592,0.45
263,2,0.629,0.95,0.629,0.7,0.771,0.85,0.771,0.7
264,2,0.95,1.0,0.95,0.95,0.95,1.0,0.95,0.95
265,,0.8,0.85,0.8,0.8,0.8,0.85,0.8,0.8
266,,0.65,0.7,0.65,0.65,0.65,0.7,0.65,0.65
267,,0.5,0.55,0.5,0.5,0.5,0.55,0.5,0.5
268,,0.35,0.4,0.35,0.35,0.35,0.4,0.35,0.35
269,,0.2,0.25,0.2,0.2,0.2,0.25,0.2,0.2
270,,0.05,0.1,0.05,0.05,0.05,0.1,0.05,0.05
271,,-0.1,-0.05,-0.1,-0.1,-0.1,-0.05,-0.1,-0.1
272,3,0.15,0.271,0.9,0.221,0.15,0.129,0.05,0.079
273,3,0.4,0.592,1.0,0.542,0.4,0.308,0.2,0.258
274,,0.25,0.442,0.85,0.392,0.25,0.158,0.05,0.108
275,,0.1,0.292,0.7,0.242,0.1,0.008,-0.1,-0.042
276,7,0.35,0.471,0.85,0.421,0.35,0.329,0.9,0.279
277,7,0.6,0.65,1.0,0.6,0.6,0.65,1.0,0.6
278,,0.45,0.5,0.85,0.45,0.45,0.5,0.85,0.45
279,,0.3,0.35,0.7,0.3,0.3,0.35,0.7,0.3
280,,0.15,0.2,0.55,0.15,0.15,0.2,0.55,0.15
281,,0.0,0.05,0.4,0.0,0.0,0.05,0.4,0.0
282,,-0.15,-0.1,0.25,-0.15,-0.15,-0.1,0.25,-0.15
283,1,0.85,0.221,0.5,0.029,0.0,0.079,0.5,0.171
284,1,1.0,0.542,0.75,0.208,0.15,0.258,0.75,0.492
285,,0.85,0.392,0.6,0.058,0.0,0.108,0.6,0.342
286,,0.7,0.242,0.45,-0.092,-0.15,-0.042,0.45,0.192
287,5,0.85,0.421,0.7,0.229,0.85,0.279,0.7,0.371
288,5,1.0,0.6,0.95,0.55,1.0,0.6,0.95,0.55
289,,0.85,0.45,0.8,0.4,0.85,0.45,0.8,0.4
290,,0.7,0.3,0.65,0.25,0.7,0.3,0.65,0.25
291,,0.55,0.15,0.5,0.1,0.55,0.15,0.5,0.1
292,,0.4,0.0,0.35,-0.05,0.4,0.0,0.35,-0.05
293,8,0.721,0.25,0.529,0.1,0.579,0.25,0.671,0.95
294,8,1.0,0.5,0.708,0.25,0.758,0.5,0.992,1.0
295,,0.85,0.35,0.558,0.1,0.608,0.35,0.842,0.85
296,,0.7,0.2,0.408,-0.05,0.458,0.2,0.692,0.7
297,4,0.879,0.45,0.729,0.95,0.779,0.45,0.871,0.85
298,4,1.0,0.7,1.0,1.0,1.0,0.7,1.0,1.0
299,,0.85,0.55,0.85,0.85,0.85,0.55,0.85,0.85
300,,0.7,0.4,0.7,0.7,0.7,0.4,0.7,0.7
301,,0.55,0.25,0.55,0.55,0.55,0.25,0.55,0.55
302,,0.4,0.1,0.4,0.4,0.4,0.1,0.4,0.4
303,,0.25,-0.05,0.25,0.25,0.25,-0.05,0.25,0.25
304,2,0.571,0.95,0.571,0.5,0.429,0.1,0.429,0.5
305,2,0.892,1.0,0.892,0.75,0.608,0.25,0.608,0.75
306,,0.742,0.85,0.742,0.6,0.458,0.1,0.458,0.6
307,,0.592,0.7,0.592,0.45,0.308,-0.05,0.308,0.45
308,6,0.771,0.85,0.771,0.7,0.629,0.95,0.629,0.7
309,6,0.95,1.0,0.95,0.95,0.95,1.0,0.95,0.95
310,,0.8,0.85,0.8,0.8,0.8,0.85,0.8,0.8
311,,0.65,0.7,0.65,0.65,0.65,0.7,0.65,0.65
312,,0.5,0.55,0.5,0.5,0.5,0.55,0.5,0.5
313,,0.35,0.4,0.35,0.35,0.35,0.4,0.35,0.35
314,,0.2,0.25,0.2,0.2,0.2,0.25,0.2,0.2
315,,0.05,0.1,0.05,0.05,0.05,0.1,0.05,0.05
316,,-0.1,-0.05,-0.1,-0.1,-0.1,-0.05,-0.1,-0.1
317,8,0.221,0.2,0.079,0.05,0.079,0.2,0.221,0.9
318,8,0.542,0.45,0.258,0.2,0.258,0.45,0.542,1.0
319,,0.392,0.3,0.108,0.05,0.108,0.3,0.392,0.85
320,,0.242,0.15,-0.042,-0.1,-0.042,0.15,0.242,0.7
321,4,0.421,0.4,0.279,0.9,0.279,0.4,0.421,0.85
322,4,0.6,0.65,0.6,1.0,0.6,0.65,0.6,1.0
323,,0.45,0.5,0.45,0.85,0.45,0.5,0.45,0.85
324,,0.3,0.35,0.3,0.7,0.3,0.35,0.3,0.7
325,,0.15,0.2,0.15,0.55,0.15,0.2,0.15,0.55
326,,0.0,0.05,0.0,0.4,0.0,0.05,0.0,0.4
327,,-0.15,-0.1,-0.15,0.25,-0.15,-0.1,-0.15,0.25
328,3,0.1,0.221,0.85,0.571,0.1,0.079,0.0,0.429
329,3,0.35,0.542,1.0,0.892,0.35,0.258,0.15,0.608
330,,0.2,0.392,0.85,0.742,0.2,0.108,0.0,0.458
331,,0.05,0.242,0.7,0.592,0.05,-0.042,-0.15,0.308
332,7,0.3,0.421,0.85,0.771,0.3,0.279,0.85,0.629
333,7,0.55,0.6,1.0,0.95,0.55,0.6,1.0,0.95
334,,0.4,0.45,0.85,0.8,0.4,0.45,0.85,0.8
335,,0.25,0.3,0.7,0.65,0.25,0.3,0.7,0.65
336,,0.1,0.15,0.55,0.5,0.1,0.15,0.55,0.5
337,,-0.05,0.0,0.4,0.35,-0.05,0.0,0.4,0.35
338,1,0.95,0.321,0.65,0.529,0.1,0.179,0.65,0.671
339,1,1.0,0.642,0.9,0.708,0.25,0.358,0.9,0.992
340,,0.85,0.492,0.75,0.558,0.1,0.208,0.75,0.842
341,,0.7,0.342,0.6,0.408,-0.05,0.058,0.6,0.692
342,5,0.85,0.521,0.85,0.729,0.95,0.379,0.85,0.871
343,5,1.0,0.7,1.0,1.0,1.0,0.7,1.0,1.0
344,,0.85,0.55,0.85,0.85,0.85,0.55,0.85,0.85
345,,0.7,0.4,0.7,0.7,0.7,0.4,0.7,0.7
346,,0.55,0.25,0.55,0.55,0.55,0.25,0.55,0.55
347,,0.4,0.1,0.4,0.4,0.4,0.1,0.4,0.4
348,,0.25,-0.05,0.25,0.25,0.25,-0.05,0.25,0.25
349,6,0.429,0.1,0.429,0.5,0.571,0.95,0.571,0.5
350,6,0.608,0.25,0.608,0.75,0.892,1.0,0.892,0.75
351,,0.458,0.1,0.458,0.6,0.742,0.85,0.742,0.6
352,,0.308,-0.05,0.308,0.45,0.592,0.7,0.592,0.45
353,2,0.629,0.95,0.629,0.7,0.771,0.85,0.771,0.7
354,2,0.95,1.0,0.95,0.95,0.95,1.0,0.95,0.95
355,,0.8,0.85,0.8,0.8,0.8,0.85,0.8,0.8
356,,0.65,0.7,0.65,0.65,0.65,0.7,0.65,0.65
357,,0.5,0.55,0.5,0.5,0.5,0.55,0.5,0.5
358,,0.35,0.4,0.35,0.35,0.35,0.4,0.35,0.35
359,,0.2,0.25,0.2,0.2,0.2,0.25,0.2,0.2
360,,0.05,0.1,0.05,0.05,0.05,0.1,0.05,0.05
361,,-0.1,-0.05,-0.1,-0.1,-0.1,-0.05,-0.1,-0.1
362,8,0.221,0.2,0.079,0.05,0.079,0.2,0.221,0.9
363,8,0.542,0.45,0.258,0.2,0.258,0.45,0.542,1.0
364,,0.392,0.3,0.108,0.05,0.108,0.3,0.392,0.85
365,,0.242,0.15,-0.042,-0.1,-0.042,0.15,0.242,0.7
366,4,0.421,0.4,0.279,0.9,0.279,0.4,0.421,0.85
367,4,0.6,0.65,0.6,1.0,0.6,0.65,0.6,1.0
368,,0.45,0.5,0.45,0.85,0.45,0.5,0.45,0.85
369,,0.3,0.35,0.3,0.7,0.3,0.35,0.3,0.7
370,,0.15,0.2,0.15,0.55,0.15,0.2,0.15,0.55
371,,0.0,0.05,0.0,0.4,0.0,0.05,0.0,0.4
372,,-0.15,-0.1,-0.15,0.25,-0.15,-0.1,-0.15,0.25
373,7,0.1,0.079,0.0,0.429,0.1,0.221,0.85,0.571
374,7,0.35,0.258,0.15,0.608,0.35,0.542,1.0,0.892
375,,0.2,0.108,0.0,0.458,0.2,0.392,0.85,0.742
376,,0.05,-0.042,-0.15,0.308,0.05,0.242,0.7,0.592
377,3,0.3,0.279,0.85,0.629,0.3,0.421,0.85,0.771
378,3,0.55,0.6,1.0,0.95,0.55,0.6,1.0,0.95
379,,0.4,0.45,0.85,0.8,0.4,0.45,0.85,0.8
380,,0.25,0.3,0.7,0.65,0.25,0.3,0.7,0.65
381,,0.1,0.15,0.55,0.5,0.1,0.15,0.55,0.5
382,,-0.05,0.0,0.4,0.35,-0.05,0.0,0.4,0.35
383,5,0.1,0.179,0.65,0.671,0.95,0.321,0.65,0.529
384,5,0.25,0.358,0.9,0.992,1.0,0.642,0.9,0.708
385,,0.1,0.208,0.75,0.842,0.85,0.492,0.75,0.558
386,,-0.05,0.058,0.6,0.692,0.7,0.342,0.6,0.408
387,1,0.95,0.379,0.85,0.871,0.85,0.521,0.85,0.729
388,1,1.0,0.7,1.0,1.0,1.0,0.7,1.0,1.0
389,,0.85,0.55,0.85,0.85,0.85,0.55,0.85,0.85
390,,0.7,0.4,0.7,0.7,0.7,0.4,0.7,0.7
391,,0.55,0.25,0.55,0.55,0.55,0.25,0.55,0.55
392,,0.4,0.1,0.4,0.4,0.4,0.1,0.4,0.4
393,,0.25,-0.05,0.25,0.25,0.25,-0.05,0.25,0.25
394,6,0.429,0.1,0.429,0.5,0.571,0.95,0.571,0.5
395,6,0.608,0.25,0.608,0.75,0.892,1.0,0.892,0.75
396,,0.458,0.1,0.458,0.6,0.742,0.85,0.742,0.6
397,,0.308,-0.05,0.308,0.45,0.592,0.7,0.592,0.45
398,2,0.629,0.95,0.629,0.7,0.771,0.85,0.771,0.7
399,2,0.95,1.0,0.95,0.95,0.95,1.0,0.95,0.95
400,,0.8,0.85,0.8,0.8,0.8,0.85,0.8,0.8
401,,0.65,0.7,0.65,0.65,0.65,0.7,0.65,0.65
402,,0.5,0.55,0.5,0.5,0.5,0.55,0.5,0.5
403,,0.35,0.4,0.35,0.35,0.35,0.4,0.35,0.35
404,,0.2,0.25,0.2,0.2,0.2,0.25,0.2,0.2
405,,0.05,0.1,0.05,0.05,0.05,0.1,0.05,0.05
406,,-0.1,-0.05,-0.1,-0.1,-0.1,-0.05,-0.1,-0.1
407,8,0.221,0.2,0.079,0.05,0.079,0.2,0.221,0.9
408,8,0.542,0.45,0.258,0.2,0.258,0.45,0.542,1.0
409,,0.392,0.3,0.108,0.05,0.108,0.3,0.392,0.85
410,,0.242,0.15,-0.042,-0.1,-0.042,0.15,0.242,0.7
411,4,0.421,0.4,0.279,0.9,0.279,0.4,0.421,0.85
412,4,0.6,0.65,0.6,1.0,0.6,0.65,0.6,1.0
413,,0.45,0.5,0.45,0.85,0.45,0.5,0.45,0.85
414,,0.3,0.35,0.3,0.7,0.3,0.35,0.3,0.7
415,,0.15,0.2,0.15,0.55,0.15,0.2,0.15,0.55
416,,0.0,0.05,0.0,0.4,0.0,0.05,0.0,0.4
417,,-0.15,-0.1,-0.15,0.25,-0.15,-0.1,-0.15,0.25
418,5,0.0,0.079,0.1,0.571,0.85,0.221,0.1,0.429
419,5,0.15,0.258,0.35,0.892,1.0,0.542,0.35,0.608
420,,0.0,0.108,0.2,0.742,0.85,0.392,0.2,0.458
421,,-0.15,-0.042,0.05,0.592,0.7,0.242,0.05,0.308
422,1,0.85,0.279,0.3,0.771,0.85,0.421,0.3,0.629
423,1,1.0,0.6,0.55,0.95,1.0,0.6,0.55,0.95
424,,0.85,0.45,0.4,0.8,0.85,0.45,0.4,0.8
425,,0.7,0.3,0.25,0.65,0.7,0.3,0.25,0.65
426,,0.55,0.15,0.1,0.5,0.55,0.15,0.1,0.5
427,,0.4,0.0,-0.05,0.35,0.4,0.0,-0.05,0.35
428,7,0.65,0.179,0.1,0.529,0.65,0.321,0.95,0.671
429,7,0.9,0.358,0.25,0.708,0.9,0.642,1.0,0.992
430,,0.75,0.208,0.1,0.558,0.75,0.492,0.85,0.842
431,,0.6,0.058,-0.05,0.408,0.6,0.342,0.7,0.692
432,3,0.85,0.379,0.95,0.729,0.85,0.521,0.85,0.871
433,3,1.0,0.7,1.0,1.0,1.0,0.7,1.0,1.0
434,,0.85,0.55,0.85,0.85,0.85,0.55,0.85,0.85
435,,0.7,0.4,0.7,0.7,0.7,0.4,0.7,0.7
436,,0.55,0.25,0.55,0.55,0.55,0.25,0.55,0.55
437,,0.4,0.1,0.4,0.4,0.4,0.1,0.4,0.4
438,,0.25,-0.05,0.25,0.25,0.25,-0.05,0.25,0.25
439,2,0.571,0.95,0.571,0.5,0.429,0.1,0.429,0.5
440,2,0.892,1.0,0.892,0.75,0.608,0.25,0.608,0.75
441,,0.742,0.85,0.742,0.6,0.458,0.1,0.458,0.6
442,,0.592,0.7,0.592,0.45,0.308,-0.05,0.308,0.45
443,6,0.771,0.85,0.771,0.7,0.629,0.95,0.629,0.7
444,6,0.95,1.0,0.95,0.95,0.95,1.0,0.95,0.95
445,,0.8,0.85,0.8,0.8,0.8,0.85,0.8,0.8
446,,0.65,0.7,0.65,0.65,0.65,0.7,0.65,0.65
447,,0.5,0.55,0.5,0.5,0.5,0.55,0.5,0.5
448,,0.35,0.4,0.35,0.35,0.35,0.4,0.35,0.35
449,,0.2,0.25,0.2,0.2,0.2,0.25,0.2,0.2
450,,0.05,0.1,0.05,0.05,0.05,0.1,0.05,0.05
451,,-0.1,-0.05,-0.1,-0.1,-0.1,-0.05,-0.1,-0.1
452,4,0.079,0.2,0.221,0.9,0.221,0.2,0.079,0.05
453,4,0.258,0.45,0.542,1.0,0.542,0.45,0.258,0.2
454,,0.108,0.3,0.392,0.85,0.392,0.3,0.108,0.05
455,,-0.042,0.15,0.242,0.7,0.242,0.15,-0.042,-0.1
456,8,0.279,0.4,0.421,0.85,0.421,0.4,0.279,0.9
457,8,0.6,0.65,0.6,1.0,0.6,0.65,0.6,1.0
458,,0.45,0.5,0.45,0.85,0.45,0.5,0.45,0.85
459,,0.3,0.35,0.3,0.7,0.3,0.35,0.3,0.7
460,,0.15,0.2,0.15,0.55,0.15,0.2,0.15,0.55
461,,0.0,0.05,0.0,0.4,0.0,0.05,0.0,0.4
462,,-0.15,-0.1,-0.15,0.25,-0.15,-0.1,-0.15,0.25
463,3,0.1,0.221,0.85,0.571,0.1,0.079,0.0,0.429
464,3,0.35,0.542,1.0,0.892,0.35,0.258,0.15,0.608
465,,0.2,0.392,0.85,0.742,0.2,0.108,0.0,0.458
466,,0.05,0.242,0.7,0.592,0.05,-0.042,-0.15,0.308
467,7,0.3,0.421,0.85,0.771,0.3,0.279,0.85,0.629
468,7,0.55,0.6,1.0,0.95,0.55,0.6,1.0,0.95
469,,0.4,0.45,0.85,0.8,0.4,0.45,0.85,0.8
470,,0.25,0.3,0.7,0.65,0.25,0.3,0.7,0.65
471,,0.1,0.15,0.55,0.5,0.1,0.15,0.55,0.5
472,,-0.05,0.0,0.4,0.35,-0.05,0.0,0.4,0.35
473,5,0.1,0.179,0.65,0.671,0.95,0.321,0.65,0.529
474,5,0.25,0.358,0.9,0.992,1.0,0.642,0.9,0.708
475,,0.1,0.208,0.75,0.842,0.85,0.492,0.75,0.558
476,,-0.05,0.058,0.6,0.692,0.7,0.342,0.6,0.408
477,1,0.95,0.379,0.85,0.871,0.85,0.521,0.85,0.729
478,1,1.0,0.7,1.0,1.0,1.0,0.7,1.0,1.0
479,,0.85,0.55,0.85,0.85,0.85,0.55,0.85,0.85
480,,0.7,0.4,0.7,0.7,0.7,0.4,0.7,0.7
481,,0.55,0.25,0.55,0.55,0.55,0.25,0.55,0.55
482,,0.4,0.1,0.4,0.4,0.4,0.1,0.4,0.4
483,,0.25,-0.05,0.25,0.25,0.25,-0.05,0.25,0.25
484,6,0.429,0.1,0.429,0.5,0.571,0.95,0.571,0.5
485,6,0.608,0.25,0.608,0.75,0.892,1.0,0.892,0.75
486,,0.458,0.1,0.458,0.6,0.742,0.85,0.742,0.6
487,,0.308,-0.05,0.308,0.45,0.592,0.7,0.592,0.45
488,2,0.629,0.95,0.629,0.7,0.771,0.85,0.771,0.7
489,2,0.95,1.0,0.95,0.95,0.95,1.0,0.95,0.95
490,,0.8,0.85,0.8,0.8,0.8,0.85,0.8,0.8
491,,0.65,0.7,0.65,0.65,0.65,0.7,0.65,0.65
492,,0.5,0.55,0.5,0.5,0.5,0.55,0.5,0.5
493,,0.35,0.4,0.35,0.35,0.35,0.4,0.35,0.35
494,,0.2,0.25,0.2,0.2,0.2,0.25,0.2,0.2
495,,0.05,0.1,0.05,0.05,0.05,0.1,0.05,0.05
496,,-0.1,-0.05,-0.1,-0.1,-0.1,-0.05,-0.1,-0.1
497,1,0.9,0.271,0.15,0.079,0.05,0.129,0.15,0.221
498,1,1.0,0.592,0.4,0.258,0.2,0.308,0.4,0.542
499,,0.85,0.442,0.25,0.108,0.05,0.158,0.25,0.392
