step,active_motive,motive_1,motive_2,motive_3,motive_4,motive_5,motive_6,motive_7,motive_8
0,,0.02715,0.09653,0.04573,0.0842,0.01944,0.04114,0.06995,0.01384
1,,-0.12285,-0.05347,-0.10427,-0.0658,-0.13056,-0.10886,-0.08005,-0.13616
2,8,0.19815,0.19653,0.07473,0.0842,0.04844,0.14114,0.24095,0.86384
3,8,0.51915,0.44653,0.25373,0.2342,0.22744,0.39114,0.56195,1.0
4,,0.36915,0.29653,0.10373,0.0842,0.07744,0.24114,0.41195,0.85
5,,0.21915,0.14653,-0.04627,-0.0658,-0.07256,0.09114,0.26195,0.7
6,5,0.36915,0.32553,0.20373,0.2552,0.92744,0.41214,0.51195,0.879
7,5,0.51915,0.50453,0.45373,0.5762,1.0,0.73314,0.76195,1.0
8,,0.36915,0.35453,0.30373,0.4262,0.85,0.58314,0.61195,0.85
9,,0.21915,0.20453,0.15373,0.2762,0.7,0.43314,0.46195,0.7
10,,0.06915,0.05453,0.00373,0.1262,0.55,0.28314,0.31195,0.55
11,,-0.08085,-0.09547,-0.14627,-0.0238,0.4,0.13314,0.16195,0.4
12,3,0.16915,0.22553,0.85373,0.2972,0.65,0.31214,0.31195,0.579
13,3,0.41915,0.54653,1.0,0.6182,0.9,0.49114,0.46195,0.758
14,,0.26915,0.39653,0.85,0.4682,0.75,0.34114,0.31195,0.608
15,,0.11915,0.24653,0.7,0.3182,0.6,0.19114,0.16195,0.458
16,,-0.03085,0.09653,0.55,0.1682,0.45,0.04114,0.01195,0.308
17,1,0.96915,0.41753,0.8,0.3472,0.6,0.22014,0.26195,0.629
18,1,1.0,0.73853,1.0,0.5262,0.75,0.39914,0.51195,0.95
19,,0.85,0.58853,0.85,0.3762,0.6,0.24914,0.36195,0.8
20,,0.7,0.43853,0.7,0.2262,0.45,0.09914,0.21195,0.65
21,,0.55,0.28853,0.55,0.0762,0.3,-0.05086,0.06195,0.5
22,6,0.729,0.43853,0.729,0.3262,0.621,0.94914,0.38295,0.75
23,6,0.908,0.58853,0.908,0.5762,0.942,1.0,0.70395,1.0
24,,0.758,0.43853,0.758,0.4262,0.792,0.85,0.55395,0.85
25,,0.608,0.28853,0.608,0.2762,0.642,0.7,0.40395,0.7
26,,0.458,0.13853,0.458,0.1262,0.492,0.55,0.25395,0.55
27,,0.308,-0.01147,0.308,-0.0238,0.342,0.4,0.10395,0.4
28,4,0.487,0.23853,0.629,0.9762,0.663,0.65,0.28295,0.55
29,4,0.666,0.48853,0.95,1.0,0.984,0.9,0.46195,0.7
30,,0.516,0.33853,0.8,0.85,0.834,0.75,0.31195,0.55
31,,0.366,0.18853,0.65,0.7,0.684,0.6,0.16195,0.4
32,,0.216,0.03853,0.5,0.55,0.534,0.45,0.01195,0.25
33,,0.066,-0.11147,0.35,0.4,0.384,0.3,-0.13805,0.1
34,7,0.316,0.06753,0.5,0.579,0.634,0.621,0.86195,0.421
35,7,0.566,0.24653,0.65,0.758,0.884,0.942,1.0,0.742
36,,0.416,0.09653,0.5,0.608,0.734,0.792,0.85,0.592
37,,0.266,-0.05347,0.35,0.458,0.584,0.642,0.7,0.442
38,2,0.587,0.94653,0.671,0.708,0.763,0.792,0.879,0.692
39,2,0.908,1.0,0.992,0.958,0.942,0.942,1.0,0.942
40,,0.758,0.85,0.842,0.808,0.792,0.792,0.85,0.792
41,,0.608,0.7,0.692,0.658,0.642,0.642,0.7,0.642
42,,0.458,0.55,0.542,0.508,0.492,0.492,0.55,0.492
43,,0.308,0.4,0.392,0.358,0.342,0.342,0.4,0.342
44,,0.158,0.25,0.242,0.208,0.192,0.192,0.25,0.192
45,,0.008,0.1,0.092,0.058,0.042,0.042,0.1,0.042
46,,-0.142,-0.05,-0.058,-0.092,-0.108,-0.108,-0.05,-0.108
47,1,0.858,0.271,0.192,0.087,0.042,0.071,0.2,0.213
48,1,1.0,0.592,0.442,0.266,0.192,0.25,0.45,0.534
49,,0.85,0.442,0.292,0.116,0.042,0.1,0.3,0.384
50,,0.7,0.292,0.142,-0.034,-0.108,-0.05,0.15,0.234
51,5,0.85,0.471,0.392,0.287,0.892,0.271,0.4,0.413
52,5,1.0,0.65,0.642,0.608,1.0,0.592,0.65,0.592
53,,0.85,0.5,0.492,0.458,0.85,0.442,0.5,0.442
54,,0.7,0.35,0.342,0.308,0.7,0.292,0.35,0.292
55,,0.55,0.2,0.192,0.158,0.55,0.142,0.2,0.142
56,,0.4,0.05,0.042,0.008,0.4,-0.008,0.05,-0.008
57,8,0.721,0.3,0.221,0.158,0.579,0.242,0.371,0.992
58,8,1.0,0.55,0.4,0.308,0.758,0.492,0.692,1.0
59,,0.85,0.4,0.25,0.158,0.608,0.342,0.542,0.85
60,,0.7,0.25,0.1,0.008,0.458,0.192,0.392,0.7
61,,0.55,0.1,-0.05,-0.142,0.308,0.042,0.242,0.55
62,4,0.729,0.35,0.271,0.858,0.629,0.292,0.421,0.7
63,4,0.908,0.6,0.592,1.0,0.95,0.542,0.6,0.85
64,,0.758,0.45,0.442,0.85,0.8,0.392,0.45,0.7
65,,0.608,0.3,0.292,0.7,0.65,0.242,0.3,0.55
66,,0.458,0.15,0.142,0.55,0.5,0.092,0.15,0.4
67,,0.308,0.0,-0.008,0.4,0.35,-0.058,0.0,0.25
68,6,0.487,0.15,0.171,0.65,0.671,0.942,0.321,0.5
69,6,0.666,0.3,0.35,0.9,0.992,1.0,0.642,0.75
70,,0.516,0.15,0.2,0.75,0.842,0.85,0.492,0.6
71,,0.366,0.0,0.05,0.6,0.692,0.7,0.342,0.45
72,,0.216,-0.15,-0.1,0.45,0.542,0.55,0.192,0.3
73,2,0.537,0.85,0.221,0.7,0.721,0.7,0.371,0.55
74,2,0.858,1.0,0.542,0.95,0.9,0.85,0.55,0.8
75,,0.708,0.85,0.392,0.8,0.75,0.7,0.4,0.65
76,,0.558,0.7,0.242,0.65,0.6,0.55,0.25,0.5
77,,0.408,0.55,0.092,0.5,0.45,0.4,0.1,0.35
78,,0.258,0.4,-0.058,0.35,0.3,0.25,-0.05,0.2
79,3,0.508,0.721,0.942,0.671,0.55,0.429,0.1,0.379
80,3,0.758,1.0,1.0,0.992,0.8,0.608,0.25,0.558
81,,0.608,0.85,0.85,0.842,0.65,0.458,0.1,0.408
82,,0.458,0.7,0.7,0.692,0.5,0.308,-0.05,0.258
83,7,0.708,0.879,0.85,0.871,0.75,0.629,0.95,0.579
84,7,0.958,1.0,1.0,1.0,1.0,0.95,1.0,0.9
85,,0.808,0.85,0.85,0.85,0.85,0.8,0.85,0.75
86,,0.658,0.7,0.7,0.7,0.7,0.65,0.7,0.6
87,,0.508,0.55,0.55,0.55,0.55,0.5,0.55,0.45
88,,0.358,0.4,0.4,0.4,0.4,0.35,0.4,0.3
89,,0.208,0.25,0.25,0.25,0.25,0.2,0.25,0.15
90,,0.058,0.1,0.1,0.1,0.1,0.05,0.1,0.0
91,,-0.092,-0.05,-0.05,-0.05,-0.05,-0.1,-0.05,-0.15
92,8,0.229,0.2,0.129,0.1,0.129,0.15,0.271,0.85
93,8,0.55,0.45,0.308,0.25,0.308,0.4,0.592,1.0
94,,0.4,0.3,0.158,0.1,0.158,0.25,0.442,0.85
95,,0.25,0.15,0.008,-0.05,0.008,0.1,0.292,0.7
96,4,0.429,0.4,0.329,0.95,0.329,0.35,0.471,0.85
97,4,0.608,0.65,0.65,1.0,0.65,0.6,0.65,1.0
98,,0.458,0.5,0.5,0.85,0.5,0.45,0.5,0.85
99,,0.308,0.35,0.35,0.7,0.35,0.3,0.35,0.7
100,,0.158,0.2,0.2,0.55,0.2,0.15,0.2,0.55
101,,0.008,0.05,0.05,0.4,0.05,0.0,0.05,0.4
102,,-0.142,-0.1,-0.1,0.25,-0.1,-0.15,-0.1,0.25
103,6,0.037,0.05,0.079,0.5,0.221,0.85,0.221,0.5
104,6,0.216,0.2,0.258,0.75,0.542,1.0,0.542,0.75
105,,0.066,0.05,0.108,0.6,0.392,0.85,0.392,0.6
106,,-0.084,-0.1,-0.042,0.45,0.242,0.7,0.242,0.45
107,2,0.237,0.9,0.279,0.7,0.421,0.85,0.421,0.7
108,2,0.558,1.0,0.6,0.95,0.6,1.0,0.6,0.95
109,,0.408,0.85,0.45,0.8,0.45,0.85,0.45,0.8
110,,0.258,0.7,0.3,0.65,0.3,0.7,0.3,0.65
111,,0.108,0.55,0.15,0.5,0.15,0.55,0.15,0.5
112,,-0.042,0.4,0.0,0.35,0.0,0.4,0.0,0.35
113,1,0.958,0.721,0.25,0.529,0.15,0.579,0.25,0.671
114,1,1.0,1.0,0.5,0.708,0.3,0.758,0.5,0.992
115,,0.85,0.85,0.35,0.558,0.15,0.608,0.35,0.842
116,,0.7,0.7,0.2,0.408,0.0,0.458,0.2,0.692
117,,0.55,0.55,0.05,0.258,-0.15,0.308,0.05,0.542
118,5,0.7,0.729,0.3,0.579,0.85,0.629,0.3,0.721
119,5,0.85,0.908,0.55,0.9,1.0,0.95,0.55,0.9
120,,0.7,0.758,0.4,0.75,0.85,0.8,0.4,0.75
121,,0.55,0.608,0.25,0.6,0.7,0.65,0.25,0.6
122,,0.4,0.458,0.1,0.45,0.55,0.5,0.1,0.45
123,,0.25,0.308,-0.05,0.3,0.4,0.35,-0.05,0.3
124,3,0.5,0.629,0.95,0.621,0.65,0.529,0.1,0.479
125,3,0.75,0.95,1.0,0.942,0.9,0.708,0.25,0.658
126,,0.6,0.8,0.85,0.792,0.75,0.558,0.1,0.508
127,,0.45,0.65,0.7,0.642,0.6,0.408,-0.05,0.358
128,7,0.7,0.829,0.85,0.821,0.85,0.729,0.95,0.679
129,7,0.95,1.0,1.0,1.0,1.0,1.0,1.0,1.0
130,,0.8,0.85,0.85,0.85,0.85,0.85,0.85,0.85
131,,0.65,0.7,0.7,0.7,0.7,0.7,0.7,0.7
132,,0.5,0.55,0.55,0.55,0.55,0.55,0.55,0.55
133,,0.35,0.4,0.4,0.4,0.4,0.4,0.4,0.4
134,,0.2,0.25,0.25,0.25,0.25,0.25,0.25,0.25
135,,0.05,0.1,0.1,0.1,0.1,0.1,0.1,0.1
136,,-0.1,-0.05,-0.05,-0.05,-0.05,-0.05,-0.05,-0.05
137,1,0.9,0.271,0.2,0.129,0.1,0.129,0.2,0.271
138,1,1.0,0.592,0.45,0.308,0.25,0.308,0.45,0.592
139,,0.85,0.442,0.3,0.158,0.1,0.158,0.3,0.442
140,,0.7,0.292,0.15,0.008,-0.05,0.008,0.15,0.292
141,5,0.85,0.471,0.4,0.329,0.95,0.329,0.4,0.471
142,5,1.0,0.65,0.65,0.65,1.0,0.65,0.65,0.65
143,,0.85,0.5,0.5,0.5,0.85,0.5,0.5,0.5
144,,0.7,0.35,0.35,0.35,0.7,0.35,0.35,0.35
145,,0.55,0.2,0.2,0.2,0.55,0.2,0.2,0.2
146,,0.4,0.05,0.05,0.05,0.4,0.05,0.05,0.05
147,,0.25,-0.1,-0.1,-0.1,0.25,-0.1,-0.1,-0.1
148,3,0.5,0.221,0.9,0.221,0.5,0.079,0.05,0.079
149,3,0.75,0.542,1.0,0.542,0.75,0.258,0.2,0.258
150,,0.6,0.392,0.85,0.392,0.6,0.108,0.05,0.108
151,,0.45,0.242,0.7,0.242,0.45,-0.042,-0.1,-0.042
152,7,0.7,0.421,0.85,0.421,0.7,0.279,0.9,0.279
153,7,0.95,0.6,1.0,0.6,0.95,0.6,1.0,0.6
154,,0.8,0.45,0.85,0.45,0.8,0.45,0.85,0.45
155,,0.65,0.3,0.7,0.3,0.65,0.3,0.7,0.3
156,,0.5,0.15,0.55,0.15,0.5,0.15,0.55,0.15
157,,0.35,0.0,0.4,0.0,0.35,0.0,0.4,0.0
158,,0.2,-0.15,0.25,-0.15,0.2,-0.15,0.25,-0.15
159,8,0.521,0.1,0.429,0.0,0.379,0.1,0.571,0.85
160,8,0.842,0.35,0.608,0.15,0.558,0.35,0.892,1.0
161,,0.692,0.2,0.458,0.0,0.408,0.2,0.742,0.85
162,,0.542,0.05,0.308,-0.15,0.258,0.05,0.592,0.7
163,4,0.721,0.3,0.629,0.85,0.579,0.3,0.771,0.85
164,4,0.9,0.55,0.95,1.0,0.9,0.55,0.95,1.0
165,,0.75,0.4,0.8,0.85,0.75,0.4,0.8,0.85
166,,0.6,0.25,0.65,0.7,0.6,0.25,0.65,0.7
167,,0.45,0.1,0.5,0.55,0.45,0.1,0.5,0.55
168,,0.3,-0.05,0.35,0.4,0.3,-0.05,0.35,0.4
169,6,0.479,0.1,0.529,0.65,0.621,0.95,0.671,0.65
170,6,0.658,0.25,0.708,0.9,0.942,1.0,0.992,0.9
171,,0.508,0.1,0.558,0.75,0.792,0.85,0.842,0.75
172,,0.358,-0.05,0.408,0.6,0.642,0.7,0.692,0.6
173,2,0.679,0.95,0.729,0.85,0.821,0.85,0.871,0.85
174,2,1.0,1.0,1.0,1.0,1.0,1.0,1.0,1.0
175,,0.85,0.85,0.85,0.85,0.85,0.85,0.85,0.85
176,,0.7,0.7,0.7,0.7,0.7,0.7,0.7,0.7
177,,0.55,0.55,0.55,0.55,0.55,0.55,0.55,0.55
178,,0.4,0.4,0.4,0.4,0.4,0.4,0.4,0.4
179,,0.25,0.25,0.25,0.25,0.25,0.25,0.25,0.25
180,,0.1,0.1,0.1,0.1,0.1,0.1,0.1,0.1
181,,-0.05,-0.05,-0.05,-0.05,-0.05,-0.05,-0.05,-0.05
182,6,0.129,0.1,0.129,0.2,0.271,0.95,0.271,0.2
183,6,0.308,0.25,0.308,0.45,0.592,1.0,0.592,0.45
184,,0.158,0.1,0.158,0.3,0.442,0.85,0.442,0.3
185,,0.008,-0.05,0.008,0.15,0.292,0.7,0.292,0.15
186,2,0.329,0.95,0.329,0.4,0.471,0.85,0.471,0.4
187,2,0.65,1.0,0.65,0.65,0.65,1.0,0.65,0.65
188,,0.5,0.85,0.5,0.5,0.5,0.85,0.5,0.5
189,,0.35,0.7,0.35,0.35,0.35,0.7,0.35,0.35
190,,0.2,0.55,0.2,0.2,0.2,0.55,0.2,0.2
191,,0.05,0.4,0.05,0.05,0.05,0.4,0.05,0.05
192,,-0.1,0.25,-0.1,-0.1,-0.1,0.25,-0.1,-0.1
193,4,0.079,0.5,0.221,0.9,0.221,0.5,0.079,0.05
194,4,0.258,0.75,0.542,1.0,0.542,0.75,0.258,0.2
195,,0.108,0.6,0.392,0.85,0.392,0.6,0.108,0.05
196,,-0.042,0.45,0.242,0.7,0.242,0.45,-0.042,-0.1
197,8,0.279,0.7,0.421,0.85,0.421,0.7,0.279,0.9
198,8,0.6,0.95,0.6,1.0,0.6,0.95,0.6,1.0
199,,0.45,0.8,0.45,0.85,0.45,0.8,0.45,0.85
200,,0.3,0.65,0.3,0.7,0.3,0.65,0.3,0.7
201,,0.15,0.5,0.15,0.55,0.15,0.5,0.15,0.55
202,,0.0,0.35,0.0,0.4,0.0,0.35,0.0,0.4
203,,-0.15,0.2,-0.15,0.25,-0.15,0.2,-0.15,0.25
204,1,0.85,0.521,0.1,0.429,0.0,0.379,0.1,0.571
205,1,1.0,0.842,0.35,0.608,0.15,0.558,0.35,0.892
206,,0.85,0.692,0.2,0.458,0.0,0.408,0.2,0.742
207,,0.7,0.542,0.05,0.308,-0.15,0.258,0.05,0.592
208,5,0.85,0.721,0.3,0.629,0.85,0.579,0.3,0.771
209,5,1.0,0.9,0.55,0.95,1.0,0.9,0.55,0.95
210,,0.85,0.75,0.4,0.8,0.85,0.75,0.4,0.8
211,,0.7,0.6,0.25,0.65,0.7,0.6,0.25,0.65
212,,0.55,0.45,0.1,0.5,0.55,0.45,0.1,0.5
213,,0.4,0.3,-0.05,0.35,0.4,0.3,-0.05,0.35
214,7,0.65,0.479,0.1,0.529,0.65,0.621,0.95,0.671
215,7,0.9,0.658,0.25,0.708,0.9,0.942,1.0,0.992
216,,0.75,0.508,0.1,0.558,0.75,0.792,0.85,0.842
217,,0.6,0.358,-0.05,0.408,0.6,0.642,0.7,0.692
218,3,0.85,0.679,0.95,0.729,0.85,0.821,0.85,0.871
219,3,1.0,1.0,1.0,1.0,1.0,1.0,1.0,1.0
220,,0.85,0.85,0.85,0.85,0.85,0.85,0.85,0.85
221,,0.7,0.7,0.7,0.7,0.7,0.7,0.7,0.7
222,,0.55,0.55,0.55,0.55,0.55,0.55,0.55,0.55
223,,0.4,0.4,0.4,0.4,0.4,0.4,0.4,0.4
224,,0.25,0.25,0.25,0.25,0.25,0.25,0.25,0.25
225,,0.1,0.1,0.1,0.1,0.1,0.1,0.1,0.1
226,,-0.05,-0.05,-0.05,-0.05,-0.05,-0.05,-0.05,-0.05
227,7,0.2,0.129,0.1,0.129,0.2,0.271,0.95,0.271
228,7,0.45,0.308,0.25,0.308,0.45,0.592,1.0,0.592
229,,0.3,0.158,0.1,0.158,0.3,0.442,0.85,0.442
230,,0.15,0.008,-0.05,0.008,0.15,0.292,0.7,0.292
231,3,0.4,0.329,0.95,0.329,0.4,0.471,0.85,0.471
232,3,0.65,0.65,1.0,0.65,0.65,0.65,1.0,0.65
233,,0.5,0.5,0.85,0.5,0.5,0.5,0.85,0.5
234,,0.35,0.35,0.7,0.35,0.35,0.35,0.7,0.35
235,,0.2,0.2,0.55,0.2,0.2,0.2,0.55,0.2
236,,0.05,0.05,0.4,0.05,0.05,0.05,0.4,0.05
237,,-0.1,-0.1,0.25,-0.1,-0.1,-0.1,0.25,-0.1
238,4,0.079,0.15,0.571,0.9,0.221,0.15,0.429,0.05
239,4,0.258,0.4,0.892,1.0,0.542,0.4,0.608,0.2
240,,0.108,0.25,0.742,0.85,0.392,0.25,0.458,0.05
241,,-0.042,0.1,0.592,0.7,0.242,0.1,0.308,-0.1
242,8,0.279,0.35,0.771,0.85,0.421,0.35,0.629,0.9
243,8,0.6,0.6,0.95,1.0,0.6,0.6,0.95,1.0
244,,0.45,0.45,0.8,0.85,0.45,0.45,0.8,0.85
245,,0.3,0.3,0.65,0.7,0.3,0.3,0.65,0.7
246,,0.15,0.15,0.5,0.55,0.15,0.15,0.5,0.55
247,,0.0,0.0,0.35,0.4,0.0,0.0,0.35,0.4
248,,-0.15,-0.15,0.2,0.25,-0.15,-0.15,0.2,0.25
249,6,0.029,0.0,0.379,0.5,0.171,0.85,0.521,0.5
250,6,0.208,0.15,0.558,0.75,0.492,1.0,0.842,0.75
251,,0.058,0.0,0.408,0.6,0.342,0.85,0.692,0.6
252,,-0.092,-0.15,0.258,0.45,0.192,0.7,0.542,0.45
253,2,0.229,0.85,0.579,0.7,0.371,0.85,0.721,0.7
254,2,0.55,1.0,0.9,0.95,0.55,1.0,0.9,0.95
255,,0.4,0.85,0.75,0.8,0.4,0.85,0.75,0.8
256,,0.25,0.7,0.6,0.65,0.25,0.7,0.6,0.65
257,,0.1,0.55,0.45,0.5,0.1,0.55,0.45,0.5
258,,-0.05,0.4,0.3,0.35,-0.05,0.4,0.3,0.35
259,5,0.1,0.579,0.55,0.671,0.95,0.721,0.55,0.529
260,5,0.25,0.758,0.8,0.992,1.0,1.0,0.8,0.708
261,,0.1,0.608,0.65,0.842,0.85,0.85,0.65,0.558
262,,-0.05,0.458,0.5,0.692,0.7,0.7,0.5,0.408
263,1,0.95,0.779,0.75,0.871,0.85,0.879,0.75,0.729
264,1,1.0,1.0,1.0,1.0,1.0,1.0,1.0,1.0
265,,0.85,0.85,0.85,0.85,0.85,0.85,0.85,0.85
266,,0.7,0.7,0.7,0.7,0.7,0.7,0.7,0.7
267,,0.55,0.55,0.55,0.55,0.55,0.55,0.55,0.55
268,,0.4,0.4,0.4,0.4,0.4,0.4,0.4,0.4
269,,0.25,0.25,0.25,0.25,0.25,0.25,0.25,0.25
270,,0.1,0.1,0.1,0.1,0.1,0.1,0.1,0.1
271,,-0.05,-0.05,-0.05,-0.05,-0.05,-0.05,-0.05,-0.05
272,7,0.2,0.129,0.1,0.129,0.2,0.271,0.95,0.271
273,7,0.45,0.308,0.25,0.308,0.45,0.592,1.0,0.592
274,,0.3,0.158,0.1,0.158,0.3,0.442,0.85,0.442
275,,0.15,0.008,-0.05,0.008,0.15,0.292,0.7,0.292
276,3,0.4,0.329,0.95,0.329,0.4,0.471,0.85,0.471
277,3,0.65,0.65,1.0,0.65,0.65,0.65,1.0,0.65
278,,0.5,0.5,0.85,0.5,0.5,0.5,0.85,0.5
279,,0.35,0.35,0.7,0.35,0.35,0.35,0.7,0.35
280,,0.2,0.2,0.55,0.2,0.2,0.2,0.55,0.2
281,,0.05,0.05,0.4,0.05,0.05,0.05,0.4,0.05
282,,-0.1,-0.1,0.25,-0.1,-0.1,-0.1,0.25,-0.1
283,2,0.221,0.9,0.571,0.15,0.079,0.05,0.429,0.15
284,2,0.542,1.0,0.892,0.4,0.258,0.2,0.608,0.4
285,,0.392,0.85,0.742,0.25,0.108,0.05,0.458,0.25
286,,0.242,0.7,0.592,0.1,-0.042,-0.1,0.308,0.1
287,6,0.421,0.85,0.771,0.35,0.279,0.9,0.629,0.35
288,6,0.6,1.0,0.95,0.6,0.6,1.0,0.95,0.6
289,,0.45,0.85,0.8,0.45,0.45,0.85,0.8,0.45
290,,0.3,0.7,0.65,0.3,0.3,0.7,0.65,0.3
291,,0.15,0.55,0.5,0.15,0.15,0.55,0.5,0.15
292,,0.0,0.4,0.35,0.0,0.0,0.4,0.35,0.0
293,,-0.15,0.25,0.2,-0.15,-0.15,0.25,0.2,-0.15
294,1,0.85,0.571,0.45,0.029,0.0,0.429,0.45,0.171
295,1,1.0,0.892,0.7,0.208,0.15,0.608,0.7,0.492
296,,0.85,0.742,0.55,0.058,0.0,0.458,0.55,0.342
297,,0.7,0.592,0.4,-0.092,-0.15,0.308,0.4,0.192
298,5,0.85,0.771,0.65,0.229,0.85,0.629,0.65,0.371
299,5,1.0,0.95,0.9,0.55,1.0,0.95,0.9,0.55
300,,0.85,0.8,0.75,0.4,0.85,0.8,0.75,0.4
301,,0.7,0.65,0.6,0.25,0.7,0.65,0.6,0.25
302,,0.55,0.5,0.45,0.1,0.55,0.5,0.45,0.1
303,,0.4,0.35,0.3,-0.05,0.4,0.35,0.3,-0.05
304,8,0.721,0.6,0.479,0.1,0.579,0.6,0.621,0.95
305,8,1.0,0.85,0.658,0.25,0.758,0.85,0.942,1.0
306,,0.85,0.7,0.508,0.1,0.608,0.7,0.792,0.85
307,,0.7,0.55,0.358,-0.05,0.458,0.55,0.642,0.7
308,4,0.879,0.8,0.679,0.95,0.779,0.8,0.821,0.85
309,4,1.0,1.0,1.0,1.0,1.0,1.0,1.0,1.0
310,,0.85,0.85,0.85,0.85,0.85,0.85,0.85,0.85
311,,0.7,0.7,0.7,0.7,0.7,0.7,0.7,0.7
312,,0.55,0.55,0.55,0.55,0.55,0.55,0.55,0.55
313,,0.4,0.4,0.4,0.4,0.4,0.4,0.4,0.4
314,,0.25,0.25,0.25,0.25,0.25,0.25,0.25,0.25
315,,0.1,0.1,0.1,0.1,0.1,0.1,0.1,0.1
316,,-0.05,-0.05,-0.05,-0.05,-0.05,-0.05,-0.05,-0.05
317,5,0.1,0.129,0.2,0.271,0.95,0.271,0.2,0.129
318,5,0.25,0.308,0.45,0.592,1.0,0.592,0.45,0.308
319,,0.1,0.158,0.3,0.442,0.85,0.442,0.3,0.158
320,,-0.05,0.008,0.15,0.292,0.7,0.292,0.15,0.008
321,1,0.95,0.329,0.4,0.471,0.85,0.471,0.4,0.329
322,1,1.0,0.65,0.65,0.65,1.0,0.65,0.65,0.65
323,,0.85,0.5,0.5,0.5,0.85,0.5,0.5,0.5
324,,0.7,0.35,0.35,0.35,0.7,0.35,0.35,0.35
325,,0.55,0.2,0.2,0.2,0.55,0.2,0.2,0.2
326,,0.4,0.05,0.05,0.05,0.4,0.05,0.05,0.05
327,,0.25,-0.1,-0.1,-0.1,0.25,-0.1,-0.1,-0.1
328,8,0.571,0.15,0.079,0.05,0.429,0.15,0.221,0.9
329,8,0.892,0.4,0.258,0.2,0.608,0.4,0.542,1.0
330,,0.742,0.25,0.108,0.05,0.458,0.25,0.392,0.85
331,,0.592,0.1,-0.042,-0.1,0.308,0.1,0.242,0.7
332,4,0.771,0.35,0.279,0.9,0.629,0.35,0.421,0.85
333,4,0.95,0.6,0.6,1.0,0.95,0.6,0.6,1.0
334,,0.8,0.45,0.45,0.85,0.8,0.45,0.45,0.85
335,,0.65,0.3,0.3,0.7,0.65,0.3,0.3,0.7
336,,0.5,0.15,0.15,0.55,0.5,0.15,0.15,0.55
337,,0.35,0.0,0.0,0.4,0.35,0.0,0.0,0.4
338,,0.2,-0.15,-0.15,0.25,0.2,-0.15,-0.15,0.25
339,6,0.379,0.0,0.029,0.5,0.521,0.85,0.171,0.5
340,6,0.558,0.15,0.208,0.75,0.842,1.0,0.492,0.75
341,,0.408,0.0,0.058,0.6,0.692,0.85,0.342,0.6
342,,0.258,-0.15,-0.092,0.45,0.542,0.7,0.192,0.45
343,2,0.579,0.85,0.229,0.7,0.721,0.85,0.371,0.7
344,2,0.9,1.0,0.55,0.95,0.9,1.0,0.55,0.95
345,,0.75,0.85,0.4,0.8,0.75,0.85,0.4,0.8
346,,0.6,0.7,0.25,0.65,0.6,0.7,0.25,0.65
347,,0.45,0.55,0.1,0.5,0.45,0.55,0.1,0.5
348,,0.3,0.4,-0.05,0.35,0.3,0.4,-0.05,0.35
349,3,0.55,0.721,0.95,0.671,0.55,0.579,0.1,0.529
350,3,0.8,1.0,1.0,0.992,0.8,0.758,0.25,0.708
351,,0.65,0.85,0.85,0.842,0.65,0.608,0.1,0.558
352,,0.5,0.7,0.7,0.692,0.5,0.458,-0.05,0.408
353,7,0.75,0.879,0.85,0.871,0.75,0.779,0.95,0.729
354,7,1.0,1.0,1.0,1.0,1.0,1.0,1.0,1.0
355,,0.85,0.85,0.85,0.85,0.85,0.85,0.85,0.85
356,,0.7,0.7,0.7,0.7,0.7,0.7,0.7,0.7
357,,0.55,0.55,0.55,0.55,0.55,0.55,0.55,0.55
358,,0.4,0.4,0.4,0.4,0.4,0.4,0.4,0.4
359,,0.25,0.25,0.25,0.25,0.25,0.25,0.25,0.25
360,,0.1,0.1,0.1,0.1,0.1,0.1,0.1,0.1
361,,-0.05,-0.05,-0.05,-0.05,-0.05,-0.05,-0.05,-0.05
362,1,0.95,0.271,0.2,0.129,0.1,0.129,0.2,0.271
363,1,1.0,0.592,0.45,0.308,0.25,0.308,0.45,0.592
364,,0.85,0.442,0.3,0.158,0.1,0.158,0.3,0.442
365,,0.7,0.292,0.15,0.008,-0.05,0.008,0.15,0.292
366,5,0.85,0.471,0.4,0.329,0.95,0.329,0.4,0.471
367,5,1.0,0.65,0.65,0.65,1.0,0.65,0.65,0.65
368,,0.85,0.5,0.5,0.5,0.85,0.5,0.5,0.5
369,,0.7,0.35,0.35,0.35,0.7,0.35,0.35,0.35
370,,0.55,0.2,0.2,0.2,0.55,0.2,0.2,0.2
371,,0.4,0.05,0.05,0.05,0.4,0.05,0.05,0.05
372,,0.25,-0.1,-0.1,-0.1,0.25,-0.1,-0.1,-0.1
373,6,0.429,0.05,0.079,0.15,0.571,0.9,0.221,0.15
374,6,0.608,0.2,0.258,0.4,0.892,1.0,0.542,0.4
375,,0.458,0.05,0.108,0.25,0.742,0.85,0.392,0.25
376,,0.308,-0.1,-0.042,0.1,0.592,0.7,0.242,0.1
377,2,0.629,0.9,0.279,0.35,0.771,0.85,0.421,0.35
378,2,0.95,1.0,0.6,0.6,0.95,1.0,0.6,0.6
379,,0.8,0.85,0.45,0.45,0.8,0.85,0.45,0.45
380,,0.65,0.7,0.3,0.3,0.65,0.7,0.3,0.3
381,,0.5,0.55,0.15,0.15,0.5,0.55,0.15,0.15
382,,0.35,0.4,0.0,0.0,0.35,0.4,0.0,0.0
383,,0.2,0.25,-0.15,-0.15,0.2,0.25,-0.15,-0.15
384,3,0.45,0.571,0.85,0.171,0.45,0.429,0.0,0.029
385,3,0.7,0.892,1.0,0.492,0.7,0.608,0.15,0.208
386,,0.55,0.742,0.85,0.342,0.55,0.458,0.0,0.058
387,,0.4,0.592,0.7,0.192,0.4,0.308,-0.15,-0.092
388,7,0.65,0.771,0.85,0.371,0.65,0.629,0.85,0.229
389,7,0.9,0.95,1.0,0.55,0.9,0.95,1.0,0.55
390,,0.75,0.8,0.85,0.4,0.75,0.8,0.85,0.4
391,,0.6,0.65,0.7,0.25,0.6,0.65,0.7,0.25
392,,0.45,0.5,0.55,0.1,0.45,0.5,0.55,0.1
393,,0.3,0.35,0.4,-0.05,0.3,0.35,0.4,-0.05
394,4,0.479,0.6,0.721,0.95,0.621,0.6,0.579,0.1
395,4,0.658,0.85,1.0,1.0,0.942,0.85,0.758,0.25
396,,0.508,0.7,0.85,0.85,0.792,0.7,0.608,0.1
397,,0.358,0.55,0.7,0.7,0.642,0.55,0.458,-0.05
398,8,0.679,0.8,0.879,0.85,0.821,0.8,0.779,0.95
399,8,1.0,1.0,1.0,1.0,1.0,1.0,1.0,1.0
400,,0.85,0.85,0.85,0.85,0.85,0.85,0.85,0.85
401,,0.7,0.7,0.7,0.7,0.7,0.7,0.7,0.7
402,,0.55,0.55,0.55,0.55,0.55,0.55,0.55,0.55
403,,0.4,0.4,0.4,0.4,0.4,0.4,0.4,0.4
404,,0.25,0.25,0.25,0.25,0.25,0.25,0.25,0.25
405,,0.1,0.1,0.1,0.1,0.1,0.1,0.1,0.1
406,,-0.05,-0.05,-0.05,-0.05,-0.05,-0.05,-0.05,-0.05
407,2,0.271,0.95,0.271,0.2,0.129,0.1,0.129,0.2
408,2,0.592,1.0,0.592,0.45,0.308,0.25,0.308,0.45
409,,0.442,0.85,0.442,0.3,0.158,0.1,0.158,0.3
410,,0.292,0.7,0.292,0.15,0.008,-0.05,0.008,0.15
411,6,0.471,0.85,0.471,0.4,0.329,0.95,0.329,0.4
412,6,0.65,1.0,0.65,0.65,0.65,1.0,0.65,0.65
413,,0.5,0.85,0.5,0.5,0.5,0.85,0.5,0.5
414,,0.35,0.7,0.35,0.35,0.35,0.7,0.35,0.35
415,,0.2,0.55,0.2,0.2,0.2,0.55,0.2,0.2
416,,0.05,0.4,0.05,0.05,0.05,0.4,0.05,0.05
417,,-0.1,0.25,-0.1,-0.1,-0.1,0.25,-0.1,-0.1
418,3,0.15,0.571,0.9,0.221,0.15,0.429,0.05,0.079
419,3,0.4,0.892,1.0,0.542,0.4,0.608,0.2,0.258
420,,0.25,0.742,0.85,0.392,0.25,0.458,0.05,0.108
421,,0.1,0.592,0.7,0.242,0.1,0.308,-0.1,-0.042
422,7,0.35,0.771,0.85,0.421,0.35,0.629,0.9,0.279
423,7,0.6,0.95,1.0,0.6,0.6,0.95,1.0,0.6
424,,0.45,0.8,0.85,0.45,0.45,0.8,0.85,0.45
425,,0.3,0.65,0.7,0.3,0.3,0.65,0.7,0.3
426,,0.15,0.5,0.55,0.15,0.15,0.5,0.55,0.15
427,,0.0,0.35,0.4,0.0,0.0,0.35,0.4,0.0
428,,-0.15,0.2,0.25,-0.15,-0.15,0.2,0.25,-0.15
429,1,0.85,0.521,0.5,0.029,0.0,0.379,0.5,0.171
430,1,1.0,0.842,0.75,0.208,0.15,0.558,0.75,0.492
431,,0.85,0.692,0.6,0.058,0.0,0.408,0.6,0.342
432,,0.7,0.542,0.45,-0.092,-0.15,0.258,0.45,0.192
433,5,0.85,0.721,0.7,0.229,0.85,0.579,0.7,0.371
434,5,1.0,0.9,0.95,0.55,1.0,0.9,0.95,0.55
435,,0.85,0.75,0.8,0.4,0.85,0.75,0.8,0.4
436,,0.7,0.6,0.65,0.25,0.7,0.6,0.65,0.25
437,,0.55,0.45,0.5,0.1,0.55,0.45,0.5,0.1
438,,0.4,0.3,0.35,-0.05,0.4,0.3,0.35,-0.05
439,4,0.579,0.55,0.671,0.95,0.721,0.55,0.529,0.1
440,4,0.758,0.8,0.992,1.0,1.0,0.8,0.708,0.25
441,,0.608,0.65,0.842,0.85,0.85,0.65,0.558,0.1
442,,0.458,0.5,0.692,0.7,0.7,0.5,0.408,-0.05
443,8,0.779,0.75,0.871,0.85,0.879,0.75,0.729,0.95
444,8,1.0,1.0,1.0,1.0,1.0,1.0,1.0,1.0
445,,0.85,0.85,0.85,0.85,0.85,0.85,0.85,0.85
446,,0.7,0.7,0.7,0.7,0.7,0.7,0.7,0.7
447,,0.55,0.55,0.55,0.55,0.55,0.55,0.55,0.55
448,,0.4,0.4,0.4,0.4,0.4,0.4,0.4,0.4
449,,0.25,0.25,0.25,0.25,0.25,0.25,0.25,0.25
450,,0.1,0.1,0.1,0.1,0.1,0.1,0.1,0.1
451,,-0.05,-0.05,-0.05,-0.05,-0.05,-0.05,-0.05,-0.05
452,2,0.271,0.95,0.271,0.2,0.129,0.1,0.129,0.2
453,2,0.592,1.0,0.592,0.45,0.308,0.25,0.308,0.45
454,,0.442,0.85,0.442,0.3,0.158,0.1,0.158,0.3
455,,0.292,0.7,0.292,0.15,0.008,-0.05,0.008,0.15
456,6,0.471,0.85,0.471,0.4,0.329,0.95,0.329,0.4
457,6,0.65,1.0,0.65,0.65,0.65,1.0,0.65,0.65
458,,0.5,0.85,0.5,0.5,0.5,0.85,0.5,0.5
459,,0.35,0.7,0.35,0.35,0.35,0.7,0.35,0.35
460,,0.2,0.55,0.2,0.2,0.2,0.55,0.2,0.2
461,,0.05,0.4,0.05,0.05,0.05,0.4,0.05,0.05
462,,-0.1,0.25,-0.1,-0.1,-0.1,0.25,-0.1,-0.1
463,8,0.221,0.5,0.079,0.05,0.079,0.5,0.221,0.9
464,8,0.542,0.75,0.258,0.2,0.258,0.75,0.542,1.0
465,,0.392,0.6,0.108,0.05,0.108,0.6,0.392,0.85
466,,0.242,0.45,-0.042,-0.1,-0.042,0.45,0.242,0.7
467,4,0.421,0.7,0.279,0.9,0.279,0.7,0.421,0.85
468,4,0.6,0.95,0.6,1.0,0.6,0.95,0.6,1.0
469,,0.45,0.8,0.45,0.85,0.45,0.8,0.45,0.85
470,,0.3,0.65,0.3,0.7,0.3,0.65,0.3,0.7
471,,0.15,0.5,0.15,0.55,0.15,0.5,0.15,0.55
472,,0.0,0.35,0.0,0.4,0.0,0.35,0.0,0.4
473,,-0.15,0.2,-0.15,0.25,-0.15,0.2,-0.15,0.25
474,3,0.1,0.521,0.85,0.571,0.1,0.379,0.0,0.429
475,3,0.35,0.842,1.0,0.892,0.35,0.558,0.15,0.608
476,,0.2,0.692,0.85,0.742,0.2,0.408,0.0,0.458
477,,0.05,0.542,0.7,0.592,0.05,0.258,-0.15,0.308
478,7,0.3,0.721,0.85,0.771,0.3,0.579,0.85,0.629
479,7,0.55,0.9,1.0,0.95,0.55,0.9,1.0,0.95
480,,0.4,0.75,0.85,0.8,0.4,0.75,0.85,0.8
481,,0.25,0.6,0.7,0.65,0.25,0.6,0.7,0.65
482,,0.1,0.45,0.55,0.5,0.1,0.45,0.55,0.5
483,,-0.05,0.3,0.4,0.35,-0.05,0.3,0.4,0.35
484,5,0.1,0.479,0.65,0.671,0.95,0.621,0.65,0.529
485,5,0.25,0.658,0.9,0.992,1.0,0.942,0.9,0.708
486,,0.1,0.508,0.75,0.842,0.85,0.792,0.75,0.558
487,,-0.05,0.358,0.6,0.692,0.7,0.642,0.6,0.408
488,1,0.95,0.679,0.85,0.871,0.85,0.821,0.85,0.729
489,1,1.0,1.0,1.0,1.0,1.0,1.0,1.0,1.0
490,,0.85,0.85,0.85,0.85,0.85,0.85,0.85,0.85
491,,0.7,0.7,0.7,0.7,0.7,0.7,0.7,0.7
492,,0.55,0.55,0.55,0.55,0.55,0.55,0.55,0.55
493,,0.4,0.4,0.4,0.4,0.4,0.4,0.4,0.4
494,,0.25,0.25,0.25,0.25,0.25,0.25,0.25,0.25
495,,0.1,0.1,0.1,0.1,0.1,0.1,0.1,0.1
496,,-0.05,-0.05,-0.05,-0.05,-0.05,-0.05,-0.05,-0.05
497,1,0.95,0.271,0.2,0.129,0.1,0.129,0.2,0.271
498,1,1.0,0.592,0.45,0.308,0.25,0.308,0.45,0.592
499,,0.85,0.442,0.3,0.158,0.1,0.158,0.3,0.442
