step,active_motive,motive_1,motive_2,motive_3,motive_4,motive_5,motive_6,motive_7,motive_8
0,,0.09401,0.09737,0.02839,0.03054,0.04856,0.04484,0.09945,0.01759
1,,-0.05599,-0.05263,-0.12161,-0.11946,-0.10144,-0.10516,-0.05055,-0.13241
2,8,0.26501,0.19737,0.05739,0.03054,0.07756,0.14484,0.27045,0.86759
3,8,0.58601,0.44737,0.23639,0.18054,0.25656,0.39484,0.59145,1.0
4,,0.43601,0.29737,0.08639,0.03054,0.10656,0.24484,0.44145,0.85
5,,0.28601,0.14737,-0.06361,-0.11946,-0.04344,0.09484,0.29145,0.7
6,4,0.46501,0.39737,0.25739,0.88054,0.27756,0.34484,0.47045,0.85
7,4,0.64401,0.64737,0.57839,1.0,0.59856,0.59484,0.64945,1.0
8,,0.49401,0.49737,0.42839,0.85,0.44856,0.44484,0.49945,0.85
9,,0.34401,0.34737,0.27839,0.7,0.29856,0.29484,0.34945,0.7
10,,0.19401,0.19737,0.12839,0.55,0.14856,0.14484,0.19945,0.55
11,,0.04401,0.04737,-0.02161,0.4,-0.00144,-0.00516,0.04945,0.4
12,3,0.29401,0.36837,0.97839,0.721,0.24856,0.17384,0.19945,0.579
13,3,0.54401,0.68937,1.0,1.0,0.49856,0.35284,0.34945,0.758
14,,0.39401,0.53937,0.85,0.85,0.34856,0.20284,0.19945,0.608
15,,0.24401,0.38937,0.7,0.7,0.19856,0.05284,0.04945,0.458
16,,0.09401,0.23937,0.55,0.55,0.04856,-0.09716,-0.10055,0.308
17,7,0.34401,0.41837,0.7,0.729,0.29856,0.22384,0.89945,0.629
18,7,0.59401,0.59737,0.85,0.908,0.54856,0.54484,1.0,0.95
19,,0.44401,0.44737,0.7,0.758,0.39856,0.39484,0.85,0.8
20,,0.29401,0.29737,0.55,0.608,0.24856,0.24484,0.7,0.65
21,,0.14401,0.14737,0.4,0.458,0.09856,0.09484,0.55,0.5
22,,-0.00599,-0.00263,0.25,0.308,-0.05144,-0.05516,0.4,0.35
23,6,0.17301,0.14737,0.429,0.558,0.26956,0.94484,0.721,0.6
24,6,0.35201,0.29737,0.608,0.808,0.59056,1.0,1.0,0.85
25,,0.20201,0.14737,0.458,0.658,0.44056,0.85,0.85,0.7
26,,0.05201,-0.00263,0.308,0.508,0.29056,0.7,0.7,0.55
27,2,0.37301,0.99737,0.629,0.758,0.46956,0.85,0.879,0.8
28,2,0.69401,1.0,0.95,1.0,0.64856,1.0,1.0,1.0
29,,0.54401,0.85,0.8,0.85,0.49856,0.85,0.85,0.85
30,,0.39401,0.7,0.65,0.7,0.34856,0.7,0.7,0.7
31,,0.24401,0.55,0.5,0.55,0.19856,0.55,0.55,0.55
32,,0.09401,0.4,0.35,0.4,0.04856,0.4,0.4,0.4
33,,-0.05599,0.25,0.2,0.25,-0.10144,0.25,0.25,0.25
34,5,0.09401,0.429,0.45,0.571,0.89856,0.571,0.5,0.429
35,5,0.24401,0.608,0.7,0.892,1.0,0.892,0.75,0.608
36,,0.09401,0.458,0.55,0.742,0.85,0.742,0.6,0.458
37,,-0.05599,0.308,0.4,0.592,0.7,0.592,0.45,0.308
38,1,0.94401,0.629,0.65,0.771,0.85,0.771,0.7,0.629
39,1,1.0,0.95,0.9,0.95,1.0,0.95,0.95,0.95
40,,0.85,0.8,0.75,0.8,0.85,0.8,0.8,0.8
41,,0.7,0.65,0.6,0.65,0.7,0.65,0.65,0.65
42,,0.55,0.5,0.45,0.5,0.55,0.5,0.5,0.5
43,,0.4,0.35,0.3,0.35,0.4,0.35,0.35,0.35
44,,0.25,0.2,0.15,0.2,0.25,0.2,0.2,0.2
45,,0.1,0.05,0.0,0.05,0.1,0.05,0.05,0.05
46,,-0.05,-0.1,-0.15,-0.1,-0.05,-0.1,-0.1,-0.1
47,3,0.2,0.221,0.85,0.221,0.2,0.079,0.05,0.079
48,3,0.45,0.542,1.0,0.542,0.45,0.258,0.2,0.258
49,,0.3,0.392,0.85,0.392,0.3,0.108,0.05,0.108
50,,0.15,0.242,0.7,0.242,0.15,-0.042,-0.1,-0.042
51,7,0.4,0.421,0.85,0.421,0.4,0.279,0.9,0.279
52,7,0.65,0.6,1.0,0.6,0.65,0.6,1.0,0.6
53,,0.5,0.45,0.85,0.45,0.5,0.45,0.85,0.45
54,,0.35,0.3,0.7,0.3,0.35,0.3,0.7,0.3
55,,0.2,0.15,0.55,0.15,0.2,0.15,0.55,0.15
56,,0.05,0.0,0.4,0.0,0.05,0.0,0.4,0.0
57,,-0.1,-0.15,0.25,-0.15,-0.1,-0.15,0.25,-0.15
58,8,0.221,0.1,0.429,0.0,0.079,0.1,0.571,0.85
59,8,0.542,0.35,0.608,0.15,0.258,0.35,0.892,1.0
60,,0.392,0.2,0.458,0.0,0.108,0.2,0.742,0.85
61,,0.242,0.05,0.308,-0.15,-0.042,0.05,0.592,0.7
62,4,0.421,0.3,0.629,0.85,0.279,0.3,0.771,0.85
63,4,0.6,0.55,0.95,1.0,0.6,0.55,0.95,1.0
64,,0.45,0.4,0.8,0.85,0.45,0.4,0.8,0.85
65,,0.3,0.25,0.65,0.7,0.3,0.25,0.65,0.7
66,,0.15,0.1,0.5,0.55,0.15,0.1,0.5,0.55
67,,0.0,-0.05,0.35,0.4,0.0,-0.05,0.35,0.4
68,2,0.321,0.95,0.671,0.65,0.179,0.1,0.529,0.65
69,2,0.642,1.0,0.992,0.9,0.358,0.25,0.708,0.9
70,,0.492,0.85,0.842,0.75,0.208,0.1,0.558,0.75
71,,0.342,0.7,0.692,0.6,0.058,-0.05,0.408,0.6
72,6,0.521,0.85,0.871,0.85,0.379,0.95,0.729,0.85
73,6,0.7,1.0,1.0,1.0,0.7,1.0,1.0,1.0
74,,0.55,0.85,0.85,0.85,0.55,0.85,0.85,0.85
75,,0.4,0.7,0.7,0.7,0.4,0.7,0.7,0.7
76,,0.25,0.55,0.55,0.55,0.25,0.55,0.55,0.55
77,,0.1,0.4,0.4,0.4,0.1,0.4,0.4,0.4
78,,-0.05,0.25,0.25,0.25,-0.05,0.25,0.25,0.25
79,5,0.1,0.429,0.5,0.571,0.95,0.571,0.5,0.429
80,5,0.25,0.608,0.75,0.892,1.0,0.892,0.75,0.608
81,,0.1,0.458,0.6,0.742,0.85,0.742,0.6,0.458
82,,-0.05,0.308,0.45,0.592,0.7,0.592,0.45,0.308
83,1,0.95,0.629,0.7,0.771,0.85,0.771,0.7,0.629
84,1,1.0,0.95,0.95,0.95,1.0,0.95,0.95,0.95
85,,0.85,0.8,0.8,0.8,0.85,0.8,0.8,0.8
86,,0.7,0.65,0.65,0.65,0.7,0.65,0.65,0.65
87,,0.55,0.5,0.5,0.5,0.55,0.5,0.5,0.5
88,,0.4,0.35,0.35,0.35,0.4,0.35,0.35,0.35
89,,0.25,0.2,0.2,0.2,0.25,0.2,0.2,0.2
90,,0.1,0.05,0.05,0.05,0.1,0.05,0.05,0.05
91,,-0.05,-0.1,-0.1,-0.1,-0.05,-0.1,-0.1,-0.1
92,7,0.2,0.079,0.05,0.079,0.2,0.221,0.9,0.221
93,7,0.45,0.258,0.2,0.258,0.45,0.542,1.0,0.542
94,,0.3,0.108,0.05,0.108,0.3,0.392,0.85,0.392
95,,0.15,-0.042,-0.1,-0.042,0.15,0.242,0.7,0.242
96,3,0.4,0.279,0.9,0.279,0.4,0.421,0.85,0.421
97,3,0.65,0.6,1.0,0.6,0.65,0.6,1.0,0.6
98,,0.5,0.45,0.85,0.45,0.5,0.45,0.85,0.45
99,,0.35,0.3,0.7,0.3,0.35,0.3,0.7,0.3
100,,0.2,0.15,0.55,0.15,0.2,0.15,0.55,0.15
101,,0.05,0.0,0.4,0.0,0.05,0.0,0.4,0.0
102,,-0.1,-0.15,0.25,-0.15,-0.1,-0.15,0.25,-0.15
103,8,0.221,0.1,0.429,0.0,0.079,0.1,0.571,0.85
104,8,0.542,0.35,0.608,0.15,0.258,0.35,0.892,1.0
105,,0.392,0.2,0.458,0.0,0.108,0.2,0.742,0.85
106,,0.242,0.05,0.308,-0.15,-0.042,0.05,0.592,0.7
107,4,0.421,0.3,0.629,0.85,0.279,0.3,0.771,0.85
108,4,0.6,0.55,0.95,1.0,0.6,0.55,0.95,1.0
109,,0.45,0.4,0.8,0.85,0.45,0.4,0.8,0.85
110,,0.3,0.25,0.65,0.7,0.3,0.25,0.65,0.7
111,,0.15,0.1,0.5,0.55,0.15,0.1,0.5,0.55
112,,0.0,-0.05,0.35,0.4,0.0,-0.05,0.35,0.4
113,6,0.179,0.1,0.529,0.65,0.321,0.95,0.671,0.65
114,6,0.358,0.25,0.708,0.9,0.642,1.0,0.992,0.9
115,,0.208,0.1,0.558,0.75,0.492,0.85,0.842,0.75
116,,0.058,-0.05,0.408,0.6,0.342,0.7,0.692,0.6
117,2,0.379,0.95,0.729,0.85,0.521,0.85,0.871,0.85
118,2,0.7,1.0,1.0,1.0,0.7,1.0,1.0,1.0
119,,0.55,0.85,0.85,0.85,0.55,0.85,0.85,0.85
120,,0.4,0.7,0.7,0.7,0.4,0.7,0.7,0.7
121,,0.25,0.55,0.55,0.55,0.25,0.55,0.55,0.55
122,,0.1,0.4,0.4,0.4,0.1,0.4,0.4,0.4
123,,-0.05,0.25,0.25,0.25,-0.05,0.25,0.25,0.25
124,5,0.1,0.429,0.5,0.571,0.95,0.571,0.5,0.429
125,5,0.25,0.608,0.75,0.892,1.0,0.892,0.75,0.608
126,,0.1,0.458,0.6,0.742,0.85,0.742,0.6,0.458
127,,-0.05,0.308,0.45,0.592,0.7,0.592,0.45,0.308
128,1,0.95,0.629,0.7,0.771,0.85,0.771,0.7,0.629
129,1,1.0,0.95,0.95,0.95,1.0,0.95,0.95,0.95
130,,0.85,0.8,0.8,0.8,0.85,0.8,0.8,0.8
131,,0.7,0.65,0.65,0.65,0.7,0.65,0.65,0.65
132,,0.55,0.5,0.5,0.5,0.55,0.5,0.5,0.5
133,,0.4,0.35,0.35,0.35,0.4,0.35,0.35,0.35
134,,0.25,0.2,0.2,0.2,0.25,0.2,0.2,0.2
135,,0.1,0.05,0.05,0.05,0.1,0.05,0.05,0.05
136,,-0.05,-0.1,-0.1,-0.1,-0.05,-0.1,-0.1,-0.1
137,4,0.129,0.15,0.221,0.9,0.271,0.15,0.079,0.05
138,4,0.308,0.4,0.542,1.0,0.592,0.4,0.258,0.2
139,,0.158,0.25,0.392,0.85,0.442,0.25,0.108,0.05
140,,0.008,0.1,0.242,0.7,0.292,0.1,-0.042,-0.1
141,8,0.329,0.35,0.421,0.85,0.471,0.35,0.279,0.9
142,8,0.65,0.6,0.6,1.0,0.65,0.6,0.6,1.0
143,,0.5,0.45,0.45,0.85,0.5,0.45,0.45,0.85
144,,0.35,0.3,0.3,0.7,0.35,0.3,0.3,0.7
145,,0.2,0.15,0.15,0.55,0.2,0.15,0.15,0.55
146,,0.05,0.0,0.0,0.4,0.05,0.0,0.0,0.4
147,,-0.1,-0.15,-0.15,0.25,-0.1,-0.15,-0.15,0.25
148,2,0.221,0.85,0.171,0.5,0.079,0.0,0.029,0.5
149,2,0.542,1.0,0.492,0.75,0.258,0.15,0.208,0.75
150,,0.392,0.85,0.342,0.6,0.108,0.0,0.058,0.6
151,,0.242,0.7,0.192,0.45,-0.042,-0.15,-0.092,0.45
152,6,0.421,0.85,0.371,0.7,0.279,0.85,0.229,0.7
153,6,0.6,1.0,0.55,0.95,0.6,1.0,0.55,0.95
154,,0.45,0.85,0.4,0.8,0.45,0.85,0.4,0.8
155,,0.3,0.7,0.25,0.65,0.3,0.7,0.25,0.65
156,,0.15,0.55,0.1,0.5,0.15,0.55,0.1,0.5
157,,0.0,0.4,-0.05,0.35,0.0,0.4,-0.05,0.35
158,7,0.25,0.579,0.1,0.529,0.25,0.721,0.95,0.671
159,7,0.5,0.758,0.25,0.708,0.5,1.0,1.0,0.992
160,,0.35,0.608,0.1,0.558,0.35,0.85,0.85,0.842
161,,0.2,0.458,-0.05,0.408,0.2,0.7,0.7,0.692
162,3,0.45,0.779,0.95,0.729,0.45,0.879,0.85,0.871
163,3,0.7,1.0,1.0,1.0,0.7,1.0,1.0,1.0
164,,0.55,0.85,0.85,0.85,0.55,0.85,0.85,0.85
165,,0.4,0.7,0.7,0.7,0.4,0.7,0.7,0.7
166,,0.25,0.55,0.55,0.55,0.25,0.55,0.55,0.55
167,,0.1,0.4,0.4,0.4,0.1,0.4,0.4,0.4
168,,-0.05,0.25,0.25,0.25,-0.05,0.25,0.25,0.25
169,1,0.95,0.571,0.5,0.429,0.1,0.429,0.5,0.571
170,1,1.0,0.892,0.75,0.608,0.25,0.608,0.75,0.892
171,,0.85,0.742,0.6,0.458,0.1,0.458,0.6,0.742
172,,0.7,0.592,0.45,0.308,-0.05,0.308,0.45,0.592
173,5,0.85,0.771,0.7,0.629,0.95,0.629,0.7,0.771
174,5,1.0,0.95,0.95,0.95,1.0,0.95,0.95,0.95
175,,0.85,0.8,0.8,0.8,0.85,0.8,0.8,0.8
176,,0.7,0.65,0.65,0.65,0.7,0.65,0.65,0.65
177,,0.55,0.5,0.5,0.5,0.55,0.5,0.5,0.5
178,,0.4,0.35,0.35,0.35,0.4,0.35,0.35,0.35
179,,0.25,0.2,0.2,0.2,0.25,0.2,0.2,0.2
180,,0.1,0.05,0.05,0.05,0.1,0.05,0.05,0.05
181,,-0.05,-0.1,-0.1,-0.1,-0.05,-0.1,-0.1,-0.1
182,6,0.129,0.05,0.079,0.15,0.271,0.9,0.221,0.15
183,6,0.308,0.2,0.258,0.4,0.592,1.0,0.542,0.4
184,,0.158,0.05,0.108,0.25,0.442,0.85,0.392,0.25
185,,0.008,-0.1,-0.042,0.1,0.292,0.7,0.242,0.1
186,2,0.329,0.9,0.279,0.35,0.471,0.85,0.421,0.35
187,2,0.65,1.0,0.6,0.6,0.65,1.0,0.6,0.6
188,,0.5,0.85,0.45,0.45,0.5,0.85,0.45,0.45
189,,0.35,0.7,0.3,0.3,0.35,0.7,0.3,0.3
190,,0.2,0.55,0.15,0.15,0.2,0.55,0.15,0.15
191,,0.05,0.4,0.0,0.0,0.05,0.4,0.0,0.0
192,,-0.1,0.25,-0.15,-0.15,-0.1,0.25,-0.15,-0.15
193,7,0.15,0.429,0.0,0.029,0.15,0.571,0.85,0.171
194,7,0.4,0.608,0.15,0.208,0.4,0.892,1.0,0.492
195,,0.25,0.458,0.0,0.058,0.25,0.742,0.85,0.342
196,,0.1,0.308,-0.15,-0.092,0.1,0.592,0.7,0.192
197,3,0.35,0.629,0.85,0.229,0.35,0.771,0.85,0.371
198,3,0.6,0.95,1.0,0.55,0.6,0.95,1.0,0.55
199,,0.45,0.8,0.85,0.4,0.45,0.8,0.85,0.4
200,,0.3,0.65,0.7,0.25,0.3,0.65,0.7,0.25
201,,0.15,0.5,0.55,0.1,0.15,0.5,0.55,0.1
202,,0.0,0.35,0.4,-0.05,0.0,0.35,0.4,-0.05
203,4,0.179,0.6,0.721,0.95,0.321,0.6,0.579,0.1
204,4,0.358,0.85,1.0,1.0,0.642,0.85,0.758,0.25
205,,0.208,0.7,0.85,0.85,0.492,0.7,0.608,0.1
206,,0.058,0.55,0.7,0.7,0.342,0.55,0.458,-0.05
207,8,0.379,0.8,0.879,0.85,0.521,0.8,0.779,0.95
208,8,0.7,1.0,1.0,1.0,0.7,1.0,1.0,1.0
209,,0.55,0.85,0.85,0.85,0.55,0.85,0.85,0.85
210,,0.4,0.7,0.7,0.7,0.4,0.7,0.7,0.7
211,,0.25,0.55,0.55,0.55,0.25,0.55,0.55,0.55
212,,0.1,0.4,0.4,0.4,0.1,0.4,0.4,0.4
213,,-0.05,0.25,0.25,0.25,-0.05,0.25,0.25,0.25
214,5,0.1,0.429,0.5,0.571,0.95,0.571,0.5,0.429
215,5,0.25,0.608,0.75,0.892,1.0,0.892,0.75,0.608
216,,0.1,0.458,0.6,0.742,0.85,0.742,0.6,0.458
217,,-0.05,0.308,0.45,0.592,0.7,0.592,0.45,0.308
218,1,0.95,0.629,0.7,0.771,0.85,0.771,0.7,0.629
219,1,1.0,0.95,0.95,0.95,1.0,0.95,0.95,0.95
220,,0.85,0.8,0.8,0.8,0.85,0.8,0.8,0.8
221,,0.7,0.65,0.65,0.65,0.7,0.65,0.65,0.65
222,,0.55,0.5,0.5,0.5,0.55,0.5,0.5,0.5
223,,0.4,0.35,0.35,0.35,0.4,0.35,0.35,0.35
224,,0.25,0.2,0.2,0.2,0.25,0.2,0.2,0.2
225,,0.1,0.05,0.05,0.05,0.1,0.05,0.05,0.05
226,,-0.05,-0.1,-0.1,-0.1,-0.05,-0.1,-0.1,-0.1
227,8,0.271,0.15,0.079,0.05,0.129,0.15,0.221,0.9
228,8,0.592,0.4,0.258,0.2,0.308,0.4,0.542,1.0
229,,0.442,0.25,0.108,0.05,0.158,0.25,0.392,0.85
230,,0.292,0.1,-0.042,-0.1,0.008,0.1,0.242,0.7
231,4,0.471,0.35,0.279,0.9,0.329,0.35,0.421,0.85
232,4,0.65,0.6,0.6,1.0,0.65,0.6,0.6,1.0
233,,0.5,0.45,0.45,0.85,0.5,0.45,0.45,0.85
234,,0.35,0.3,0.3,0.7,0.35,0.3,0.3,0.7
235,,0.2,0.15,0.15,0.55,0.2,0.15,0.15,0.55
236,,0.05,0.0,0.0,0.4,0.05,0.0,0.0,0.4
237,,-0.1,-0.15,-0.15,0.25,-0.1,-0.15,-0.15,0.25
238,3,0.15,0.171,0.85,0.571,0.15,0.029,0.0,0.429
239,3,0.4,0.492,1.0,0.892,0.4,0.208,0.15,0.608
240,,0.25,0.342,0.85,0.742,0.25,0.058,0.0,0.458
241,,0.1,0.192,0.7,0.592,0.1,-0.092,-0.15,0.308
242,7,0.35,0.371,0.85,0.771,0.35,0.229,0.85,0.629
243,7,0.6,0.55,1.0,0.95,0.6,0.55,1.0,0.95
244,,0.45,0.4,0.85,0.8,0.45,0.4,0.85,0.8
245,,0.3,0.25,0.7,0.65,0.3,0.25,0.7,0.65
246,,0.15,0.1,0.55,0.5,0.15,0.1,0.55,0.5
247,,0.0,-0.05,0.4,0.35,0.0,-0.05,0.4,0.35
248,6,0.179,0.1,0.579,0.6,0.321,0.95,0.721,0.6
249,6,0.358,0.25,0.758,0.85,0.642,1.0,1.0,0.85
250,,0.208,0.1,0.608,0.7,0.492,0.85,0.85,0.7
251,,0.058,-0.05,0.458,0.55,0.342,0.7,0.7,0.55
252,2,0.379,0.95,0.779,0.8,0.521,0.85,0.879,0.8
253,2,0.7,1.0,1.0,1.0,0.7,1.0,1.0,1.0
254,,0.55,0.85,0.85,0.85,0.55,0.85,0.85,0.85
255,,0.4,0.7,0.7,0.7,0.4,0.7,0.7,0.7
256,,0.25,0.55,0.55,0.55,0.25,0.55,0.55,0.55
257,,0.1,0.4,0.4,0.4,0.1,0.4,0.4,0.4
258,,-0.05,0.25,0.25,0.25,-0.05,0.25,0.25,0.25
259,5,0.1,0.429,0.5,0.571,0.95,0.571,0.5,0.429
260,5,0.25,0.608,0.75,0.892,1.0,0.892,0.75,0.608
261,,0.1,0.458,0.6,0.742,0.85,0.742,0.6,0.458
262,,-0.05,0.308,0.45,0.592,0.7,0.592,0.45,0.308
263,1,0.95,0.629,0.7,0.771,0.85,0.771,0.7,0.629
264,1,1.0,0.95,0.95,0.95,1.0,0.95,0.95,0.95
265,,0.85,0.8,0.8,0.8,0.85,0.8,0.8,0.8
266,,0.7,0.65,0.65,0.65,0.7,0.65,0.65,0.65
267,,0.55,0.5,0.5,0.5,0.55,0.5,0.5,0.5
268,,0.4,0.35,0.35,0.35,0.4,0.35,0.35,0.35
269,,0.25,0.2,0.2,0.2,0.25,0.2,0.2,0.2
270,,0.1,0.05,0.05,0.05,0.1,0.05,0.05,0.05
271,,-0.05,-0.1,-0.1,-0.1,-0.05,-0.1,-0.1,-0.1
272,8,0.271,0.15,0.079,0.05,0.129,0.15,0.221,0.9
273,8,0.592,0.4,0.258,0.2,0.308,0.4,0.542,1.0
274,,0.442,0.25,0.108,0.05,0.158,0.25,0.392,0.85
275,,0.292,0.1,-0.042,-0.1,0.008,0.1,0.242,0.7
276,4,0.471,0.35,0.279,0.9,0.329,0.35,0.421,0.85
277,4,0.65,0.6,0.6,1.0,0.65,0.6,0.6,1.0
278,,0.5,0.45,0.45,0.85,0.5,0.45,0.45,0.85
279,,0.35,0.3,0.3,0.7,0.35,0.3,0.3,0.7
280,,0.2,0.15,0.15,0.55,0.2,0.15,0.15,0.55
281,,0.05,0.0,0.0,0.4,0.05,0.0,0.0,0.4
282,,-0.1,-0.15,-0.15,0.25,-0.1,-0.15,-0.15,0.25
283,2,0.221,0.85,0.171,0.5,0.079,0.0,0.029,0.5
284,2,0.542,1.0,0.492,0.75,0.258,0.15,0.208,0.75
285,,0.392,0.85,0.342,0.6,0.108,0.0,0.058,0.6
286,,0.242,0.7,0.192,0.45,-0.042,-0.15,-0.092,0.45
287,6,0.421,0.85,0.371,0.7,0.279,0.85,0.229,0.7
288,6,0.6,1.0,0.55,0.95,0.6,1.0,0.55,0.95
289,,0.45,0.85,0.4,0.8,0.45,0.85,0.4,0.8
290,,0.3,0.7,0.25,0.65,0.3,0.7,0.25,0.65
291,,0.15,0.55,0.1,0.5,0.15,0.55,0.1,0.5
292,,0.0,0.4,-0.05,0.35,0.0,0.4,-0.05,0.35
293,3,0.25,0.721,0.95,0.671,0.25,0.579,0.1,0.529
294,3,0.5,1.0,1.0,0.992,0.5,0.758,0.25,0.708
295,,0.35,0.85,0.85,0.842,0.35,0.608,0.1,0.558
296,,0.2,0.7,0.7,0.692,0.2,0.458,-0.05,0.408
297,7,0.45,0.879,0.85,0.871,0.45,0.779,0.95,0.729
298,7,0.7,1.0,1.0,1.0,0.7,1.0,1.0,1.0
299,,0.55,0.85,0.85,0.85,0.55,0.85,0.85,0.85
300,,0.4,0.7,0.7,0.7,0.4,0.7,0.7,0.7
301,,0.25,0.55,0.55,0.55,0.25,0.55,0.55,0.55
302,,0.1,0.4,0.4,0.4,0.1,0.4,0.4,0.4
303,,-0.05,0.25,0.25,0.25,-0.05,0.25,0.25,0.25
304,5,0.1,0.429,0.5,0.571,0.95,0.571,0.5,0.429
305,5,0.25,0.608,0.75,0.892,1.0,0.892,0.75,0.608
306,,0.1,0.458,0.6,0.742,0.85,0.742,0.6,0.458
307,,-0.05,0.308,0.45,0.592,0.7,0.592,0.45,0.308
308,1,0.95,0.629,0.7,0.771,0.85,0.771,0.7,0.629
309,1,1.0,0.95,0.95,0.95,1.0,0.95,0.95,0.95
310,,0.85,0.8,0.8,0.8,0.85,0.8,0.8,0.8
311,,0.7,0.65,0.65,0.65,0.7,0.65,0.65,0.65
312,,0.55,0.5,0.5,0.5,0.55,0.5,0.5,0.5
313,,0.4,0.35,0.35,0.35,0.4,0.35,0.35,0.35
314,,0.25,0.2,0.2,0.2,0.25,0.2,0.2,0.2
315,,0.1,0.05,0.05,0.05,0.1,0.05,0.05,0.05
316,,-0.05,-0.1,-0.1,-0.1,-0.05,-0.1,-0.1,-0.1
317,4,0.129,0.15,0.221,0.9,0.271,0.15,0.079,0.05
318,4,0.308,0.4,0.542,1.0,0.592,0.4,0.258,0.2
319,,0.158,0.25,0.392,0.85,0.442,0.25,0.108,0.05
320,,0.008,0.1,0.242,0.7,0.292,0.1,-0.042,-0.1
321,8,0.329,0.35,0.421,0.85,0.471,0.35,0.279,0.9
322,8,0.65,0.6,0.6,1.0,0.65,0.6,0.6,1.0
323,,0.5,0.45,0.45,0.85,0.5,0.45,0.45,0.85
324,,0.35,0.3,0.3,0.7,0.35,0.3,0.3,0.7
325,,0.2,0.15,0.15,0.55,0.2,0.15,0.15,0.55
326,,0.05,0.0,0.0,0.4,0.05,0.0,0.0,0.4
327,,-0.1,-0.15,-0.15,0.25,-0.1,-0.15,-0.15,0.25
328,6,0.079,0.0,0.029,0.5,0.221,0.85,0.171,0.5
329,6,0.258,0.15,0.208,0.75,0.542,1.0,0.492,0.75
330,,0.108,0.0,0.058,0.6,0.392,0.85,0.342,0.6
331,,-0.042,-0.15,-0.092,0.45,0.242,0.7,0.192,0.45
332,2,0.279,0.85,0.229,0.7,0.421,0.85,0.371,0.7
333,2,0.6,1.0,0.55,0.95,0.6,1.0,0.55,0.95
334,,0.45,0.85,0.4,0.8,0.45,0.85,0.4,0.8
335,,0.3,0.7,0.25,0.65,0.3,0.7,0.25,0.65
336,,0.15,0.55,0.1,0.5,0.15,0.55,0.1,0.5
337,,0.0,0.4,-0.05,0.35,0.0,0.4,-0.05,0.35
338,7,0.25,0.579,0.1,0.529,0.25,0.721,0.95,0.671
339,7,0.5,0.758,0.25,0.708,0.5,1.0,1.0,0.992
340,,0.35,0.608,0.1,0.558,0.35,0.85,0.85,0.842
341,,0.2,0.458,-0.05,0.408,0.2,0.7,0.7,0.692
342,3,0.45,0.779,0.95,0.729,0.45,0.879,0.85,0.871
343,3,0.7,1.0,1.0,1.0,0.7,1.0,1.0,1.0
344,,0.55,0.85,0.85,0.85,0.55,0.85,0.85,0.85
345,,0.4,0.7,0.7,0.7,0.4,0.7,0.7,0.7
346,,0.25,0.55,0.55,0.55,0.25,0.55,0.55,0.55
347,,0.1,0.4,0.4,0.4,0.1,0.4,0.4,0.4
348,,-0.05,0.25,0.25,0.25,-0.05,0.25,0.25,0.25
349,1,0.95,0.571,0.5,0.429,0.1,0.429,0.5,0.571
350,1,1.0,0.892,0.75,0.608,0.25,0.608,0.75,0.892
351,,0.85,0.742,0.6,0.458,0.1,0.458,0.6,0.742
352,,0.7,0.592,0.45,0.308,-0.05,0.308,0.45,0.592
353,5,0.85,0.771,0.7,0.629,0.95,0.629,0.7,0.771
354,5,1.0,0.95,0.95,0.95,1.0,0.95,0.95,0.95
355,,0.85,0.8,0.8,0.8,0.85,0.8,0.8,0.8
356,,0.7,0.65,0.65,0.65,0.7,0.65,0.65,0.65
357,,0.55,0.5,0.5,0.5,0.55,0.5,0.5,0.5
358,,0.4,0.35,0.35,0.35,0.4,0.35,0.35,0.35
359,,0.25,0.2,0.2,0.2,0.25,0.2,0.2,0.2
360,,0.1,0.05,0.05,0.05,0.1,0.05,0.05,0.05
361,,-0.05,-0.1,-0.1,-0.1,-0.05,-0.1,-0.1,-0.1
362,8,0.271,0.15,0.079,0.05,0.129,0.15,0.221,0.9
363,8,0.592,0.4,0.258,0.2,0.308,0.4,0.542,1.0
364,,0.442,0.25,0.108,0.05,0.158,0.25,0.392,0.85
365,,0.292,0.1,-0.042,-0.1,0.008,0.1,0.242,0.7
366,4,0.471,0.35,0.279,0.9,0.329,0.35,0.421,0.85
367,4,0.65,0.6,0.6,1.0,0.65,0.6,0.6,1.0
368,,0.5,0.45,0.45,0.85,0.5,0.45,0.45,0.85
369,,0.35,0.3,0.3,0.7,0.35,0.3,0.3,0.7
370,,0.2,0.15,0.15,0.55,0.2,0.15,0.15,0.55
371,,0.05,0.0,0.0,0.4,0.05,0.0,0.0,0.4
372,,-0.1,-0.15,-0.15,0.25,-0.1,-0.15,-0.15,0.25
373,2,0.221,0.85,0.171,0.5,0.079,0.0,0.029,0.5
374,2,0.542,1.0,0.492,0.75,0.258,0.15,0.208,0.75
375,,0.392,0.85,0.342,0.6,0.108,0.0,0.058,0.6
376,,0.242,0.7,0.192,0.45,-0.042,-0.15,-0.092,0.45
377,6,0.421,0.85,0.371,0.7,0.279,0.85,0.229,0.7
378,6,0.6,1.0,0.55,0.95,0.6,1.0,0.55,0.95
379,,0.45,0.85,0.4,0.8,0.45,0.85,0.4,0.8
380,,0.3,0.7,0.25,0.65,0.3,0.7,0.25,0.65
381,,0.15,0.55,0.1,0.5,0.15,0.55,0.1,0.5
382,,0.0,0.4,-0.05,0.35,0.0,0.4,-0.05,0.35
383,7,0.25,0.579,0.1,0.529,0.25,0.721,0.95,0.671
384,7,0.5,0.758,0.25,0.708,0.5,1.0,1.0,0.992
385,,0.35,0.608,0.1,0.558,0.35,0.85,0.85,0.842
386,,0.2,0.458,-0.05,0.408,0.2,0.7,0.7,0.692
387,3,0.45,0.779,0.95,0.729,0.45,0.879,0.85,0.871
388,3,0.7,1.0,1.0,1.0,0.7,1.0,1.0,1.0
389,,0.55,0.85,0.85,0.85,0.55,0.85,0.85,0.85
390,,0.4,0.7,0.7,0.7,0.4,0.7,0.7,0.7
391,,0.25,0.55,0.55,0.55,0.25,0.55,0.55,0.55
392,,0.1,0.4,0.4,0.4,0.1,0.4,0.4,0.4
393,,-0.05,0.25,0.25,0.25,-0.05,0.25,0.25,0.25
394,1,0.95,0.571,0.5,0.429,0.1,0.429,0.5,0.571
395,1,1.0,0.892,0.75,0.608,0.25,0.608,0.75,0.892
396,,0.85,0.742,0.6,0.458,0.1,0.458,0.6,0.742
397,,0.7,0.592,0.45,0.308,-0.05,0.308,0.45,0.592
398,5,0.85,0.771,0.7,0.629,0.95,0.629,0.7,0.771
399,5,1.0,0.95,0.95,0.95,1.0,0.95,0.95,0.95
400,,0.85,0.8,0.8,0.8,0.85,0.8,0.8,0.8
401,,0.7,0.65,0.65,0.65,0.7,0.65,0.65,0.65
402,,0.55,0.5,0.5,0.5,0.55,0.5,0.5,0.5
403,,0.4,0.35,0.35,0.35,0.4,0.35,0.35,0.35
404,,0.25,0.2,0.2,0.2,0.25,0.2,0.2,0.2
405,,0.1,0.05,0.05,0.05,0.1,0.05,0.05,0.05
406,,-0.05,-0.1,-0.1,-0.1,-0.05,-0.1,-0.1,-0.1
407,2,0.271,0.9,0.221,0.15,0.129,0.05,0.079,0.15
408,2,0.592,1.0,0.542,0.4,0.308,0.2,0.258,0.4
409,,0.442,0.85,0.392,0.25,0.158,0.05,0.108,0.25
410,,0.292,0.7,0.242,0.1,0.008,-0.1,-0.042,0.1
411,6,0.471,0.85,0.421,0.35,0.329,0.9,0.279,0.35
412,6,0.65,1.0,0.6,0.6,0.65,1.0,0.6,0.6
413,,0.5,0.85,0.45,0.45,0.5,0.85,0.45,0.45
414,,0.35,0.7,0.3,0.3,0.35,0.7,0.3,0.3
415,,0.2,0.55,0.15,0.15,0.2,0.55,0.15,0.15
416,,0.05,0.4,0.0,0.0,0.05,0.4,0.0,0.0
417,,-0.1,0.25,-0.15,-0.15,-0.1,0.25,-0.15,-0.15
418,3,0.15,0.571,0.85,0.171,0.15,0.429,0.0,0.029
419,3,0.4,0.892,1.0,0.492,0.4,0.608,0.15,0.208
420,,0.25,0.742,0.85,0.342,0.25,0.458,0.0,0.058
421,,0.1,0.592,0.7,0.192,0.1,0.308,-0.15,-0.092
422,7,0.35,0.771,0.85,0.371,0.35,0.629,0.85,0.229
423,7,0.6,0.95,1.0,0.55,0.6,0.95,1.0,0.55
424,,0.45,0.8,0.85,0.4,0.45,0.8,0.85,0.4
425,,0.3,0.65,0.7,0.25,0.3,0.65,0.7,0.25
426,,0.15,0.5,0.55,0.1,0.15,0.5,0.55,0.1
427,,0.0,0.35,0.4,-0.05,0.0,0.35,0.4,-0.05
428,8,0.321,0.6,0.579,0.1,0.179,0.6,0.721,0.95
429,8,0.642,0.85,0.758,0.25,0.358,0.85,1.0,1.0
430,,0.492,0.7,0.608,0.1,0.208,0.7,0.85,0.85
431,,0.342,0.55,0.458,-0.05,0.058,0.55,0.7,0.7
432,4,0.521,0.8,0.779,0.95,0.379,0.8,0.879,0.85
433,4,0.7,1.0,1.0,1.0,0.7,1.0,1.0,1.0
434,,0.55,0.85,0.85,0.85,0.55,0.85,0.85,0.85
435,,0.4,0.7,0.7,0.7,0.4,0.7,0.7,0.7
436,,0.25,0.55,0.55,0.55,0.25,0.55,0.55,0.55
437,,0.1,0.4,0.4,0.4,0.1,0.4,0.4,0.4
438,,-0.05,0.25,0.25,0.25,-0.05,0.25,0.25,0.25
439,1,0.95,0.571,0.5,0.429,0.1,0.429,0.5,0.571
440,1,1.0,0.892,0.75,0.608,0.25,0.608,0.75,0.892
441,,0.85,0.742,0.6,0.458,0.1,0.458,0.6,0.742
442,,0.7,0.592,0.45,0.308,-0.05,0.308,0.45,0.592
443,5,0.85,0.771,0.7,0.629,0.95,0.629,0.7,0.771
444,5,1.0,0.95,0.95,0.95,1.0,0.95,0.95,0.95
445,,0.85,0.8,0.8,0.8,0.85,0.8,0.8,0.8
446,,0.7,0.65,0.65,0.65,0.7,0.65,0.65,0.65
447,,0.55,0.5,0.5,0.5,0.55,0.5,0.5,0.5
448,,0.4,0.35,0.35,0.35,0.4,0.35,0.35,0.35
449,,0.25,0.2,0.2,0.2,0.25,0.2,0.2,0.2
450,,0.1,0.05,0.05,0.05,0.1,0.05,0.05,0.05
451,,-0.05,-0.1,-0.1,-0.1,-0.05,-0.1,-0.1,-0.1
452,4,0.129,0.15,0.221,0.9,0.271,0.15,0.079,0.05
453,4,0.308,0.4,0.542,1.0,0.592,0.4,0.258,0.2
454,,0.158,0.25,0.392,0.85,0.442,0.25,0.108,0.05
455,,0.008,0.1,0.242,0.7,0.292,0.1,-0.042,-0.1
456,8,0.329,0.35,0.421,0.85,0.471,0.35,0.279,0.9
457,8,0.65,0.6,0.6,1.0,0.65,0.6,0.6,1.0
458,,0.5,0.45,0.45,0.85,0.5,0.45,0.45,0.85
459,,0.35,0.3,0.3,0.7,0.35,0.3,0.3,0.7
460,,0.2,0.15,0.15,0.55,0.2,0.15,0.15,0.55
461,,0.05,0.0,0.0,0.4,0.05,0.0,0.0,0.4
462,,-0.1,-0.15,-0.15,0.25,-0.1,-0.15,-0.15,0.25
463,7,0.15,0.029,0.0,0.429,0.15,0.171,0.85,0.571
464,7,0.4,0.208,0.15,0.608,0.4,0.492,1.0,0.892
465,,0.25,0.058,0.0,0.458,0.25,0.342,0.85,0.742
466,,0.1,-0.092,-0.15,0.308,0.1,0.192,0.7,0.592
467,3,0.35,0.229,0.85,0.629,0.35,0.371,0.85,0.771
468,3,0.6,0.55,1.0,0.95,0.6,0.55,1.0,0.95
469,,0.45,0.4,0.85,0.8,0.45,0.4,0.85,0.8
470,,0.3,0.25,0.7,0.65,0.3,0.25,0.7,0.65
471,,0.15,0.1,0.55,0.5,0.15,0.1,0.55,0.5
472,,0.0,-0.05,0.4,0.35,0.0,-0.05,0.4,0.35
473,2,0.321,0.95,0.721,0.6,0.179,0.1,0.579,0.6
474,2,0.642,1.0,1.0,0.85,0.358,0.25,0.758,0.85
475,,0.492,0.85,0.85,0.7,0.208,0.1,0.608,0.7
476,,0.342,0.7,0.7,0.55,0.058,-0.05,0.458,0.55
477,6,0.521,0.85,0.879,0.8,0.379,0.95,0.779,0.8
478,6,0.7,1.0,1.0,1.0,0.7,1.0,1.0,1.0
479,,0.55,0.85,0.85,0.85,0.55,0.85,0.85,0.85
480,,0.4,0.7,0.7,0.7,0.4,0.7,0.7,0.7
481,,0.25,0.55,0.55,0.55,0.25,0.55,0.55,0.55
482,,0.1,0.4,0.4,0.4,0.1,0.4,0.4,0.4
483,,-0.05,0.25,0.25,0.25,-0.05,0.25,0.25,0.25
484,5,0.1,0.429,0.5,0.571,0.95,0.571,0.5,0.429
485,5,0.25,0.608,0.75,0.892,1.0,0.892,0.75,0.608
486,,0.1,0.458,0.6,0.742,0.85,0.742,0.6,0.458
487,,-0.05,0.308,0.45,0.592,0.7,0.592,0.45,0.308
488,1,0.95,0.629,0.7,0.771,0.85,0.771,0.7,0.629
489,1,1.0,0.95,0.95,0.95,1.0,0.95,0.95,0.95
490,,0.85,0.8,0.8,0.8,0.85,0.8,0.8,0.8
491,,0.7,0.65,0.65,0.65,0.7,0.65,0.65,0.65
492,,0.55,0.5,0.5,0.5,0.55,0.5,0.5,0.5
493,,0.4,0.35,0.35,0.35,0.4,0.35,0.35,0.35
494,,0.25,0.2,0.2,0.2,0.25,0.2,0.2,0.2
495,,0.1,0.05,0.05,0.05,0.1,0.05,0.05,0.05
496,,-0.05,-0.1,-0.1,-0.1,-0.05,-0.1,-0.1,-0.1
497,2,0.271,0.9,0.221,0.15,0.129,0.05,0.079,0.15
498,2,0.592,1.0,0.542,0.4,0.308,0.2,0.258,0.4
499,,0.442,0.85,0.392,0.25,0.158,0.05,0.108,0.25
