step,active_motive,motive_1,motive_2,motive_3,motive_4,motive_5,motive_6,motive_7,motive_8
0,,0.02524,0.07133,0.08952,0.05117,0.05321,0.01072,0.04474,0.05326
1,,-0.12476,-0.07867,-0.06048,-0.09883,-0.09679,-0.13928,-0.10526,-0.09674
2,6,0.05424,0.07133,0.11852,0.15117,0.22421,0.86072,0.21574,0.15326
3,6,0.23324,0.22133,0.29752,0.40117,0.54521,1.0,0.53674,0.40326
4,,0.08324,0.07133,0.14752,0.25117,0.39521,0.85,0.38674,0.25326
5,,-0.06676,-0.07867,-0.00248,0.10117,0.24521,0.7,0.23674,0.10326
6,2,0.25424,0.92133,0.31852,0.35117,0.42421,0.85,0.41574,0.35326
7,2,0.57524,1.0,0.63952,0.60117,0.60321,1.0,0.59474,0.60326
8,,0.42524,0.85,0.48952,0.45117,0.45321,0.85,0.44474,0.45326
9,,0.27524,0.7,0.33952,0.30117,0.30321,0.7,0.29474,0.30326
10,,0.12524,0.55,0.18952,0.15117,0.15321,0.55,0.14474,0.15326
11,,-0.02476,0.4,0.03952,0.00117,0.00321,0.4,-0.00526,0.00326
12,1,0.97524,0.721,0.28952,0.18017,0.15321,0.579,0.24474,0.32426
13,1,1.0,1.0,0.53952,0.35917,0.30321,0.758,0.49474,0.64526
14,,0.85,0.85,0.38952,0.20917,0.15321,0.608,0.34474,0.49526
15,,0.7,0.7,0.23952,0.05917,0.00321,0.458,0.19474,0.34526
16,,0.55,0.55,0.08952,-0.09083,-0.14679,0.308,0.04474,0.19526
17,5,0.7,0.729,0.33952,0.23017,0.85321,0.629,0.29474,0.37426
18,5,0.85,0.908,0.58952,0.55117,1.0,0.95,0.54474,0.55326
19,,0.7,0.758,0.43952,0.40117,0.85,0.8,0.39474,0.40326
20,,0.55,0.608,0.28952,0.25117,0.7,0.65,0.24474,0.25326
21,,0.4,0.458,0.13952,0.10117,0.55,0.5,0.09474,0.10326
22,,0.25,0.308,-0.01048,-0.04883,0.4,0.35,-0.05526,-0.04674
23,7,0.5,0.487,0.13952,0.13017,0.65,0.671,0.94474,0.27426
24,7,0.75,0.666,0.28952,0.30917,0.9,0.992,1.0,0.59526
25,,0.6,0.516,0.13952,0.15917,0.75,0.842,0.85,0.44526
26,,0.45,0.366,-0.01048,0.00917,0.6,0.692,0.7,0.29526
27,3,0.7,0.687,0.98952,0.33017,0.85,0.871,0.85,0.47426
28,3,0.95,1.0,1.0,0.65117,1.0,1.0,1.0,0.65326
29,,0.8,0.85,0.85,0.50117,0.85,0.85,0.85,0.50326
30,,0.65,0.7,0.7,0.35117,0.7,0.7,0.7,0.35326
31,,0.5,0.55,0.55,0.20117,0.55,0.55,0.55,0.20326
32,,0.35,0.4,0.4,0.05117,0.4,0.4,0.4,0.05326
33,,0.2,0.25,0.25,-0.09883,0.25,0.25,0.25,-0.09674
34,4,0.379,0.5,0.571,0.90117,0.571,0.5,0.429,0.05326
35,4,0.558,0.75,0.892,1.0,0.892,0.75,0.608,0.20326
36,,0.408,0.6,0.742,0.85,0.742,0.6,0.458,0.05326
37,,0.258,0.45,0.592,0.7,0.592,0.45,0.308,-0.09674
38,8,0.579,0.7,0.771,0.85,0.771,0.7,0.629,0.90326
39,8,0.9,0.95,0.95,1.0,0.95,0.95,0.95,1.0
40,,0.75,0.8,0.8,0.85,0.8,0.8,0.8,0.85
41,,0.6,0.65,0.65,0.7,0.65,0.65,0.65,0.7
42,,0.45,0.5,0.5,0.55,0.5,0.5,0.5,0.55
43,,0.3,0.35,0.35,0.4,0.35,0.35,0.35,0.4
44,,0.15,0.2,0.2,0.25,0.2,0.2,0.2,0.25
45,,0.0,0.05,0.05,0.1,0.05,0.05,0.05,0.1
46,,-0.15,-0.1,-0.1,-0.05,-0.1,-0.1,-0.1,-0.05
47,1,0.85,0.221,0.15,0.129,0.05,0.079,0.15,0.271
48,1,1.0,0.542,0.4,0.308,0.2,0.258,0.4,0.592
49,,0.85,0.392,0.25,0.158,0.05,0.108,0.25,0.442
50,,0.7,0.242,0.1,0.008,-0.1,-0.042,0.1,0.292
51,5,0.85,0.421,0.35,0.329,0.9,0.279,0.35,0.471
52,5,1.0,0.6,0.6,0.65,1.0,0.6,0.6,0.65
53,,0.85,0.45,0.45,0.5,0.85,0.45,0.45,0.5
54,,0.7,0.3,0.3,0.35,0.7,0.3,0.3,0.35
55,,0.55,0.15,0.15,0.2,0.55,0.15,0.15,0.2
56,,0.4,0.0,0.0,0.05,0.4,0.0,0.0,0.05
57,,0.25,-0.15,-0.15,-0.1,0.25,-0.15,-0.15,-0.1
58,6,0.429,0.0,0.029,0.15,0.571,0.85,0.171,0.15
59,6,0.608,0.15,0.208,0.4,0.892,1.0,0.492,0.4
60,,0.458,0.0,0.058,0.25,0.742,0.85,0.342,0.25
61,,0.308,-0.15,-0.092,0.1,0.592,0.7,0.192,0.1
62,2,0.629,0.85,0.229,0.35,0.771,0.85,0.371,0.35
63,2,0.95,1.0,0.55,0.6,0.95,1.0,0.55,0.6
64,,0.8,0.85,0.4,0.45,0.8,0.85,0.4,0.45
65,,0.65,0.7,0.25,0.3,0.65,0.7,0.25,0.3
66,,0.5,0.55,0.1,0.15,0.5,0.55,0.1,0.15
67,,0.35,0.4,-0.05,0.0,0.35,0.4,-0.05,0.0
68,7,0.6,0.579,0.1,0.179,0.6,0.721,0.95,0.321
69,7,0.85,0.758,0.25,0.358,0.85,1.0,1.0,0.642
70,,0.7,0.608,0.1,0.208,0.7,0.85,0.85,0.492
71,,0.55,0.458,-0.05,0.058,0.55,0.7,0.7,0.342
72,3,0.8,0.779,0.95,0.379,0.8,0.879,0.85,0.521
73,3,1.0,1.0,1.0,0.7,1.0,1.0,1.0,0.7
74,,0.85,0.85,0.85,0.55,0.85,0.85,0.85,0.55
75,,0.7,0.7,0.7,0.4,0.7,0.7,0.7,0.4
76,,0.55,0.55,0.55,0.25,0.55,0.55,0.55,0.25
77,,0.4,0.4,0.4,0.1,0.4,0.4,0.4,0.1
78,,0.25,0.25,0.25,-0.05,0.25,0.25,0.25,-0.05
79,4,0.429,0.5,0.571,0.95,0.571,0.5,0.429,0.1
80,4,0.608,0.75,0.892,1.0,0.892,0.75,0.608,0.25
81,,0.458,0.6,0.742,0.85,0.742,0.6,0.458,0.1
82,,0.308,0.45,0.592,0.7,0.592,0.45,0.308,-0.05
83,8,0.629,0.7,0.771,0.85,0.771,0.7,0.629,0.95
84,8,0.95,0.95,0.95,1.0,0.95,0.95,0.95,1.0
85,,0.8,0.8,0.8,0.85,0.8,0.8,0.8,0.85
86,,0.65,0.65,0.65,0.7,0.65,0.65,0.65,0.7
87,,0.5,0.5,0.5,0.55,0.5,0.5,0.5,0.55
88,,0.35,0.35,0.35,0.4,0.35,0.35,0.35,0.4
89,,0.2,0.2,0.2,0.25,0.2,0.2,0.2,0.25
90,,0.05,0.05,0.05,0.1,0.05,0.05,0.05,0.1
91,,-0.1,-0.1,-0.1,-0.05,-0.1,-0.1,-0.1,-0.05
92,6,0.079,0.05,0.079,0.2,0.221,0.9,0.221,0.2
93,6,0.258,0.2,0.258,0.45,0.542,1.0,0.542,0.45
94,,0.108,0.05,0.108,0.3,0.392,0.85,0.392,0.3
95,,-0.042,-0.1,-0.042,0.15,0.242,0.7,0.242,0.15
96,2,0.279,0.9,0.279,0.4,0.421,0.85,0.421,0.4
97,2,0.6,1.0,0.6,0.65,0.6,1.0,0.6,0.65
98,,0.45,0.85,0.45,0.5,0.45,0.85,0.45,0.5
99,,0.3,0.7,0.3,0.35,0.3,0.7,0.3,0.35
100,,0.15,0.55,0.15,0.2,0.15,0.55,0.15,0.2
101,,0.0,0.4,0.0,0.05,0.0,0.4,0.0,0.05
102,,-0.15,0.25,-0.15,-0.1,-0.15,0.25,-0.15,-0.1
103,7,0.1,0.429,0.0,0.079,0.1,0.571,0.85,0.221
104,7,0.35,0.608,0.15,0.258,0.35,0.892,1.0,0.542
105,,0.2,0.458,0.0,0.108,0.2,0.742,0.85,0.392
106,,0.05,0.308,-0.15,-0.042,0.05,0.592,0.7,0.242
107,3,0.3,0.629,0.85,0.279,0.3,0.771,0.85,0.421
108,3,0.55,0.95,1.0,0.6,0.55,0.95,1.0,0.6
109,,0.4,0.8,0.85,0.45,0.4,0.8,0.85,0.45
110,,0.25,0.65,0.7,0.3,0.25,0.65,0.7,0.3
111,,0.1,0.5,0.55,0.15,0.1,0.5,0.55,0.15
112,,-0.05,0.35,0.4,0.0,-0.05,0.35,0.4,0.0
113,5,0.1,0.529,0.65,0.321,0.95,0.671,0.65,0.179
114,5,0.25,0.708,0.9,0.642,1.0,0.992,0.9,0.358
115,,0.1,0.558,0.75,0.492,0.85,0.842,0.75,0.208
116,,-0.05,0.408,0.6,0.342,0.7,0.692,0.6,0.058
117,1,0.95,0.729,0.85,0.521,0.85,0.871,0.85,0.379
118,1,1.0,1.0,1.0,0.7,1.0,1.0,1.0,0.7
119,,0.85,0.85,0.85,0.55,0.85,0.85,0.85,0.55
120,,0.7,0.7,0.7,0.4,0.7,0.7,0.7,0.4
121,,0.55,0.55,0.55,0.25,0.55,0.55,0.55,0.25
122,,0.4,0.4,0.4,0.1,0.4,0.4,0.4,0.1
123,,0.25,0.25,0.25,-0.05,0.25,0.25,0.25,-0.05
124,4,0.429,0.5,0.571,0.95,0.571,0.5,0.429,0.1
125,4,0.608,0.75,0.892,1.0,0.892,0.75,0.608,0.25
126,,0.458,0.6,0.742,0.85,0.742,0.6,0.458,0.1
127,,0.308,0.45,0.592,0.7,0.592,0.45,0.308,-0.05
128,8,0.629,0.7,0.771,0.85,0.771,0.7,0.629,0.95
129,8,0.95,0.95,0.95,1.0,0.95,0.95,0.95,1.0
130,,0.8,0.8,0.8,0.85,0.8,0.8,0.8,0.85
131,,0.65,0.65,0.65,0.7,0.65,0.65,0.65,0.7
132,,0.5,0.5,0.5,0.55,0.5,0.5,0.5,0.55
133,,0.35,0.35,0.35,0.4,0.35,0.35,0.35,0.4
134,,0.2,0.2,0.2,0.25,0.2,0.2,0.2,0.25
135,,0.05,0.05,0.05,0.1,0.05,0.05,0.05,0.1
136,,-0.1,-0.1,-0.1,-0.05,-0.1,-0.1,-0.1,-0.05
137,1,0.9,0.221,0.15,0.129,0.05,0.079,0.15,0.271
138,1,1.0,0.542,0.4,0.308,0.2,0.258,0.4,0.592
139,,0.85,0.392,0.25,0.158,0.05,0.108,0.25,0.442
140,,0.7,0.242,0.1,0.008,-0.1,-0.042,0.1,0.292
141,5,0.85,0.421,0.35,0.329,0.9,0.279,0.35,0.471
142,5,1.0,0.6,0.6,0.65,1.0,0.6,0.6,0.65
143,,0.85,0.45,0.45,0.5,0.85,0.45,0.45,0.5
144,,0.7,0.3,0.3,0.35,0.7,0.3,0.3,0.35
145,,0.55,0.15,0.15,0.2,0.55,0.15,0.15,0.2
146,,0.4,0.0,0.0,0.05,0.4,0.0,0.0,0.05
147,,0.25,-0.15,-0.15,-0.1,0.25,-0.15,-0.15,-0.1
148,2,0.571,0.85,0.171,0.15,0.429,0.0,0.029,0.15
149,2,0.892,1.0,0.492,0.4,0.608,0.15,0.208,0.4
150,,0.742,0.85,0.342,0.25,0.458,0.0,0.058,0.25
151,,0.592,0.7,0.192,0.1,0.308,-0.15,-0.092,0.1
152,6,0.771,0.85,0.371,0.35,0.629,0.85,0.229,0.35
153,6,0.95,1.0,0.55,0.6,0.95,1.0,0.55,0.6
154,,0.8,0.85,0.4,0.45,0.8,0.85,0.4,0.45
155,,0.65,0.7,0.25,0.3,0.65,0.7,0.25,0.3
156,,0.5,0.55,0.1,0.15,0.5,0.55,0.1,0.15
157,,0.35,0.4,-0.05,0.0,0.35,0.4,-0.05,0.0
158,3,0.6,0.721,0.95,0.321,0.6,0.579,0.1,0.179
159,3,0.85,1.0,1.0,0.642,0.85,0.758,0.25,0.358
160,,0.7,0.85,0.85,0.492,0.7,0.608,0.1,0.208
161,,0.55,0.7,0.7,0.342,0.55,0.458,-0.05,0.058
162,7,0.8,0.879,0.85,0.521,0.8,0.779,0.95,0.379
163,7,1.0,1.0,1.0,0.7,1.0,1.0,1.0,0.7
164,,0.85,0.85,0.85,0.55,0.85,0.85,0.85,0.55
165,,0.7,0.7,0.7,0.4,0.7,0.7,0.7,0.4
166,,0.55,0.55,0.55,0.25,0.55,0.55,0.55,0.25
167,,0.4,0.4,0.4,0.1,0.4,0.4,0.4,0.1
168,,0.25,0.25,0.25,-0.05,0.25,0.25,0.25,-0.05
169,8,0.571,0.5,0.429,0.1,0.429,0.5,0.571,0.95
170,8,0.892,0.75,0.608,0.25,0.608,0.75,0.892,1.0
171,,0.742,0.6,0.458,0.1,0.458,0.6,0.742,0.85
172,,0.592,0.45,0.308,-0.05,0.308,0.45,0.592,0.7
173,4,0.771,0.7,0.629,0.95,0.629,0.7,0.771,0.85
174,4,0.95,0.95,0.95,1.0,0.95,0.95,0.95,1.0
175,,0.8,0.8,0.8,0.85,0.8,0.8,0.8,0.85
176,,0.65,0.65,0.65,0.7,0.65,0.65,0.65,0.7
177,,0.5,0.5,0.5,0.55,0.5,0.5,0.5,0.55
178,,0.35,0.35,0.35,0.4,0.35,0.35,0.35,0.4
179,,0.2,0.2,0.2,0.25,0.2,0.2,0.2,0.25
180,,0.05,0.05,0.05,0.1,0.05,0.05,0.05,0.1
181,,-0.1,-0.1,-0.1,-0.05,-0.1,-0.1,-0.1,-0.05
182,2,0.221,0.9,0.221,0.2,0.079,0.05,0.079,0.2
183,2,0.542,1.0,0.542,0.45,0.258,0.2,0.258,0.45
184,,0.392,0.85,0.392,0.3,0.108,0.05,0.108,0.3
185,,0.242,0.7,0.242,0.15,-0.042,-0.1,-0.042,0.15
186,6,0.421,0.85,0.421,0.4,0.279,0.9,0.279,0.4
187,6,0.6,1.0,0.6,0.65,0.6,1.0,0.6,0.65
188,,0.45,0.85,0.45,0.5,0.45,0.85,0.45,0.5
189,,0.3,0.7,0.3,0.35,0.3,0.7,0.3,0.35
190,,0.15,0.55,0.15,0.2,0.15,0.55,0.15,0.2
191,,0.0,0.4,0.0,0.05,0.0,0.4,0.0,0.05
192,,-0.15,0.25,-0.15,-0.1,-0.15,0.25,-0.15,-0.1
193,3,0.1,0.571,0.85,0.221,0.1,0.429,0.0,0.079
194,3,0.35,0.892,1.0,0.542,0.35,0.608,0.15,0.258
195,,0.2,0.742,0.85,0.392,0.2,0.458,0.0,0.108
196,,0.05,0.592,0.7,0.242,0.05,0.308,-0.15,-0.042
197,7,0.3,0.771,0.85,0.421,0.3,0.629,0.85,0.279
198,7,0.55,0.95,1.0,0.6,0.55,0.95,1.0,0.6
199,,0.4,0.8,0.85,0.45,0.4,0.8,0.85,0.45
200,,0.25,0.65,0.7,0.3,0.25,0.65,0.7,0.3
201,,0.1,0.5,0.55,0.15,0.1,0.5,0.55,0.15
202,,-0.05,0.35,0.4,0.0,-0.05,0.35,0.4,0.0
203,5,0.1,0.529,0.65,0.321,0.95,0.671,0.65,0.179
204,5,0.25,0.708,0.9,0.642,1.0,0.992,0.9,0.358
205,,0.1,0.558,0.75,0.492,0.85,0.842,0.75,0.208
206,,-0.05,0.408,0.6,0.342,0.7,0.692,0.6,0.058
207,1,0.95,0.729,0.85,0.521,0.85,0.871,0.85,0.379
208,1,1.0,1.0,1.0,0.7,1.0,1.0,1.0,0.7
209,,0.85,0.85,0.85,0.55,0.85,0.85,0.85,0.55
210,,0.7,0.7,0.7,0.4,0.7,0.7,0.7,0.4
211,,0.55,0.55,0.55,0.25,0.55,0.55,0.55,0.25
212,,0.4,0.4,0.4,0.1,0.4,0.4,0.4,0.1
213,,0.25,0.25,0.25,-0.05,0.25,0.25,0.25,-0.05
214,4,0.429,0.5,0.571,0.95,0.571,0.5,0.429,0.1
215,4,0.608,0.75,0.892,1.0,0.892,0.75,0.608,0.25
216,,0.458,0.6,0.742,0.85,0.742,0.6,0.458,0.1
217,,0.308,0.45,0.592,0.7,0.592,0.45,0.308,-0.05
218,8,0.629,0.7,0.771,0.85,0.771,0.7,0.629,0.95
219,8,0.95,0.95,0.95,1.0,0.95,0.95,0.95,1.0
220,,0.8,0.8,0.8,0.85,0.8,0.8,0.8,0.85
221,,0.65,0.65,0.65,0.7,0.65,0.65,0.65,0.7
222,,0.5,0.5,0.5,0.55,0.5,0.5,0.5,0.55
223,,0.35,0.35,0.35,0.4,0.35,0.35,0.35,0.4
224,,0.2,0.2,0.2,0.25,0.2,0.2,0.2,0.25
225,,0.05,0.05,0.05,0.1,0.05,0.05,0.05,0.1
226,,-0.1,-0.1,-0.1,-0.05,-0.1,-0.1,-0.1,-0.05
227,1,0.9,0.221,0.15,0.129,0.05,0.079,0.15,0.271
228,1,1.0,0.542,0.4,0.308,0.2,0.258,0.4,0.592
229,,0.85,0.392,0.25,0.158,0.05,0.108,0.25,0.442
230,,0.7,0.242,0.1,0.008,-0.1,-0.042,0.1,0.292
231,5,0.85,0.421,0.35,0.329,0.9,0.279,0.35,0.471
232,5,1.0,0.6,0.6,0.65,1.0,0.6,0.6,0.65
233,,0.85,0.45,0.45,0.5,0.85,0.45,0.45,0.5
234,,0.7,0.3,0.3,0.35,0.7,0.3,0.3,0.35
235,,0.55,0.15,0.15,0.2,0.55,0.15,0.15,0.2
236,,0.4,0.0,0.0,0.05,0.4,0.0,0.0,0.05
237,,0.25,-0.15,-0.15,-0.1,0.25,-0.15,-0.15,-0.1
238,2,0.571,0.85,0.171,0.15,0.429,0.0,0.029,0.15
239,2,0.892,1.0,0.492,0.4,0.608,0.15,0.208,0.4
240,,0.742,0.85,0.342,0.25,0.458,0.0,0.058,0.25
241,,0.592,0.7,0.192,0.1,0.308,-0.15,-0.092,0.1
242,6,0.771,0.85,0.371,0.35,0.629,0.85,0.229,0.35
243,6,0.95,1.0,0.55,0.6,0.95,1.0,0.55,0.6
244,,0.8,0.85,0.4,0.45,0.8,0.85,0.4,0.45
245,,0.65,0.7,0.25,0.3,0.65,0.7,0.25,0.3
246,,0.5,0.55,0.1,0.15,0.5,0.55,0.1,0.15
247,,0.35,0.4,-0.05,0.0,0.35,0.4,-0.05,0.0
248,7,0.6,0.579,0.1,0.179,0.6,0.721,0.95,0.321
249,7,0.85,0.758,0.25,0.358,0.85,1.0,1.0,0.642
250,,0.7,0.608,0.1,0.208,0.7,0.85,0.85,0.492
251,,0.55,0.458,-0.05,0.058,0.55,0.7,0.7,0.342
252,3,0.8,0.779,0.95,0.379,0.8,0.879,0.85,0.521
253,3,1.0,1.0,1.0,0.7,1.0,1.0,1.0,0.7
254,,0.85,0.85,0.85,0.55,0.85,0.85,0.85,0.55
255,,0.7,0.7,0.7,0.4,0.7,0.7,0.7,0.4
256,,0.55,0.55,0.55,0.25,0.55,0.55,0.55,0.25
257,,0.4,0.4,0.4,0.1,0.4,0.4,0.4,0.1
258,,0.25,0.25,0.25,-0.05,0.25,0.25,0.25,-0.05
259,4,0.429,0.5,0.571,0.95,0.571,0.5,0.429,0.1
260,4,0.608,0.75,0.892,1.0,0.892,0.75,0.608,0.25
261,,0.458,0.6,0.742,0.85,0.742,0.6,0.458,0.1
262,,0.308,0.45,0.592,0.7,0.592,0.45,0.308,-0.05
263,8,0.629,0.7,0.771,0.85,0.771,0.7,0.629,0.95
264,8,0.95,0.95,0.95,1.0,0.95,0.95,0.95,1.0
265,,0.8,0.8,0.8,0.85,0.8,0.8,0.8,0.85
266,,0.65,0.65,0.65,0.7,0.65,0.65,0.65,0.7
267,,0.5,0.5,0.5,0.55,0.5,0.5,0.5,0.55
268,,0.35,0.35,0.35,0.4,0.35,0.35,0.35,0.4
269,,0.2,0.2,0.2,0.25,0.2,0.2,0.2,0.25
270,,0.05,0.05,0.05,0.1,0.05,0.05,0.05,0.1
271,,-0.1,-0.1,-0.1,-0.05,-0.1,-0.1,-0.1,-0.05
272,5,0.05,0.079,0.15,0.271,0.9,0.221,0.15,0.129
273,5,0.2,0.258,0.4,0.592,1.0,0.542,0.4,0.308
274,,0.05,0.108,0.25,0.442,0.85,0.392,0.25,0.158
275,,-0.1,-0.042,0.1,0.292,0.7,0.242,0.1,0.008
276,1,0.9,0.279,0.35,0.471,0.85,0.421,0.35,0.329
277,1,1.0,0.6,0.6,0.65,1.0,0.6,0.6,0.65
278,,0.85,0.45,0.45,0.5,0.85,0.45,0.45,0.5
279,,0.7,0.3,0.3,0.35,0.7,0.3,0.3,0.35
280,,0.55,0.15,0.15,0.2,0.55,0.15,0.15,0.2
281,,0.4,0.0,0.0,0.05,0.4,0.0,0.0,0.05
282,,0.25,-0.15,-0.15,-0.1,0.25,-0.15,-0.15,-0.1
283,3,0.5,0.171,0.85,0.221,0.5,0.029,0.0,0.079
284,3,0.75,0.492,1.0,0.542,0.75,0.208,0.15,0.258
285,,0.6,0.342,0.85,0.392,0.6,0.058,0.0,0.108
286,,0.45,0.192,0.7,0.242,0.45,-0.092,-0.15,-0.042
287,7,0.7,0.371,0.85,0.421,0.7,0.229,0.85,0.279
288,7,0.95,0.55,1.0,0.6,0.95,0.55,1.0,0.6
289,,0.8,0.4,0.85,0.45,0.8,0.4,0.85,0.45
290,,0.65,0.25,0.7,0.3,0.65,0.25,0.7,0.3
291,,0.5,0.1,0.55,0.15,0.5,0.1,0.55,0.15
292,,0.35,-0.05,0.4,0.0,0.35,-0.05,0.4,0.0
293,2,0.671,0.95,0.721,0.25,0.529,0.1,0.579,0.25
294,2,0.992,1.0,1.0,0.5,0.708,0.25,0.758,0.5
295,,0.842,0.85,0.85,0.35,0.558,0.1,0.608,0.35
296,,0.692,0.7,0.7,0.2,0.408,-0.05,0.458,0.2
297,6,0.871,0.85,0.879,0.45,0.729,0.95,0.779,0.45
298,6,1.0,1.0,1.0,0.7,1.0,1.0,1.0,0.7
299,,0.85,0.85,0.85,0.55,0.85,0.85,0.85,0.55
300,,0.7,0.7,0.7,0.4,0.7,0.7,0.7,0.4
301,,0.55,0.55,0.55,0.25,0.55,0.55,0.55,0.25
302,,0.4,0.4,0.4,0.1,0.4,0.4,0.4,0.1
303,,0.25,0.25,0.25,-0.05,0.25,0.25,0.25,-0.05
304,4,0.429,0.5,0.571,0.95,0.571,0.5,0.429,0.1
305,4,0.608,0.75,0.892,1.0,0.892,0.75,0.608,0.25
306,,0.458,0.6,0.742,0.85,0.742,0.6,0.458,0.1
307,,0.308,0.45,0.592,0.7,0.592,0.45,0.308,-0.05
308,8,0.629,0.7,0.771,0.85,0.771,0.7,0.629,0.95
309,8,0.95,0.95,0.95,1.0,0.95,0.95,0.95,1.0
310,,0.8,0.8,0.8,0.85,0.8,0.8,0.8,0.85
311,,0.65,0.65,0.65,0.7,0.65,0.65,0.65,0.7
312,,0.5,0.5,0.5,0.55,0.5,0.5,0.5,0.55
313,,0.35,0.35,0.35,0.4,0.35,0.35,0.35,0.4
314,,0.2,0.2,0.2,0.25,0.2,0.2,0.2,0.25
315,,0.05,0.05,0.05,0.1,0.05,0.05,0.05,0.1
316,,-0.1,-0.1,-0.1,-0.05,-0.1,-0.1,-0.1,-0.05
317,6,0.079,0.05,0.079,0.2,0.221,0.9,0.221,0.2
318,6,0.258,0.2,0.258,0.45,0.542,1.0,0.542,0.45
319,,0.108,0.05,0.108,0.3,0.392,0.85,0.392,0.3
320,,-0.042,-0.1,-0.042,0.15,0.242,0.7,0.242,0.15
321,2,0.279,0.9,0.279,0.4,0.421,0.85,0.421,0.4
322,2,0.6,1.0,0.6,0.65,0.6,1.0,0.6,0.65
323,,0.45,0.85,0.45,0.5,0.45,0.85,0.45,0.5
324,,0.3,0.7,0.3,0.35,0.3,0.7,0.3,0.35
325,,0.15,0.55,0.15,0.2,0.15,0.55,0.15,0.2
326,,0.0,0.4,0.0,0.05,0.0,0.4,0.0,0.05
327,,-0.15,0.25,-0.15,-0.1,-0.15,0.25,-0.15,-0.1
328,3,0.1,0.571,0.85,0.221,0.1,0.429,0.0,0.079
329,3,0.35,0.892,1.0,0.542,0.35,0.608,0.15,0.258
330,,0.2,0.742,0.85,0.392,0.2,0.458,0.0,0.108
331,,0.05,0.592,0.7,0.242,0.05,0.308,-0.15,-0.042
332,7,0.3,0.771,0.85,0.421,0.3,0.629,0.85,0.279
333,7,0.55,0.95,1.0,0.6,0.55,0.95,1.0,0.6
334,,0.4,0.8,0.85,0.45,0.4,0.8,0.85,0.45
335,,0.25,0.65,0.7,0.3,0.25,0.65,0.7,0.3
336,,0.1,0.5,0.55,0.15,0.1,0.5,0.55,0.15
337,,-0.05,0.35,0.4,0.0,-0.05,0.35,0.4,0.0
338,1,0.95,0.671,0.65,0.179,0.1,0.529,0.65,0.321
339,1,1.0,0.992,0.9,0.358,0.25,0.708,0.9,0.642
340,,0.85,0.842,0.75,0.208,0.1,0.558,0.75,0.492
341,,0.7,0.692,0.6,0.058,-0.05,0.408,0.6,0.342
342,5,0.85,0.871,0.85,0.379,0.95,0.729,0.85,0.521
343,5,1.0,1.0,1.0,0.7,1.0,1.0,1.0,0.7
344,,0.85,0.85,0.85,0.55,0.85,0.85,0.85,0.55
345,,0.7,0.7,0.7,0.4,0.7,0.7,0.7,0.4
346,,0.55,0.55,0.55,0.25,0.55,0.55,0.55,0.25
347,,0.4,0.4,0.4,0.1,0.4,0.4,0.4,0.1
348,,0.25,0.25,0.25,-0.05,0.25,0.25,0.25,-0.05
349,8,0.571,0.5,0.429,0.1,0.429,0.5,0.571,0.95
350,8,0.892,0.75,0.608,0.25,0.608,0.75,0.892,1.0
351,,0.742,0.6,0.458,0.1,0.458,0.6,0.742,0.85
352,,0.592,0.45,0.308,-0.05,0.308,0.45,0.592,0.7
353,4,0.771,0.7,0.629,0.95,0.629,0.7,0.771,0.85
354,4,0.95,0.95,0.95,1.0,0.95,0.95,0.95,1.0
355,,0.8,0.8,0.8,0.85,0.8,0.8,0.8,0.85
356,,0.65,0.65,0.65,0.7,0.65,0.65,0.65,0.7
357,,0.5,0.5,0.5,0.55,0.5,0.5,0.5,0.55
358,,0.35,0.35,0.35,0.4,0.35,0.35,0.35,0.4
359,,0.2,0.2,0.2,0.25,0.2,0.2,0.2,0.25
360,,0.05,0.05,0.05,0.1,0.05,0.05,0.05,0.1
361,,-0.1,-0.1,-0.1,-0.05,-0.1,-0.1,-0.1,-0.05
362,7,0.15,0.079,0.05,0.129,0.15,0.221,0.9,0.271
363,7,0.4,0.258,0.2,0.308,0.4,0.542,1.0,0.592
364,,0.25,0.108,0.05,0.158,0.25,0.392,0.85,0.442
365,,0.1,-0.042,-0.1,0.008,0.1,0.242,0.7,0.292
366,3,0.35,0.279,0.9,0.329,0.35,0.421,0.85,0.471
367,3,0.6,0.6,1.0,0.65,0.6,0.6,1.0,0.65
368,,0.45,0.45,0.85,0.5,0.45,0.45,0.85,0.5
369,,0.3,0.3,0.7,0.35,0.3,0.3,0.7,0.35
370,,0.15,0.15,0.55,0.2,0.15,0.15,0.55,0.2
371,,0.0,0.0,0.4,0.05,0.0,0.0,0.4,0.05
372,,-0.15,-0.15,0.25,-0.1,-0.15,-0.15,0.25,-0.1
373,2,0.171,0.85,0.571,0.15,0.029,0.0,0.429,0.15
374,2,0.492,1.0,0.892,0.4,0.208,0.15,0.608,0.4
375,,0.342,0.85,0.742,0.25,0.058,0.0,0.458,0.25
376,,0.192,0.7,0.592,0.1,-0.092,-0.15,0.308,0.1
377,6,0.371,0.85,0.771,0.35,0.229,0.85,0.629,0.35
378,6,0.55,1.0,0.95,0.6,0.55,1.0,0.95,0.6
379,,0.4,0.85,0.8,0.45,0.4,0.85,0.8,0.45
380,,0.25,0.7,0.65,0.3,0.25,0.7,0.65,0.3
381,,0.1,0.55,0.5,0.15,0.1,0.55,0.5,0.15
382,,-0.05,0.4,0.35,0.0,-0.05,0.4,0.35,0.0
383,1,0.95,0.721,0.6,0.179,0.1,0.579,0.6,0.321
384,1,1.0,1.0,0.85,0.358,0.25,0.758,0.85,0.642
385,,0.85,0.85,0.7,0.208,0.1,0.608,0.7,0.492
386,,0.7,0.7,0.55,0.058,-0.05,0.458,0.55,0.342
387,5,0.85,0.879,0.8,0.379,0.95,0.779,0.8,0.521
388,5,1.0,1.0,1.0,0.7,1.0,1.0,1.0,0.7
389,,0.85,0.85,0.85,0.55,0.85,0.85,0.85,0.55
390,,0.7,0.7,0.7,0.4,0.7,0.7,0.7,0.4
391,,0.55,0.55,0.55,0.25,0.55,0.55,0.55,0.25
392,,0.4,0.4,0.4,0.1,0.4,0.4,0.4,0.1
393,,0.25,0.25,0.25,-0.05,0.25,0.25,0.25,-0.05
394,8,0.571,0.5,0.429,0.1,0.429,0.5,0.571,0.95
395,8,0.892,0.75,0.608,0.25,0.608,0.75,0.892,1.0
396,,0.742,0.6,0.458,0.1,0.458,0.6,0.742,0.85
397,,0.592,0.45,0.308,-0.05,0.308,0.45,0.592,0.7
398,4,0.771,0.7,0.629,0.95,0.629,0.7,0.771,0.85
399,4,0.95,0.95,0.95,1.0,0.95,0.95,0.95,1.0
400,,0.8,0.8,0.8,0.85,0.8,0.8,0.8,0.85
401,,0.65,0.65,0.65,0.7,0.65,0.65,0.65,0.7
402,,0.5,0.5,0.5,0.55,0.5,0.5,0.5,0.55
403,,0.35,0.35,0.35,0.4,0.35,0.35,0.35,0.4
404,,0.2,0.2,0.2,0.25,0.2,0.2,0.2,0.25
405,,0.05,0.05,0.05,0.1,0.05,0.05,0.05,0.1
406,,-0.1,-0.1,-0.1,-0.05,-0.1,-0.1,-0.1,-0.05
407,1,0.9,0.221,0.15,0.129,0.05,0.079,0.15,0.271
408,1,1.0,0.542,0.4,0.308,0.2,0.258,0.4,0.592
409,,0.85,0.392,0.25,0.158,0.05,0.108,0.25,0.442
410,,0.7,0.242,0.1,0.008,-0.1,-0.042,0.1,0.292
411,5,0.85,0.421,0.35,0.329,0.9,0.279,0.35,0.471
412,5,1.0,0.6,0.6,0.65,1.0,0.6,0.6,0.65
413,,0.85,0.45,0.45,0.5,0.85,0.45,0.45,0.5
414,,0.7,0.3,0.3,0.35,0.7,0.3,0.3,0.35
415,,0.55,0.15,0.15,0.2,0.55,0.15,0.15,0.2
416,,0.4,0.0,0.0,0.05,0.4,0.0,0.0,0.05
417,,0.25,-0.15,-0.15,-0.1,0.25,-0.15,-0.15,-0.1
418,7,0.5,0.029,0.0,0.079,0.5,0.171,0.85,0.221
419,7,0.75,0.208,0.15,0.258,0.75,0.492,1.0,0.542
420,,0.6,0.058,0.0,0.108,0.6,0.342,0.85,0.392
421,,0.45,-0.092,-0.15,-0.042,0.45,0.192,0.7,0.242
422,3,0.7,0.229,0.85,0.279,0.7,0.371,0.85,0.421
423,3,0.95,0.55,1.0,0.6,0.95,0.55,1.0,0.6
424,,0.8,0.4,0.85,0.45,0.8,0.4,0.85,0.45
425,,0.65,0.25,0.7,0.3,0.65,0.25,0.7,0.3
426,,0.5,0.1,0.55,0.15,0.5,0.1,0.55,0.15
427,,0.35,-0.05,0.4,0.0,0.35,-0.05,0.4,0.0
428,2,0.671,0.95,0.721,0.25,0.529,0.1,0.579,0.25
429,2,0.992,1.0,1.0,0.5,0.708,0.25,0.758,0.5
430,,0.842,0.85,0.85,0.35,0.558,0.1,0.608,0.35
431,,0.692,0.7,0.7,0.2,0.408,-0.05,0.458,0.2
432,6,0.871,0.85,0.879,0.45,0.729,0.95,0.779,0.45
433,6,1.0,1.0,1.0,0.7,1.0,1.0,1.0,0.7
434,,0.85,0.85,0.85,0.55,0.85,0.85,0.85,0.55
435,,0.7,0.7,0.7,0.4,0.7,0.7,0.7,0.4
436,,0.55,0.55,0.55,0.25,0.55,0.55,0.55,0.25
437,,0.4,0.4,0.4,0.1,0.4,0.4,0.4,0.1
438,,0.25,0.25,0.25,-0.05,0.25,0.25,0.25,-0.05
439,8,0.571,0.5,0.429,0.1,0.429,0.5,0.571,0.95
440,8,0.892,0.75,0.608,0.25,0.608,0.75,0.892,1.0
441,,0.742,0.6,0.458,0.1,0.458,0.6,0.742,0.85
442,,0.592,0.45,0.308,-0.05,0.308,0.45,0.592,0.7
443,4,0.771,0.7,0.629,0.95,0.629,0.7,0.771,0.85
444,4,0.95,0.95,0.95,1.0,0.95,0.95,0.95,1.0
445,,0.8,0.8,0.8,0.85,0.8,0.8,0.8,0.85
446,,0.65,0.65,0.65,0.7,0.65,0.65,0.65,0.7
447,,0.5,0.5,0.5,0.55,0.5,0.5,0.5,0.55
448,,0.35,0.35,0.35,0.4,0.35,0.35,0.35,0.4
449,,0.2,0.2,0.2,0.25,0.2,0.2,0.2,0.25
450,,0.05,0.05,0.05,0.1,0.05,0.05,0.05,0.1
451,,-0.1,-0.1,-0.1,-0.05,-0.1,-0.1,-0.1,-0.05
452,1,0.9,0.221,0.15,0.129,0.05,0.079,0.15,0.271
453,1,1.0,0.542,0.4,0.308,0.2,0.258,0.4,0.592
454,,0.85,0.392,0.25,0.158,0.05,0.108,0.25,0.442
455,,0.7,0.242,0.1,0.008,-0.1,-0.042,0.1,0.292
456,5,0.85,0.421,0.35,0.329,0.9,0.279,0.35,0.471
457,5,1.0,0.6,0.6,0.65,1.0,0.6,0.6,0.65
458,,0.85,0.45,0.45,0.5,0.85,0.45,0.45,0.5
459,,0.7,0.3,0.3,0.35,0.7,0.3,0.3,0.35
460,,0.55,0.15,0.15,0.2,0.55,0.15,0.15,0.2
461,,0.4,0.0,0.0,0.05,0.4,0.0,0.0,0.05
462,,0.25,-0.15,-0.15,-0.1,0.25,-0.15,-0.15,-0.1
463,2,0.571,0.85,0.171,0.15,0.429,0.0,0.029,0.15
464,2,0.892,1.0,0.492,0.4,0.608,0.15,0.208,0.4
465,,0.742,0.85,0.342,0.25,0.458,0.0,0.058,0.25
466,,0.592,0.7,0.192,0.1,0.308,-0.15,-0.092,0.1
467,6,0.771,0.85,0.371,0.35,0.629,0.85,0.229,0.35
468,6,0.95,1.0,0.55,0.6,0.95,1.0,0.55,0.6
469,,0.8,0.85,0.4,0.45,0.8,0.85,0.4,0.45
470,,0.65,0.7,0.25,0.3,0.65,0.7,0.25,0.3
471,,0.5,0.55,0.1,0.15,0.5,0.55,0.1,0.15
472,,0.35,0.4,-0.05,0.0,0.35,0.4,-0.05,0.0
473,7,0.6,0.579,0.1,0.179,0.6,0.721,0.95,0.321
474,7,0.85,0.758,0.25,0.358,0.85,1.0,1.0,0.642
475,,0.7,0.608,0.1,0.208,0.7,0.85,0.85,0.492
476,,0.55,0.458,-0.05,0.058,0.55,0.7,0.7,0.342
477,3,0.8,0.779,0.95,0.379,0.8,0.879,0.85,0.521
478,3,1.0,1.0,1.0,0.7,1.0,1.0,1.0,0.7
479,,0.85,0.85,0.85,0.55,0.85,0.85,0.85,0.55
480,,0.7,0.7,0.7,0.4,0.7,0.7,0.7,0.4
481,,0.55,0.55,0.55,0.25,0.55,0.55,0.55,0.25
482,,0.4,0.4,0.4,0.1,0.4,0.4,0.4,0.1
483,,0.25,0.25,0.25,-0.05,0.25,0.25,0.25,-0.05
484,8,0.571,0.5,0.429,0.1,0.429,0.5,0.571,0.95
485,8,0.892,0.75,0.608,0.25,0.608,0.75,0.892,1.0
486,,0.742,0.6,0.458,0.1,0.458,0.6,0.742,0.85
487,,0.592,0.45,0.308,-0.05,0.308,0.45,0.592,0.7
488,4,0.771,0.7,0.629,0.95,0.629,0.7,0.771,0.85
489,4,0.95,0.95,0.95,1.0,0.95,0.95,0.95,1.0
490,,0.8,0.8,0.8,0.85,0.8,0.8,0.8,0.85
491,,0.65,0.65,0.65,0.7,0.65,0.65,0.65,0.7
492,,0.5,0.5,0.5,0.55,0.5,0.5,0.5,0.55
493,,0.35,0.35,0.35,0.4,0.35,0.35,0.35,0.4
494,,0.2,0.2,0.2,0.25,0.2,0.2,0.2,0.25
495,,0.05,0.05,0.05,0.1,0.05,0.05,0.05,0.1
496,,-0.1,-0.1,-0.1,-0.05,-0.1,-0.1,-0.1,-0.05
497,2,0.221,0.9,0.221,0.2,0.079,0.05,0.079,0.2
498,2,0.542,1.0,0.542,0.45,0.258,0.2,0.258,0.45
499,,0.392,0.85,0.392,0.3,0.108,0.05,0.108,0.3
