step,active_motive,motive_1,motive_2,motive_3,motive_4,motive_5,motive_6,motive_7,motive_8
0,,0.08669,0.08385,0.04261,0.02226,0.03967,0.08919,0.01466,0.05133
1,,-0.06331,-0.06615,-0.10739,-0.12774,-0.11033,-0.06081,-0.13534,-0.09867
2,7,0.18669,0.11285,0.04261,0.05126,0.13967,0.26019,0.86466,0.22233
3,7,0.43669,0.29185,0.19261,0.23026,0.38967,0.58119,1.0,0.54333
4,,0.28669,0.14185,0.04261,0.08026,0.23967,0.43119,0.85,0.39333
5,,0.13669,-0.00815,-0.10739,-0.06974,0.08967,0.28119,0.7,0.24333
6,3,0.38669,0.31285,0.89261,0.25126,0.33967,0.46019,0.85,0.42233
7,3,0.63669,0.63385,1.0,0.57226,0.58967,0.63919,1.0,0.60133
8,,0.48669,0.48385,0.85,0.42226,0.43967,0.48919,0.85,0.45133
9,,0.33669,0.33385,0.7,0.27226,0.28967,0.33919,0.7,0.30133
10,,0.18669,0.18385,0.55,0.12226,0.13967,0.18919,0.55,0.15133
11,,0.03669,0.03385,0.4,-0.02774,-0.01033,0.03919,0.4,0.00133
12,4,0.21569,0.28385,0.721,0.97226,0.31067,0.28919,0.579,0.15133
13,4,0.39469,0.53385,1.0,1.0,0.63167,0.53919,0.758,0.30133
14,,0.24469,0.38385,0.85,0.85,0.48167,0.38919,0.608,0.15133
15,,0.09469,0.23385,0.7,0.7,0.33167,0.23919,0.458,0.00133
16,,-0.05531,0.08385,0.55,0.55,0.18167,0.08919,0.308,-0.14867
17,8,0.26569,0.33385,0.729,0.7,0.36067,0.33919,0.629,0.85133
18,8,0.58669,0.58385,0.908,0.85,0.53967,0.58919,0.95,1.0
19,,0.43669,0.43385,0.758,0.7,0.38967,0.43919,0.8,0.85
20,,0.28669,0.28385,0.608,0.55,0.23967,0.28919,0.65,0.7
21,,0.13669,0.13385,0.458,0.4,0.08967,0.13919,0.5,0.55
22,,-0.01331,-0.01615,0.308,0.25,-0.06033,-0.01081,0.35,0.4
23,5,0.13669,0.16285,0.558,0.571,0.93967,0.31019,0.6,0.579
24,5,0.28669,0.34185,0.808,0.892,1.0,0.63119,0.85,0.758
25,,0.13669,0.19185,0.658,0.742,0.85,0.48119,0.7,0.608
26,,-0.01331,0.04185,0.508,0.592,0.7,0.33119,0.55,0.458
27,1,0.98669,0.36285,0.758,0.771,0.85,0.51019,0.8,0.779
28,1,1.0,0.68385,1.0,0.95,1.0,0.68919,1.0,1.0
29,,0.85,0.53385,0.85,0.8,0.85,0.53919,0.85,0.85
30,,0.7,0.38385,0.7,0.65,0.7,0.38919,0.7,0.7
31,,0.55,0.23385,0.55,0.5,0.55,0.23919,0.55,0.55
32,,0.4,0.08385,0.4,0.35,0.4,0.08919,0.4,0.4
33,,0.25,-0.06615,0.25,0.2,0.25,-0.06081,0.25,0.25
34,2,0.571,0.93385,0.571,0.45,0.429,0.08919,0.429,0.5
35,2,0.892,1.0,0.892,0.7,0.608,0.23919,0.608,0.75
36,,0.742,0.85,0.742,0.55,0.458,0.08919,0.458,0.6
37,,0.592,0.7,0.592,0.4,0.308,-0.06081,0.308,0.45
38,6,0.771,0.85,0.771,0.65,0.629,0.93919,0.629,0.7
39,6,0.95,1.0,0.95,0.9,0.95,1.0,0.95,0.95
40,,0.8,0.85,0.8,0.75,0.8,0.85,0.8,0.8
41,,0.65,0.7,0.65,0.6,0.65,0.7,0.65,0.65
42,,0.5,0.55,0.5,0.45,0.5,0.55,0.5,0.5
43,,0.35,0.4,0.35,0.3,0.35,0.4,0.35,0.35
44,,0.2,0.25,0.2,0.15,0.2,0.25,0.2,0.2
45,,0.05,0.1,0.05,0.0,0.05,0.1,0.05,0.05
46,,-0.1,-0.05,-0.1,-0.15,-0.1,-0.05,-0.1,-0.1
47,4,0.079,0.2,0.221,0.85,0.221,0.2,0.079,0.05
48,4,0.258,0.45,0.542,1.0,0.542,0.45,0.258,0.2
49,,0.108,0.3,0.392,0.85,0.392,0.3,0.108,0.05
50,,-0.042,0.15,0.242,0.7,0.242,0.15,-0.042,-0.1
51,8,0.279,0.4,0.421,0.85,0.421,0.4,0.279,0.9
52,8,0.6,0.65,0.6,1.0,0.6,0.65,0.6,1.0
53,,0.45,0.5,0.45,0.85,0.45,0.5,0.45,0.85
54,,0.3,0.35,0.3,0.7,0.3,0.35,0.3,0.7
55,,0.15,0.2,0.15,0.55,0.15,0.2,0.15,0.55
56,,0.0,0.05,0.0,0.4,0.0,0.05,0.0,0.4
57,,-0.15,-0.1,-0.15,0.25,-0.15,-0.1,-0.15,0.25
58,3,0.1,0.221,0.85,0.571,0.1,0.079,0.0,0.429
59,3,0.35,0.542,1.0,0.892,0.35,0.258,0.15,0.608
60,,0.2,0.392,0.85,0.742,0.2,0.108,0.0,0.458
61,,0.05,0.242,0.7,0.592,0.05,-0.042,-0.15,0.308
62,7,0.3,0.421,0.85,0.771,0.3,0.279,0.85,0.629
63,7,0.55,0.6,1.0,0.95,0.55,0.6,1.0,0.95
64,,0.4,0.45,0.85,0.8,0.4,0.45,0.85,0.8
65,,0.25,0.3,0.7,0.65,0.25,0.3,0.7,0.65
66,,0.1,0.15,0.55,0.5,0.1,0.15,0.55,0.5
67,,-0.05,0.0,0.4,0.35,-0.05,0.0,0.4,0.35
68,1,0.95,0.321,0.65,0.529,0.1,0.179,0.65,0.671
69,1,1.0,0.642,0.9,0.708,0.25,0.358,0.9,0.992
70,,0.85,0.492,0.75,0.558,0.1,0.208,0.75,0.842
71,,0.7,0.342,0.6,0.408,-0.05,0.058,0.6,0.692
72,5,0.85,0.521,0.85,0.729,0.95,0.379,0.85,0.871
73,5,1.0,0.7,1.0,1.0,1.0,0.7,1.0,1.0
74,,0.85,0.55,0.85,0.85,0.85,0.55,0.85,0.85
75,,0.7,0.4,0.7,0.7,0.7,0.4,0.7,0.7
76,,0.55,0.25,0.55,0.55,0.55,0.25,0.55,0.55
77,,0.4,0.1,0.4,0.4,0.4,0.1,0.4,0.4
78,,0.25,-0.05,0.25,0.25,0.25,-0.05,0.25,0.25
79,6,0.429,0.1,0.429,0.5,0.571,0.95,0.571,0.5
80,6,0.608,0.25,0.608,0.75,0.892,1.0,0.892,0.75
81,,0.458,0.1,0.458,0.6,0.742,0.85,0.742,0.6
82,,0.308,-0.05,0.308,0.45,0.592,0.7,0.592,0.45
83,2,0.629,0.95,0.629,0.7,0.771,0.85,0.771,0.7
84,2,0.95,1.0,0.95,0.95,0.95,1.0,0.95,0.95
85,,0.8,0.85,0.8,0.8,0.8,0.85,0.8,0.8
86,,0.65,0.7,0.65,0.65,0.65,0.7,0.65,0.65
87,,0.5,0.55,0.5,0.5,0.5,0.55,0.5,0.5
88,,0.35,0.4,0.35,0.35,0.35,0.4,0.35,0.35
89,,0.2,0.25,0.2,0.2,0.2,0.25,0.2,0.2
90,,0.05,0.1,0.05,0.05,0.05,0.1,0.05,0.05
91,,-0.1,-0.05,-0.1,-0.1,-0.1,-0.05,-0.1,-0.1
92,7,0.15,0.129,0.05,0.079,0.15,0.271,0.9,0.221
93,7,0.4,0.308,0.2,0.258,0.4,0.592,1.0,0.542
94,,0.25,0.158,0.05,0.108,0.25,0.442,0.85,0.392
95,,0.1,0.008,-0.1,-0.042,0.1,0.292,0.7,0.242
96,3,0.35,0.329,0.9,0.279,0.35,0.471,0.85,0.421
97,3,0.6,0.65,1.0,0.6,0.6,0.65,1.0,0.6
98,,0.45,0.5,0.85,0.45,0.45,0.5,0.85,0.45
99,,0.3,0.35,0.7,0.3,0.3,0.35,0.7,0.3
100,,0.15,0.2,0.55,0.15,0.15,0.2,0.55,0.15
101,,0.0,0.05,0.4,0.0,0.0,0.05,0.4,0.0
102,,-0.15,-0.1,0.25,-0.15,-0.15,-0.1,0.25,-0.15
103,1,0.85,0.221,0.5,0.029,0.0,0.079,0.5,0.171
104,1,1.0,0.542,0.75,0.208,0.15,0.258,0.75,0.492
105,,0.85,0.392,0.6,0.058,0.0,0.108,0.6,0.342
106,,0.7,0.242,0.45,-0.092,-0.15,-0.042,0.45,0.192
107,5,0.85,0.421,0.7,0.229,0.85,0.279,0.7,0.371
108,5,1.0,0.6,0.95,0.55,1.0,0.6,0.95,0.55
109,,0.85,0.45,0.8,0.4,0.85,0.45,0.8,0.4
110,,0.7,0.3,0.65,0.25,0.7,0.3,0.65,0.25
111,,0.55,0.15,0.5,0.1,0.55,0.15,0.5,0.1
112,,0.4,0.0,0.35,-0.05,0.4,0.0,0.35,-0.05
113,8,0.721,0.25,0.529,0.1,0.579,0.25,0.671,0.95
114,8,1.0,0.5,0.708,0.25,0.758,0.5,0.992,1.0
115,,0.85,0.35,0.558,0.1,0.608,0.35,0.842,0.85
116,,0.7,0.2,0.408,-0.05,0.458,0.2,0.692,0.7
117,4,0.879,0.45,0.729,0.95,0.779,0.45,0.871,0.85
118,4,1.0,0.7,1.0,1.0,1.0,0.7,1.0,1.0
119,,0.85,0.55,0.85,0.85,0.85,0.55,0.85,0.85
120,,0.7,0.4,0.7,0.7,0.7,0.4,0.7,0.7
121,,0.55,0.25,0.55,0.55,0.55,0.25,0.55,0.55
122,,0.4,0.1,0.4,0.4,0.4,0.1,0.4,0.4
123,,0.25,-0.05,0.25,0.25,0.25,-0.05,0.25,0.25
124,6,0.429,0.1,0.429,0.5,0.571,0.95,0.571,0.5
125,6,0.608,0.25,0.608,0.75,0.892,1.0,0.892,0.75
126,,0.458,0.1,0.458,0.6,0.742,0.85,0.742,0.6
127,,0.308,-0.05,0.308,0.45,0.592,0.7,0.592,0.45
128,2,0.629,0.95,0.629,0.7,0.771,0.85,0.771,0.7
129,2,0.95,1.0,0.95,0.95,0.95,1.0,0.95,0.95
130,,0.8,0.85,0.8,0.8,0.8,0.85,0.8,0.8
131,,0.65,0.7,0.65,0.65,0.65,0.7,0.65,0.65
132,,0.5,0.55,0.5,0.5,0.5,0.55,0.5,0.5
133,,0.35,0.4,0.35,0.35,0.35,0.4,0.35,0.35
134,,0.2,0.25,0.2,0.2,0.2,0.25,0.2,0.2
135,,0.05,0.1,0.05,0.05,0.05,0.1,0.05,0.05
136,,-0.1,-0.05,-0.1,-0.1,-0.1,-0.05,-0.1,-0.1
137,1,0.9,0.271,0.15,0.079,0.05,0.129,0.15,0.221
138,1,1.0,0.592,0.4,0.258,0.2,0.308,0.4,0.542
139,,0.85,0.442,0.25,0.108,0.05,0.158,0.25,0.392
140,,0.7,0.292,0.1,-0.042,-0.1,0.008,0.1,0.242
141,5,0.85,0.471,0.35,0.279,0.9,0.329,0.35,0.421
142,5,1.0,0.65,0.6,0.6,1.0,0.65,0.6,0.6
143,,0.85,0.5,0.45,0.45,0.85,0.5,0.45,0.45
144,,0.7,0.35,0.3,0.3,0.7,0.35,0.3,0.3
145,,0.55,0.2,0.15,0.15,0.55,0.2,0.15,0.15
146,,0.4,0.05,0.0,0.0,0.4,0.05,0.0,0.0
147,,0.25,-0.1,-0.15,-0.15,0.25,-0.1,-0.15,-0.15
148,7,0.5,0.079,0.0,0.029,0.5,0.221,0.85,0.171
149,7,0.75,0.258,0.15,0.208,0.75,0.542,1.0,0.492
150,,0.6,0.108,0.0,0.058,0.6,0.392,0.85,0.342
151,,0.45,-0.042,-0.15,-0.092,0.45,0.242,0.7,0.192
152,3,0.7,0.279,0.85,0.229,0.7,0.421,0.85,0.371
153,3,0.95,0.6,1.0,0.55,0.95,0.6,1.0,0.55
154,,0.8,0.45,0.85,0.4,0.8,0.45,0.85,0.4
155,,0.65,0.3,0.7,0.25,0.65,0.3,0.7,0.25
156,,0.5,0.15,0.55,0.1,0.5,0.15,0.55,0.1
157,,0.35,0.0,0.4,-0.05,0.35,0.0,0.4,-0.05
158,4,0.529,0.25,0.721,0.95,0.671,0.25,0.579,0.1
159,4,0.708,0.5,1.0,1.0,0.992,0.5,0.758,0.25
160,,0.558,0.35,0.85,0.85,0.842,0.35,0.608,0.1
161,,0.408,0.2,0.7,0.7,0.692,0.2,0.458,-0.05
162,8,0.729,0.45,0.879,0.85,0.871,0.45,0.779,0.95
163,8,1.0,0.7,1.0,1.0,1.0,0.7,1.0,1.0
164,,0.85,0.55,0.85,0.85,0.85,0.55,0.85,0.85
165,,0.7,0.4,0.7,0.7,0.7,0.4,0.7,0.7
166,,0.55,0.25,0.55,0.55,0.55,0.25,0.55,0.55
167,,0.4,0.1,0.4,0.4,0.4,0.1,0.4,0.4
168,,0.25,-0.05,0.25,0.25,0.25,-0.05,0.25,0.25
169,2,0.571,0.95,0.571,0.5,0.429,0.1,0.429,0.5
170,2,0.892,1.0,0.892,0.75,0.608,0.25,0.608,0.75
171,,0.742,0.85,0.742,0.6,0.458,0.1,0.458,0.6
172,,0.592,0.7,0.592,0.45,0.308,-0.05,0.308,0.45
173,6,0.771,0.85,0.771,0.7,0.629,0.95,0.629,0.7
174,6,0.95,1.0,0.95,0.95,0.95,1.0,0.95,0.95
175,,0.8,0.85,0.8,0.8,0.8,0.85,0.8,0.8
176,,0.65,0.7,0.65,0.65,0.65,0.7,0.65,0.65
177,,0.5,0.55,0.5,0.5,0.5,0.55,0.5,0.5
178,,0.35,0.4,0.35,0.35,0.35,0.4,0.35,0.35
179,,0.2,0.25,0.2,0.2,0.2,0.25,0.2,0.2
180,,0.05,0.1,0.05,0.05,0.05,0.1,0.05,0.05
181,,-0.1,-0.05,-0.1,-0.1,-0.1,-0.05,-0.1,-0.1
182,7,0.15,0.129,0.05,0.079,0.15,0.271,0.9,0.221
183,7,0.4,0.308,0.2,0.258,0.4,0.592,1.0,0.542
184,,0.25,0.158,0.05,0.108,0.25,0.442,0.85,0.392
185,,0.1,0.008,-0.1,-0.042,0.1,0.292,0.7,0.242
186,3,0.35,0.329,0.9,0.279,0.35,0.471,0.85,0.421
187,3,0.6,0.65,1.0,0.6,0.6,0.65,1.0,0.6
188,,0.45,0.5,0.85,0.45,0.45,0.5,0.85,0.45
189,,0.3,0.35,0.7,0.3,0.3,0.35,0.7,0.3
190,,0.15,0.2,0.55,0.15,0.15,0.2,0.55,0.15
191,,0.0,0.05,0.4,0.0,0.0,0.05,0.4,0.0
192,,-0.15,-0.1,0.25,-0.15,-0.15,-0.1,0.25,-0.15
193,8,0.171,0.15,0.429,0.0,0.029,0.15,0.571,0.85
194,8,0.492,0.4,0.608,0.15,0.208,0.4,0.892,1.0
195,,0.342,0.25,0.458,0.0,0.058,0.25,0.742,0.85
196,,0.192,0.1,0.308,-0.15,-0.092,0.1,0.592,0.7
197,4,0.371,0.35,0.629,0.85,0.229,0.35,0.771,0.85
198,4,0.55,0.6,0.95,1.0,0.55,0.6,0.95,1.0
199,,0.4,0.45,0.8,0.85,0.4,0.45,0.8,0.85
200,,0.25,0.3,0.65,0.7,0.25,0.3,0.65,0.7
201,,0.1,0.15,0.5,0.55,0.1,0.15,0.5,0.55
202,,-0.05,0.0,0.35,0.4,-0.05,0.0,0.35,0.4
203,5,0.1,0.179,0.6,0.721,0.95,0.321,0.6,0.579
204,5,0.25,0.358,0.85,1.0,1.0,0.642,0.85,0.758
205,,0.1,0.208,0.7,0.85,0.85,0.492,0.7,0.608
206,,-0.05,0.058,0.55,0.7,0.7,0.342,0.55,0.458
207,1,0.95,0.379,0.8,0.879,0.85,0.521,0.8,0.779
208,1,1.0,0.7,1.0,1.0,1.0,0.7,1.0,1.0
209,,0.85,0.55,0.85,0.85,0.85,0.55,0.85,0.85
210,,0.7,0.4,0.7,0.7,0.7,0.4,0.7,0.7
211,,0.55,0.25,0.55,0.55,0.55,0.25,0.55,0.55
212,,0.4,0.1,0.4,0.4,0.4,0.1,0.4,0.4
213,,0.25,-0.05,0.25,0.25,0.25,-0.05,0.25,0.25
214,6,0.429,0.1,0.429,0.5,0.571,0.95,0.571,0.5
215,6,0.608,0.25,0.608,0.75,0.892,1.0,0.892,0.75
216,,0.458,0.1,0.458,0.6,0.742,0.85,0.742,0.6
217,,0.308,-0.05,0.308,0.45,0.592,0.7,0.592,0.45
218,2,0.629,0.95,0.629,0.7,0.771,0.85,0.771,0.7
219,2,0.95,1.0,0.95,0.95,0.95,1.0,0.95,0.95
220,,0.8,0.85,0.8,0.8,0.8,0.85,0.8,0.8
221,,0.65,0.7,0.65,0.65,0.65,0.7,0.65,0.65
222,,0.5,0.55,0.5,0.5,0.5,0.55,0.5,0.5
223,,0.35,0.4,0.35,0.35,0.35,0.4,0.35,0.35
224,,0.2,0.25,0.2,0.2,0.2,0.25,0.2,0.2
225,,0.05,0.1,0.05,0.05,0.05,0.1,0.05,0.05
226,,-0.1,-0.05,-0.1,-0.1,-0.1,-0.05,-0.1,-0.1
227,5,0.05,0.129,0.15,0.221,0.9,0.271,0.15,0.079
228,5,0.2,0.308,0.4,0.542,1.0,0.592,0.4,0.258
229,,0.05,0.158,0.25,0.392,0.85,0.442,0.25,0.108
230,,-0.1,0.008,0.1,0.242,0.7,0.292,0.1,-0.042
231,1,0.9,0.329,0.35,0.421,0.85,0.471,0.35,0.279
232,1,1.0,0.65,0.6,0.6,1.0,0.65,0.6,0.6
233,,0.85,0.5,0.45,0.45,0.85,0.5,0.45,0.45
234,,0.7,0.35,0.3,0.3,0.7,0.35,0.3,0.3
235,,0.55,0.2,0.15,0.15,0.55,0.2,0.15,0.15
236,,0.4,0.05,0.0,0.0,0.4,0.05,0.0,0.0
237,,0.25,-0.1,-0.15,-0.15,0.25,-0.1,-0.15,-0.15
238,7,0.5,0.079,0.0,0.029,0.5,0.221,0.85,0.171
239,7,0.75,0.258,0.15,0.208,0.75,0.542,1.0,0.492
240,,0.6,0.108,0.0,0.058,0.6,0.392,0.85,0.342
241,,0.45,-0.042,-0.15,-0.092,0.45,0.242,0.7,0.192
242,3,0.7,0.279,0.85,0.229,0.7,0.421,0.85,0.371
243,3,0.95,0.6,1.0,0.55,0.95,0.6,1.0,0.55
244,,0.8,0.45,0.85,0.4,0.8,0.45,0.85,0.4
245,,0.65,0.3,0.7,0.25,0.65,0.3,0.7,0.25
246,,0.5,0.15,0.55,0.1,0.5,0.15,0.55,0.1
247,,0.35,0.0,0.4,-0.05,0.35,0.0,0.4,-0.05
248,4,0.529,0.25,0.721,0.95,0.671,0.25,0.579,0.1
249,4,0.708,0.5,1.0,1.0,0.992,0.5,0.758,0.25
250,,0.558,0.35,0.85,0.85,0.842,0.35,0.608,0.1
251,,0.408,0.2,0.7,0.7,0.692,0.2,0.458,-0.05
252,8,0.729,0.45,0.879,0.85,0.871,0.45,0.779,0.95
253,8,1.0,0.7,1.0,1.0,1.0,0.7,1.0,1.0
254,,0.85,0.55,0.85,0.85,0.85,0.55,0.85,0.85
255,,0.7,0.4,0.7,0.7,0.7,0.4,0.7,0.7
256,,0.55,0.25,0.55,0.55,0.55,0.25,0.55,0.55
257,,0.4,0.1,0.4,0.4,0.4,0.1,0.4,0.4
258,,0.25,-0.05,0.25,0.25,0.25,-0.05,0.25,0.25
259,2,0.571,0.95,0.571,0.5,0.429,0.1,0.429,0.5
260,2,0.892,1.0,0.892,0.75,0.608,0.25,0.608,0.75
261,,0.742,0.85,0.742,0.6,0.458,0.1,0.458,0.6
262,,0.592,0.7,0.592,0.45,0.308,-0.05,0.308,0.45
263,6,0.771,0.85,0.771,0.7,0.629,0.95,0.629,0.7
264,6,0.95,1.0,0.95,0.95,0.95,1.0,0.95,0.95
265,,0.8,0.85,0.8,0.8,0.8,0.85,0.8,0.8
266,,0.65,0.7,0.65,0.65,0.65,0.7,0.65,0.65
267,,0.5,0.55,0.5,0.5,0.5,0.55,0.5,0.5
268,,0.35,0.4,0.35,0.35,0.35,0.4,0.35,0.35
269,,0.2,0.25,0.2,0.2,0.2,0.25,0.2,0.2
270,,0.05,0.1,0.05,0.05,0.05,0.1,0.05,0.05
271,,-0.1,-0.05,-0.1,-0.1,-0.1,-0.05,-0.1,-0.1
272,5,0.05,0.129,0.15,0.221,0.9,0.271,0.15,0.079
273,5,0.2,0.308,0.4,0.542,1.0,0.592,0.4,0.258
274,,0.05,0.158,0.25,0.392,0.85,0.442,0.25,0.108
275,,-0.1,0.008,0.1,0.242,0.7,0.292,0.1,-0.042
276,1,0.9,0.329,0.35,0.421,0.85,0.471,0.35,0.279
277,1,1.0,0.65,0.6,0.6,1.0,0.65,0.6,0.6
278,,0.85,0.5,0.45,0.45,0.85,0.5,0.45,0.45
279,,0.7,0.35,0.3,0.3,0.7,0.35,0.3,0.3
280,,0.55,0.2,0.15,0.15,0.55,0.2,0.15,0.15
281,,0.4,0.05,0.0,0.0,0.4,0.05,0.0,0.0
282,,0.25,-0.1,-0.15,-0.15,0.25,-0.1,-0.15,-0.15
283,4,0.429,0.15,0.171,0.85,0.571,0.15,0.029,0.0
284,4,0.608,0.4,0.492,1.0,0.892,0.4,0.208,0.15
285,,0.458,0.25,0.342,0.85,0.742,0.25,0.058,0.0
286,,0.308,0.1,0.192,0.7,0.592,0.1,-0.092,-0.15
287,8,0.629,0.35,0.371,0.85,0.771,0.35,0.229,0.85
288,8,0.95,0.6,0.55,1.0,0.95,0.6,0.55,1.0
289,,0.8,0.45,0.4,0.85,0.8,0.45,0.4,0.85
290,,0.65,0.3,0.25,0.7,0.65,0.3,0.25,0.7
291,,0.5,0.15,0.1,0.55,0.5,0.15,0.1,0.55
292,,0.35,0.0,-0.05,0.4,0.35,0.0,-0.05,0.4
293,3,0.6,0.321,0.95,0.721,0.6,0.179,0.1,0.579
294,3,0.85,0.642,1.0,1.0,0.85,0.358,0.25,0.758
295,,0.7,0.492,0.85,0.85,0.7,0.208,0.1,0.608
296,,0.55,0.342,0.7,0.7,0.55,0.058,-0.05,0.458
297,7,0.8,0.521,0.85,0.879,0.8,0.379,0.95,0.779
298,7,1.0,0.7,1.0,1.0,1.0,0.7,1.0,1.0
299,,0.85,0.55,0.85,0.85,0.85,0.55,0.85,0.85
300,,0.7,0.4,0.7,0.7,0.7,0.4,0.7,0.7
301,,0.55,0.25,0.55,0.55,0.55,0.25,0.55,0.55
302,,0.4,0.1,0.4,0.4,0.4,0.1,0.4,0.4
303,,0.25,-0.05,0.25,0.25,0.25,-0.05,0.25,0.25
304,2,0.571,0.95,0.571,0.5,0.429,0.1,0.429,0.5
305,2,0.892,1.0,0.892,0.75,0.608,0.25,0.608,0.75
306,,0.742,0.85,0.742,0.6,0.458,0.1,0.458,0.6
307,,0.592,0.7,0.592,0.45,0.308,-0.05,0.308,0.45
308,6,0.771,0.85,0.771,0.7,0.629,0.95,0.629,0.7
309,6,0.95,1.0,0.95,0.95,0.95,1.0,0.95,0.95
310,,0.8,0.85,0.8,0.8,0.8,0.85,0.8,0.8
311,,0.65,0.7,0.65,0.65,0.65,0.7,0.65,0.65
312,,0.5,0.55,0.5,0.5,0.5,0.55,0.5,0.5
313,,0.35,0.4,0.35,0.35,0.35,0.4,0.35,0.35
314,,0.2,0.25,0.2,0.2,0.2,0.25,0.2,0.2
315,,0.05,0.1,0.05,0.05,0.05,0.1,0.05,0.05
316,,-0.1,-0.05,-0.1,-0.1,-0.1,-0.05,-0.1,-0.1
317,3,0.15,0.271,0.9,0.221,0.15,0.129,0.05,0.079
318,3,0.4,0.592,1.0,0.542,0.4,0.308,0.2,0.258
319,,0.25,0.442,0.85,0.392,0.25,0.158,0.05,0.108
320,,0.1,0.292,0.7,0.242,0.1,0.008,-0.1,-0.042
321,7,0.35,0.471,0.85,0.421,0.35,0.329,0.9,0.279
322,7,0.6,0.65,1.0,0.6,0.6,0.65,1.0,0.6
323,,0.45,0.5,0.85,0.45,0.45,0.5,0.85,0.45
324,,0.3,0.35,0.7,0.3,0.3,0.35,0.7,0.3
325,,0.15,0.2,0.55,0.15,0.15,0.2,0.55,0.15
326,,0.0,0.05,0.4,0.0,0.0,0.05,0.4,0.0
327,,-0.15,-0.1,0.25,-0.15,-0.15,-0.1,0.25,-0.15
328,4,0.029,0.15,0.571,0.85,0.171,0.15,0.429,0.0
329,4,0.208,0.4,0.892,1.0,0.492,0.4,0.608,0.15
330,,0.058,0.25,0.742,0.85,0.342,0.25,0.458,0.0
331,,-0.092,0.1,0.592,0.7,0.192,0.1,0.308,-0.15
332,8,0.229,0.35,0.771,0.85,0.371,0.35,0.629,0.85
333,8,0.55,0.6,0.95,1.0,0.55,0.6,0.95,1.0
334,,0.4,0.45,0.8,0.85,0.4,0.45,0.8,0.85
335,,0.25,0.3,0.65,0.7,0.25,0.3,0.65,0.7
336,,0.1,0.15,0.5,0.55,0.1,0.15,0.5,0.55
337,,-0.05,0.0,0.35,0.4,-0.05,0.0,0.35,0.4
338,1,0.95,0.321,0.6,0.579,0.1,0.179,0.6,0.721
339,1,1.0,0.642,0.85,0.758,0.25,0.358,0.85,1.0
340,,0.85,0.492,0.7,0.608,0.1,0.208,0.7,0.85
341,,0.7,0.342,0.55,0.458,-0.05,0.058,0.55,0.7
342,5,0.85,0.521,0.8,0.779,0.95,0.379,0.8,0.879
343,5,1.0,0.7,1.0,1.0,1.0,0.7,1.0,1.0
344,,0.85,0.55,0.85,0.85,0.85,0.55,0.85,0.85
345,,0.7,0.4,0.7,0.7,0.7,0.4,0.7,0.7
346,,0.55,0.25,0.55,0.55,0.55,0.25,0.55,0.55
347,,0.4,0.1,0.4,0.4,0.4,0.1,0.4,0.4
348,,0.25,-0.05,0.25,0.25,0.25,-0.05,0.25,0.25
349,2,0.571,0.95,0.571,0.5,0.429,0.1,0.429,0.5
350,2,0.892,1.0,0.892,0.75,0.608,0.25,0.608,0.75
351,,0.742,0.85,0.742,0.6,0.458,0.1,0.458,0.6
352,,0.592,0.7,0.592,0.45,0.308,-0.05,0.308,0.45
353,6,0.771,0.85,0.771,0.7,0.629,0.95,0.629,0.7
354,6,0.95,1.0,0.95,0.95,0.95,1.0,0.95,0.95
355,,0.8,0.85,0.8,0.8,0.8,0.85,0.8,0.8
356,,0.65,0.7,0.65,0.65,0.65,0.7,0.65,0.65
357,,0.5,0.55,0.5,0.5,0.5,0.55,0.5,0.5
358,,0.35,0.4,0.35,0.35,0.35,0.4,0.35,0.35
359,,0.2,0.25,0.2,0.2,0.2,0.25,0.2,0.2
360,,0.05,0.1,0.05,0.05,0.05,0.1,0.05,0.05
361,,-0.1,-0.05,-0.1,-0.1,-0.1,-0.05,-0.1,-0.1
362,8,0.221,0.2,0.079,0.05,0.079,0.2,0.221,0.9
363,8,0.542,0.45,0.258,0.2,0.258,0.45,0.542,1.0
364,,0.392,0.3,0.108,0.05,0.108,0.3,0.392,0.85
365,,0.242,0.15,-0.042,-0.1,-0.042,0.15,0.242,0.7
366,4,0.421,0.4,0.279,0.9,0.279,0.4,0.421,0.85
367,4,0.6,0.65,0.6,1.0,0.6,0.65,0.6,1.0
368,,0.45,0.5,0.45,0.85,0.45,0.5,0.45,0.85
369,,0.3,0.35,0.3,0.7,0.3,0.35,0.3,0.7
370,,0.15,0.2,0.15,0.55,0.15,0.2,0.15,0.55
371,,0.0,0.05,0.0,0.4,0.0,0.05,0.0,0.4
372,,-0.15,-0.1,-0.15,0.25,-0.15,-0.1,-0.15,0.25
373,5,0.0,0.079,0.1,0.571,0.85,0.221,0.1,0.429
374,5,0.15,0.258,0.35,0.892,1.0,0.542,0.35,0.608
375,,0.0,0.108,0.2,0.742,0.85,0.392,0.2,0.458
376,,-0.15,-0.042,0.05,0.592,0.7,0.242,0.05,0.308
377,1,0.85,0.279,0.3,0.771,0.85,0.421,0.3,0.629
378,1,1.0,0.6,0.55,0.95,1.0,0.6,0.55,0.95
379,,0.85,0.45,0.4,0.8,0.85,0.45,0.4,0.8
380,,0.7,0.3,0.25,0.65,0.7,0.3,0.25,0.65
381,,0.55,0.15,0.1,0.5,0.55,0.15,0.1,0.5
382,,0.4,0.0,-0.05,0.35,0.4,0.0,-0.05,0.35
383,3,0.65,0.321,0.95,0.671,0.65,0.179,0.1,0.529
384,3,0.9,0.642,1.0,0.992,0.9,0.358,0.25,0.708
385,,0.75,0.492,0.85,0.842,0.75,0.208,0.1,0.558
386,,0.6,0.342,0.7,0.692,0.6,0.058,-0.05,0.408
387,7,0.85,0.521,0.85,0.871,0.85,0.379,0.95,0.729
388,7,1.0,0.7,1.0,1.0,1.0,0.7,1.0,1.0
389,,0.85,0.55,0.85,0.85,0.85,0.55,0.85,0.85
390,,0.7,0.4,0.7,0.7,0.7,0.4,0.7,0.7
391,,0.55,0.25,0.55,0.55,0.55,0.25,0.55,0.55
392,,0.4,0.1,0.4,0.4,0.4,0.1,0.4,0.4
393,,0.25,-0.05,0.25,0.25,0.25,-0.05,0.25,0.25
394,2,0.571,0.95,0.571,0.5,0.429,0.1,0.429,0.5
395,2,0.892,1.0,0.892,0.75,0.608,0.25,0.608,0.75
396,,0.742,0.85,0.742,0.6,0.458,0.1,0.458,0.6
397,,0.592,0.7,0.592,0.45,0.308,-0.05,0.308,0.45
398,6,0.771,0.85,0.771,0.7,0.629,0.95,0.629,0.7
399,6,0.95,1.0,0.95,0.95,0.95,1.0,0.95,0.95
400,,0.8,0.85,0.8,0.8,0.8,0.85,0.8,0.8
401,,0.65,0.7,0.65,0.65,0.65,0.7,0.65,0.65
402,,0.5,0.55,0.5,0.5,0.5,0.55,0.5,0.5
403,,0.35,0.4,0.35,0.35,0.35,0.4,0.35,0.35
404,,0.2,0.25,0.2,0.2,0.2,0.25,0.2,0.2
405,,0.05,0.1,0.05,0.05,0.05,0.1,0.05,0.05
406,,-0.1,-0.05,-0.1,-0.1,-0.1,-0.05,-0.1,-0.1
407,3,0.15,0.271,0.9,0.221,0.15,0.129,0.05,0.079
408,3,0.4,0.592,1.0,0.542,0.4,0.308,0.2,0.258
409,,0.25,0.442,0.85,0.392,0.25,0.158,0.05,0.108
410,,0.1,0.292,0.7,0.242,0.1,0.008,-0.1,-0.042
411,7,0.35,0.471,0.85,0.421,0.35,0.329,0.9,0.279
412,7,0.6,0.65,1.0,0.6,0.6,0.65,1.0,0.6
413,,0.45,0.5,0.85,0.45,0.45,0.5,0.85,0.45
414,,0.3,0.35,0.7,0.3,0.3,0.35,0.7,0.3
415,,0.15,0.2,0.55,0.15,0.15,0.2,0.55,0.15
416,,0.0,0.05,0.4,0.0,0.0,0.05,0.4,0.0
417,,-0.15,-0.1,0.25,-0.15,-0.15,-0.1,0.25,-0.15
418,8,0.171,0.15,0.429,0.0,0.029,0.15,0.571,0.85
419,8,0.492,0.4,0.608,0.15,0.208,0.4,0.892,1.0
420,,0.342,0.25,0.458,0.0,0.058,0.25,0.742,0.85
421,,0.192,0.1,0.308,-0.15,-0.092,0.1,0.592,0.7
422,4,0.371,0.35,0.629,0.85,0.229,0.35,0.771,0.85
423,4,0.55,0.6,0.95,1.0,0.55,0.6,0.95,1.0
424,,0.4,0.45,0.8,0.85,0.4,0.45,0.8,0.85
425,,0.25,0.3,0.65,0.7,0.25,0.3,0.65,0.7
426,,0.1,0.15,0.5,0.55,0.1,0.15,0.5,0.55
427,,-0.05,0.0,0.35,0.4,-0.05,0.0,0.35,0.4
428,5,0.1,0.179,0.6,0.721,0.95,0.321,0.6,0.579
429,5,0.25,0.358,0.85,1.0,1.0,0.642,0.85,0.758
430,,0.1,0.208,0.7,0.85,0.85,0.492,0.7,0.608
431,,-0.05,0.058,0.55,0.7,0.7,0.342,0.55,0.458
432,1,0.95,0.379,0.8,0.879,0.85,0.521,0.8,0.779
433,1,1.0,0.7,1.0,1.0,1.0,0.7,1.0,1.0
434,,0.85,0.55,0.85,0.85,0.85,0.55,0.85,0.85
435,,0.7,0.4,0.7,0.7,0.7,0.4,0.7,0.7
436,,0.55,0.25,0.55,0.55,0.55,0.25,0.55,0.55
437,,0.4,0.1,0.4,0.4,0.4,0.1,0.4,0.4
438,,0.25,-0.05,0.25,0.25,0.25,-0.05,0.25,0.25
439,6,0.429,0.1,0.429,0.5,0.571,0.95,0.571,0.5
440,6,0.608,0.25,0.608,0.75,0.892,1.0,0.892,0.75
441,,0.458,0.1,0.458,0.6,0.742,0.85,0.742,0.6
442,,0.308,-0.05,0.308,0.45,0.592,0.7,0.592,0.45
443,2,0.629,0.95,0.629,0.7,0.771,0.85,0.771,0.7
444,2,0.95,1.0,0.95,0.95,0.95,1.0,0.95,0.95
445,,0.8,0.85,0.8,0.8,0.8,0.85,0.8,0.8
446,,0.65,0.7,0.65,0.65,0.65,0.7,0.65,0.65
447,,0.5,0.55,0.5,0.5,0.5,0.55,0.5,0.5
448,,0.35,0.4,0.35,0.35,0.35,0.4,0.35,0.35
449,,0.2,0.25,0.2,0.2,0.2,0.25,0.2,0.2
450,,0.05,0.1,0.05,0.05,0.05,0.1,0.05,0.05
451,,-0.1,-0.05,-0.1,-0.1,-0.1,-0.05,-0.1,-0.1
452,5,0.05,0.129,0.15,0.221,0.9,0.271,0.15,0.079
453,5,0.2,0.308,0.4,0.542,1.0,0.592,0.4,0.258
454,,0.05,0.158,0.25,0.392,0.85,0.442,0.25,0.108
455,,-0.1,0.008,0.1,0.242,0.7,0.292,0.1,-0.042
456,1,0.9,0.329,0.35,0.421,0.85,0.471,0.35,0.279
457,1,1.0,0.65,0.6,0.6,1.0,0.65,0.6,0.6
458,,0.85,0.5,0.45,0.45,0.85,0.5,0.45,0.45
459,,0.7,0.35,0.3,0.3,0.7,0.35,0.3,0.3
460,,0.55,0.2,0.15,0.15,0.55,0.2,0.15,0.15
461,,0.4,0.05,0.0,0.0,0.4,0.05,0.0,0.0
462,,0.25,-0.1,-0.15,-0.15,0.25,-0.1,-0.15,-0.15
463,8,0.571,0.15,0.029,0.0,0.429,0.15,0.171,0.85
464,8,0.892,0.4,0.208,0.15,0.608,0.4,0.492,1.0
465,,0.742,0.25,0.058,0.0,0.458,0.25,0.342,0.85
466,,0.592,0.1,-0.092,-0.15,0.308,0.1,0.192,0.7
467,4,0.771,0.35,0.229,0.85,0.629,0.35,0.371,0.85
468,4,0.95,0.6,0.55,1.0,0.95,0.6,0.55,1.0
469,,0.8,0.45,0.4,0.85,0.8,0.45,0.4,0.85
470,,0.65,0.3,0.25,0.7,0.65,0.3,0.25,0.7
471,,0.5,0.15,0.1,0.55,0.5,0.15,0.1,0.55
472,,0.35,0.0,-0.05,0.4,0.35,0.0,-0.05,0.4
473,7,0.6,0.179,0.1,0.579,0.6,0.321,0.95,0.721
474,7,0.85,0.358,0.25,0.758,0.85,0.642,1.0,1.0
475,,0.7,0.208,0.1,0.608,0.7,0.492,0.85,0.85
476,,0.55,0.058,-0.05,0.458,0.55,0.342,0.7,0.7
477,3,0.8,0.379,0.95,0.779,0.8,0.521,0.85,0.879
478,3,1.0,0.7,1.0,1.0,1.0,0.7,1.0,1.0
479,,0.85,0.55,0.85,0.85,0.85,0.55,0.85,0.85
480,,0.7,0.4,0.7,0.7,0.7,0.4,0.7,0.7
481,,0.55,0.25,0.55,0.55,0.55,0.25,0.55,0.55
482,,0.4,0.1,0.4,0.4,0.4,0.1,0.4,0.4
483,,0.25,-0.05,0.25,0.25,0.25,-0.05,0.25,0.25
484,2,0.571,0.95,0.571,0.5,0.429,0.1,0.429,0.5
485,2,0.892,1.0,0.892,0.75,0.608,0.25,0.608,0.75
486,,0.742,0.85,0.742,0.6,0.458,0.1,0.458,0.6
487,,0.592,0.7,0.592,0.45,0.308,-0.05,0.308,0.45
488,6,0.771,0.85,0.771,0.7,0.629,0.95,0.629,0.7
489,6,0.95,1.0,0.95,0.95,0.95,1.0,0.95,0.95
490,,0.8,0.85,0.8,0.8,0.8,0.85,0.8,0.8
491,,0.65,0.7,0.65,0.65,0.65,0.7,0.65,0.65
492,,0.5,0.55,0.5,0.5,0.5,0.55,0.5,0.5
493,,0.35,0.4,0.35,0.35,0.35,0.4,0.35,0.35
494,,0.2,0.25,0.2,0.2,0.2,0.25,0.2,0.2
495,,0.05,0.1,0.05,0.05,0.05,0.1,0.05,0.05
496,,-0.1,-0.05,-0.1,-0.1,-0.1,-0.05,-0.1,-0.1
497,1,0.9,0.271,0.15,0.079,0.05,0.129,0.15,0.221
498,1,1.0,0.592,0.4,0.258,0.2,0.308,0.4,0.542
499,,0.85,0.442,0.25,0.108,0.05,0.158,0.25,0.392
