step,active_motive,motive_1,motive_2,motive_3,motive_4,motive_5,motive_6,motive_7,motive_8
0,,0.08074,0.08961,0.0318,0.01101,0.02279,0.04271,0.0818,0.08607
1,,-0.06926,-0.06039,-0.1182,-0.13899,-0.12721,-0.10729,-0.0682,-0.06393
2,4,0.10974,0.18961,0.2028,0.86101,0.19379,0.14271,0.1108,0.08607
3,4,0.28874,0.43961,0.5238,1.0,0.51479,0.39271,0.2898,0.23607
4,,0.13874,0.28961,0.3738,0.85,0.36479,0.24271,0.1398,0.08607
5,,-0.01126,0.13961,0.2238,0.7,0.21479,0.09271,-0.0102,-0.06393
6,8,0.30974,0.38961,0.4028,0.85,0.39379,0.34271,0.3108,0.93607
7,8,0.63074,0.63961,0.5818,1.0,0.57279,0.59271,0.6318,1.0
8,,0.48074,0.48961,0.4318,0.85,0.42279,0.44271,0.4818,0.85
9,,0.33074,0.33961,0.2818,0.7,0.27279,0.29271,0.3318,0.7
10,,0.18074,0.18961,0.1318,0.55,0.12279,0.14271,0.1818,0.55
11,,0.03074,0.03961,-0.0182,0.4,-0.02721,-0.00729,0.0318,0.4
12,5,0.18074,0.21861,0.2318,0.721,0.97279,0.31371,0.2818,0.579
13,5,0.33074,0.39761,0.4818,1.0,1.0,0.63471,0.5318,0.758
14,,0.18074,0.24761,0.3318,0.85,0.85,0.48471,0.3818,0.608
15,,0.03074,0.09761,0.1818,0.7,0.7,0.33471,0.2318,0.458
16,,-0.11926,-0.05239,0.0318,0.55,0.55,0.18471,0.0818,0.308
17,1,0.88074,0.26861,0.2818,0.729,0.7,0.36371,0.3318,0.629
18,1,1.0,0.58961,0.5318,0.908,0.85,0.54271,0.5818,0.95
19,,0.85,0.43961,0.3818,0.758,0.7,0.39271,0.4318,0.8
20,,0.7,0.28961,0.2318,0.608,0.55,0.24271,0.2818,0.65
21,,0.55,0.13961,0.0818,0.458,0.4,0.09271,0.1318,0.5
22,,0.4,-0.01039,-0.0682,0.308,0.25,-0.05729,-0.0182,0.35
23,3,0.65,0.31061,0.9318,0.629,0.5,0.12171,0.1318,0.529
24,3,0.9,0.63161,1.0,0.95,0.75,0.30071,0.2818,0.708
25,,0.75,0.48161,0.85,0.8,0.6,0.15071,0.1318,0.558
26,,0.6,0.33161,0.7,0.65,0.45,0.00071,-0.0182,0.408
27,7,0.85,0.51061,0.85,0.829,0.7,0.32171,0.9818,0.729
28,7,1.0,0.68961,1.0,1.0,0.95,0.64271,1.0,1.0
29,,0.85,0.53961,0.85,0.85,0.8,0.49271,0.85,0.85
30,,0.7,0.38961,0.7,0.7,0.65,0.34271,0.7,0.7
31,,0.55,0.23961,0.55,0.55,0.5,0.19271,0.55,0.55
32,,0.4,0.08961,0.4,0.4,0.35,0.04271,0.4,0.4
33,,0.25,-0.06039,0.25,0.25,0.2,-0.10729,0.25,0.25
34,6,0.429,0.08961,0.429,0.5,0.521,0.89271,0.571,0.5
35,6,0.608,0.23961,0.608,0.75,0.842,1.0,0.892,0.75
36,,0.458,0.08961,0.458,0.6,0.692,0.85,0.742,0.6
37,,0.308,-0.06039,0.308,0.45,0.542,0.7,0.592,0.45
38,2,0.629,0.93961,0.629,0.7,0.721,0.85,0.771,0.7
39,2,0.95,1.0,0.95,0.95,0.9,1.0,0.95,0.95
40,,0.8,0.85,0.8,0.8,0.75,0.85,0.8,0.8
41,,0.65,0.7,0.65,0.65,0.6,0.7,0.65,0.65
42,,0.5,0.55,0.5,0.5,0.45,0.55,0.5,0.5
43,,0.35,0.4,0.35,0.35,0.3,0.4,0.35,0.35
44,,0.2,0.25,0.2,0.2,0.15,0.25,0.2,0.2
45,,0.05,0.1,0.05,0.05,0.0,0.1,0.05,0.05
46,,-0.1,-0.05,-0.1,-0.1,-0.15,-0.05,-0.1,-0.1
47,5,0.05,0.129,0.15,0.221,0.85,0.271,0.15,0.079
48,5,0.2,0.308,0.4,0.542,1.0,0.592,0.4,0.258
49,,0.05,0.158,0.25,0.392,0.85,0.442,0.25,0.108
50,,-0.1,0.008,0.1,0.242,0.7,0.292,0.1,-0.042
51,1,0.9,0.329,0.35,0.421,0.85,0.471,0.35,0.279
52,1,1.0,0.65,0.6,0.6,1.0,0.65,0.6,0.6
53,,0.85,0.5,0.45,0.45,0.85,0.5,0.45,0.45
54,,0.7,0.35,0.3,0.3,0.7,0.35,0.3,0.3
55,,0.55,0.2,0.15,0.15,0.55,0.2,0.15,0.15
56,,0.4,0.05,0.0,0.0,0.4,0.05,0.0,0.0
57,,0.25,-0.1,-0.15,-0.15,0.25,-0.1,-0.15,-0.15
58,7,0.5,0.079,0.0,0.029,0.5,0.221,0.85,0.171
59,7,0.75,0.258,0.15,0.208,0.75,0.542,1.0,0.492
60,,0.6,0.108,0.0,0.058,0.6,0.392,0.85,0.342
61,,0.45,-0.042,-0.15,-0.092,0.45,0.242,0.7,0.192
62,3,0.7,0.279,0.85,0.229,0.7,0.421,0.85,0.371
63,3,0.95,0.6,1.0,0.55,0.95,0.6,1.0,0.55
64,,0.8,0.45,0.85,0.4,0.8,0.45,0.85,0.4
65,,0.65,0.3,0.7,0.25,0.65,0.3,0.7,0.25
66,,0.5,0.15,0.55,0.1,0.5,0.15,0.55,0.1
67,,0.35,0.0,0.4,-0.05,0.35,0.0,0.4,-0.05
68,8,0.671,0.25,0.579,0.1,0.529,0.25,0.721,0.95
69,8,0.992,0.5,0.758,0.25,0.708,0.5,1.0,1.0
70,,0.842,0.35,0.608,0.1,0.558,0.35,0.85,0.85
71,,0.692,0.2,0.458,-0.05,0.408,0.2,0.7,0.7
72,4,0.871,0.45,0.779,0.95,0.729,0.45,0.879,0.85
73,4,1.0,0.7,1.0,1.0,1.0,0.7,1.0,1.0
74,,0.85,0.55,0.85,0.85,0.85,0.55,0.85,0.85
75,,0.7,0.4,0.7,0.7,0.7,0.4,0.7,0.7
76,,0.55,0.25,0.55,0.55,0.55,0.25,0.55,0.55
77,,0.4,0.1,0.4,0.4,0.4,0.1,0.4,0.4
78,,0.25,-0.05,0.25,0.25,0.25,-0.05,0.25,0.25
79,6,0.429,0.1,0.429,0.5,0.571,0.95,0.571,0.5
80,6,0.608,0.25,0.608,0.75,0.892,1.0,0.892,0.75
81,,0.458,0.1,0.458,0.6,0.742,0.85,0.742,0.6
82,,0.308,-0.05,0.308,0.45,0.592,0.7,0.592,0.45
83,2,0.629,0.95,0.629,0.7,0.771,0.85,0.771,0.7
84,2,0.95,1.0,0.95,0.95,0.95,1.0,0.95,0.95
85,,0.8,0.85,0.8,0.8,0.8,0.85,0.8,0.8
86,,0.65,0.7,0.65,0.65,0.65,0.7,0.65,0.65
87,,0.5,0.55,0.5,0.5,0.5,0.55,0.5,0.5
88,,0.35,0.4,0.35,0.35,0.35,0.4,0.35,0.35
89,,0.2,0.25,0.2,0.2,0.2,0.25,0.2,0.2
90,,0.05,0.1,0.05,0.05,0.05,0.1,0.05,0.05
91,,-0.1,-0.05,-0.1,-0.1,-0.1,-0.05,-0.1,-0.1
92,4,0.079,0.2,0.221,0.9,0.221,0.2,0.079,0.05
93,4,0.258,0.45,0.542,1.0,0.542,0.45,0.258,0.2
94,,0.108,0.3,0.392,0.85,0.392,0.3,0.108,0.05
95,,-0.042,0.15,0.242,0.7,0.242,0.15,-0.042,-0.1
96,8,0.279,0.4,0.421,0.85,0.421,0.4,0.279,0.9
97,8,0.6,0.65,0.6,1.0,0.6,0.65,0.6,1.0
98,,0.45,0.5,0.45,0.85,0.45,0.5,0.45,0.85
99,,0.3,0.35,0.3,0.7,0.3,0.35,0.3,0.7
100,,0.15,0.2,0.15,0.55,0.15,0.2,0.15,0.55
101,,0.0,0.05,0.0,0.4,0.0,0.05,0.0,0.4
102,,-0.15,-0.1,-0.15,0.25,-0.15,-0.1,-0.15,0.25
103,1,0.85,0.221,0.1,0.429,0.0,0.079,0.1,0.571
104,1,1.0,0.542,0.35,0.608,0.15,0.258,0.35,0.892
105,,0.85,0.392,0.2,0.458,0.0,0.108,0.2,0.742
106,,0.7,0.242,0.05,0.308,-0.15,-0.042,0.05,0.592
107,5,0.85,0.421,0.3,0.629,0.85,0.279,0.3,0.771
108,5,1.0,0.6,0.55,0.95,1.0,0.6,0.55,0.95
109,,0.85,0.45,0.4,0.8,0.85,0.45,0.4,0.8
110,,0.7,0.3,0.25,0.65,0.7,0.3,0.25,0.65
111,,0.55,0.15,0.1,0.5,0.55,0.15,0.1,0.5
112,,0.4,0.0,-0.05,0.35,0.4,0.0,-0.05,0.35
113,7,0.65,0.179,0.1,0.529,0.65,0.321,0.95,0.671
114,7,0.9,0.358,0.25,0.708,0.9,0.642,1.0,0.992
115,,0.75,0.208,0.1,0.558,0.75,0.492,0.85,0.842
116,,0.6,0.058,-0.05,0.408,0.6,0.342,0.7,0.692
117,3,0.85,0.379,0.95,0.729,0.85,0.521,0.85,0.871
118,3,1.0,0.7,1.0,1.0,1.0,0.7,1.0,1.0
119,,0.85,0.55,0.85,0.85,0.85,0.55,0.85,0.85
120,,0.7,0.4,0.7,0.7,0.7,0.4,0.7,0.7
121,,0.55,0.25,0.55,0.55,0.55,0.25,0.55,0.55
122,,0.4,0.1,0.4,0.4,0.4,0.1,0.4,0.4
123,,0.25,-0.05,0.25,0.25,0.25,-0.05,0.25,0.25
124,2,0.571,0.95,0.571,0.5,0.429,0.1,0.429,0.5
125,2,0.892,1.0,0.892,0.75,0.608,0.25,0.608,0.75
126,,0.742,0.85,0.742,0.6,0.458,0.1,0.458,0.6
127,,0.592,0.7,0.592,0.45,0.308,-0.05,0.308,0.45
128,6,0.771,0.85,0.771,0.7,0.629,0.95,0.629,0.7
129,6,0.95,1.0,0.95,0.95,0.95,1.0,0.95,0.95
130,,0.8,0.85,0.8,0.8,0.8,0.85,0.8,0.8
131,,0.65,0.7,0.65,0.65,0.65,0.7,0.65,0.65
132,,0.5,0.55,0.5,0.5,0.5,0.55,0.5,0.5
133,,0.35,0.4,0.35,0.35,0.35,0.4,0.35,0.35
134,,0.2,0.25,0.2,0.2,0.2,0.25,0.2,0.2
135,,0.05,0.1,0.05,0.05,0.05,0.1,0.05,0.05
136,,-0.1,-0.05,-0.1,-0.1,-0.1,-0.05,-0.1,-0.1
137,1,0.9,0.271,0.15,0.079,0.05,0.129,0.15,0.221
138,1,1.0,0.592,0.4,0.258,0.2,0.308,0.4,0.542
139,,0.85,0.442,0.25,0.108,0.05,0.158,0.25,0.392
140,,0.7,0.292,0.1,-0.042,-0.1,0.008,0.1,0.242
141,5,0.85,0.471,0.35,0.279,0.9,0.329,0.35,0.421
142,5,1.0,0.65,0.6,0.6,1.0,0.65,0.6,0.6
143,,0.85,0.5,0.45,0.45,0.85,0.5,0.45,0.45
144,,0.7,0.35,0.3,0.3,0.7,0.35,0.3,0.3
145,,0.55,0.2,0.15,0.15,0.55,0.2,0.15,0.15
146,,0.4,0.05,0.0,0.0,0.4,0.05,0.0,0.0
147,,0.25,-0.1,-0.15,-0.15,0.25,-0.1,-0.15,-0.15
148,7,0.5,0.079,0.0,0.029,0.5,0.221,0.85,0.171
149,7,0.75,0.258,0.15,0.208,0.75,0.542,1.0,0.492
150,,0.6,0.108,0.0,0.058,0.6,0.392,0.85,0.342
151,,0.45,-0.042,-0.15,-0.092,0.45,0.242,0.7,0.192
152,3,0.7,0.279,0.85,0.229,0.7,0.421,0.85,0.371
153,3,0.95,0.6,1.0,0.55,0.95,0.6,1.0,0.55
154,,0.8,0.45,0.85,0.4,0.8,0.45,0.85,0.4
155,,0.65,0.3,0.7,0.25,0.65,0.3,0.7,0.25
156,,0.5,0.15,0.55,0.1,0.5,0.15,0.55,0.1
157,,0.35,0.0,0.4,-0.05,0.35,0.0,0.4,-0.05
158,8,0.671,0.25,0.579,0.1,0.529,0.25,0.721,0.95
159,8,0.992,0.5,0.758,0.25,0.708,0.5,1.0,1.0
160,,0.842,0.35,0.608,0.1,0.558,0.35,0.85,0.85
161,,0.692,0.2,0.458,-0.05,0.408,0.2,0.7,0.7
162,4,0.871,0.45,0.779,0.95,0.729,0.45,0.879,0.85
163,4,1.0,0.7,1.0,1.0,1.0,0.7,1.0,1.0
164,,0.85,0.55,0.85,0.85,0.85,0.55,0.85,0.85
165,,0.7,0.4,0.7,0.7,0.7,0.4,0.7,0.7
166,,0.55,0.25,0.55,0.55,0.55,0.25,0.55,0.55
167,,0.4,0.1,0.4,0.4,0.4,0.1,0.4,0.4
168,,0.25,-0.05,0.25,0.25,0.25,-0.05,0.25,0.25
169,6,0.429,0.1,0.429,0.5,0.571,0.95,0.571,0.5
170,6,0.608,0.25,0.608,0.75,0.892,1.0,0.892,0.75
171,,0.458,0.1,0.458,0.6,0.742,0.85,0.742,0.6
172,,0.308,-0.05,0.308,0.45,0.592,0.7,0.592,0.45
173,2,0.629,0.95,0.629,0.7,0.771,0.85,0.771,0.7
174,2,0.95,1.0,0.95,0.95,0.95,1.0,0.95,0.95
175,,0.8,0.85,0.8,0.8,0.8,0.85,0.8,0.8
176,,0.65,0.7,0.65,0.65,0.65,0.7,0.65,0.65
177,,0.5,0.55,0.5,0.5,0.5,0.55,0.5,0.5
178,,0.35,0.4,0.35,0.35,0.35,0.4,0.35,0.35
179,,0.2,0.25,0.2,0.2,0.2,0.25,0.2,0.2
180,,0.05,0.1,0.05,0.05,0.05,0.1,0.05,0.05
181,,-0.1,-0.05,-0.1,-0.1,-0.1,-0.05,-0.1,-0.1
182,4,0.079,0.2,0.221,0.9,0.221,0.2,0.079,0.05
183,4,0.258,0.45,0.542,1.0,0.542,0.45,0.258,0.2
184,,0.108,0.3,0.392,0.85,0.392,0.3,0.108,0.05
185,,-0.042,0.15,0.242,0.7,0.242,0.15,-0.042,-0.1
186,8,0.279,0.4,0.421,0.85,0.421,0.4,0.279,0.9
187,8,0.6,0.65,0.6,1.0,0.6,0.65,0.6,1.0
188,,0.45,0.5,0.45,0.85,0.45,0.5,0.45,0.85
189,,0.3,0.35,0.3,0.7,0.3,0.35,0.3,0.7
190,,0.15,0.2,0.15,0.55,0.15,0.2,0.15,0.55
191,,0.0,0.05,0.0,0.4,0.0,0.05,0.0,0.4
192,,-0.15,-0.1,-0.15,0.25,-0.15,-0.1,-0.15,0.25
193,3,0.1,0.221,0.85,0.571,0.1,0.079,0.0,0.429
194,3,0.35,0.542,1.0,0.892,0.35,0.258,0.15,0.608
195,,0.2,0.392,0.85,0.742,0.2,0.108,0.0,0.458
196,,0.05,0.242,0.7,0.592,0.05,-0.042,-0.15,0.308
197,7,0.3,0.421,0.85,0.771,0.3,0.279,0.85,0.629
198,7,0.55,0.6,1.0,0.95,0.55,0.6,1.0,0.95
199,,0.4,0.45,0.85,0.8,0.4,0.45,0.85,0.8
200,,0.25,0.3,0.7,0.65,0.25,0.3,0.7,0.65
201,,0.1,0.15,0.55,0.5,0.1,0.15,0.55,0.5
202,,-0.05,0.0,0.4,0.35,-0.05,0.0,0.4,0.35
203,5,0.1,0.179,0.65,0.671,0.95,0.321,0.65,0.529
204,5,0.25,0.358,0.9,0.992,1.0,0.642,0.9,0.708
205,,0.1,0.208,0.75,0.842,0.85,0.492,0.75,0.558
206,,-0.05,0.058,0.6,0.692,0.7,0.342,0.6,0.408
207,1,0.95,0.379,0.85,0.871,0.85,0.521,0.85,0.729
208,1,1.0,0.7,1.0,1.0,1.0,0.7,1.0,1.0
209,,0.85,0.55,0.85,0.85,0.85,0.55,0.85,0.85
210,,0.7,0.4,0.7,0.7,0.7,0.4,0.7,0.7
211,,0.55,0.25,0.55,0.55,0.55,0.25,0.55,0.55
212,,0.4,0.1,0.4,0.4,0.4,0.1,0.4,0.4
213,,0.25,-0.05,0.25,0.25,0.25,-0.05,0.25,0.25
214,6,0.429,0.1,0.429,0.5,0.571,0.95,0.571,0.5
215,6,0.608,0.25,0.608,0.75,0.892,1.0,0.892,0.75
216,,0.458,0.1,0.458,0.6,0.742,0.85,0.742,0.6
217,,0.308,-0.05,0.308,0.45,0.592,0.7,0.592,0.45
218,2,0.629,0.95,0.629,0.7,0.771,0.85,0.771,0.7
219,2,0.95,1.0,0.95,0.95,0.95,1.0,0.95,0.95
220,,0.8,0.85,0.8,0.8,0.8,0.85,0.8,0.8
221,,0.65,0.7,0.65,0.65,0.65,0.7,0.65,0.65
222,,0.5,0.55,0.5,0.5,0.5,0.55,0.5,0.5
223,,0.35,0.4,0.35,0.35,0.35,0.4,0.35,0.35
224,,0.2,0.25,0.2,0.2,0.2,0.25,0.2,0.2
225,,0.05,0.1,0.05,0.05,0.05,0.1,0.05,0.05
226,,-0.1,-0.05,-0.1,-0.1,-0.1,-0.05,-0.1,-0.1
227,1,0.9,0.271,0.15,0.079,0.05,0.129,0.15,0.221
228,1,1.0,0.592,0.4,0.258,0.2,0.308,0.4,0.542
229,,0.85,0.442,0.25,0.108,0.05,0.158,0.25,0.392
230,,0.7,0.292,0.1,-0.042,-0.1,0.008,0.1,0.242
231,5,0.85,0.471,0.35,0.279,0.9,0.329,0.35,0.421
232,5,1.0,0.65,0.6,0.6,1.0,0.65,0.6,0.6
233,,0.85,0.5,0.45,0.45,0.85,0.5,0.45,0.45
234,,0.7,0.35,0.3,0.3,0.7,0.35,0.3,0.3
235,,0.55,0.2,0.15,0.15,0.55,0.2,0.15,0.15
236,,0.4,0.05,0.0,0.0,0.4,0.05,0.0,0.0
237,,0.25,-0.1,-0.15,-0.15,0.25,-0.1,-0.15,-0.15
238,8,0.571,0.15,0.029,0.0,0.429,0.15,0.171,0.85
239,8,0.892,0.4,0.208,0.15,0.608,0.4,0.492,1.0
240,,0.742,0.25,0.058,0.0,0.458,0.25,0.342,0.85
241,,0.592,0.1,-0.092,-0.15,0.308,0.1,0.192,0.7
242,4,0.771,0.35,0.229,0.85,0.629,0.35,0.371,0.85
243,4,0.95,0.6,0.55,1.0,0.95,0.6,0.55,1.0
244,,0.8,0.45,0.4,0.85,0.8,0.45,0.4,0.85
245,,0.65,0.3,0.25,0.7,0.65,0.3,0.25,0.7
246,,0.5,0.15,0.1,0.55,0.5,0.15,0.1,0.55
247,,0.35,0.0,-0.05,0.4,0.35,0.0,-0.05,0.4
248,3,0.6,0.321,0.95,0.721,0.6,0.179,0.1,0.579
249,3,0.85,0.642,1.0,1.0,0.85,0.358,0.25,0.758
250,,0.7,0.492,0.85,0.85,0.7,0.208,0.1,0.608
251,,0.55,0.342,0.7,0.7,0.55,0.058,-0.05,0.458
252,7,0.8,0.521,0.85,0.879,0.8,0.379,0.95,0.779
253,7,1.0,0.7,1.0,1.0,1.0,0.7,1.0,1.0
254,,0.85,0.55,0.85,0.85,0.85,0.55,0.85,0.85
255,,0.7,0.4,0.7,0.7,0.7,0.4,0.7,0.7
256,,0.55,0.25,0.55,0.55,0.55,0.25,0.55,0.55
257,,0.4,0.1,0.4,0.4,0.4,0.1,0.4,0.4
258,,0.25,-0.05,0.25,0.25,0.25,-0.05,0.25,0.25
259,6,0.429,0.1,0.429,0.5,0.571,0.95,0.571,0.5
260,6,0.608,0.25,0.608,0.75,0.892,1.0,0.892,0.75
261,,0.458,0.1,0.458,0.6,0.742,0.85,0.742,0.6
262,,0.308,-0.05,0.308,0.45,0.592,0.7,0.592,0.45
263,2,0.629,0.95,0.629,0.7,0.771,0.85,0.771,0.7
264,2,0.95,1.0,0.95,0.95,0.95,1.0,0.95,0.95
265,,0.8,0.85,0.8,0.8,0.8,0.85,0.8,0.8
266,,0.65,0.7,0.65,0.65,0.65,0.7,0.65,0.65
267,,0.5,0.55,0.5,0.5,0.5,0.55,0.5,0.5
268,,0.35,0.4,0.35,0.35,0.35,0.4,0.35,0.35
269,,0.2,0.25,0.2,0.2,0.2,0.25,0.2,0.2
270,,0.05,0.1,0.05,0.05,0.05,0.1,0.05,0.05
271,,-0.1,-0.05,-0.1,-0.1,-0.1,-0.05,-0.1,-0.1
272,1,0.9,0.271,0.15,0.079,0.05,0.129,0.15,0.221
273,1,1.0,0.592,0.4,0.258,0.2,0.308,0.4,0.542
274,,0.85,0.442,0.25,0.108,0.05,0.158,0.25,0.392
275,,0.7,0.292,0.1,-0.042,-0.1,0.008,0.1,0.242
276,5,0.85,0.471,0.35,0.279,0.9,0.329,0.35,0.421
277,5,1.0,0.65,0.6,0.6,1.0,0.65,0.6,0.6
278,,0.85,0.5,0.45,0.45,0.85,0.5,0.45,0.45
279,,0.7,0.35,0.3,0.3,0.7,0.35,0.3,0.3
280,,0.55,0.2,0.15,0.15,0.55,0.2,0.15,0.15
281,,0.4,0.05,0.0,0.0,0.4,0.05,0.0,0.0
282,,0.25,-0.1,-0.15,-0.15,0.25,-0.1,-0.15,-0.15
283,4,0.429,0.15,0.171,0.85,0.571,0.15,0.029,0.0
284,4,0.608,0.4,0.492,1.0,0.892,0.4,0.208,0.15
285,,0.458,0.25,0.342,0.85,0.742,0.25,0.058,0.0
286,,0.308,0.1,0.192,0.7,0.592,0.1,-0.092,-0.15
287,8,0.629,0.35,0.371,0.85,0.771,0.35,0.229,0.85
288,8,0.95,0.6,0.55,1.0,0.95,0.6,0.55,1.0
289,,0.8,0.45,0.4,0.85,0.8,0.45,0.4,0.85
290,,0.65,0.3,0.25,0.7,0.65,0.3,0.25,0.7
291,,0.5,0.15,0.1,0.55,0.5,0.15,0.1,0.55
292,,0.35,0.0,-0.05,0.4,0.35,0.0,-0.05,0.4
293,7,0.6,0.179,0.1,0.579,0.6,0.321,0.95,0.721
294,7,0.85,0.358,0.25,0.758,0.85,0.642,1.0,1.0
295,,0.7,0.208,0.1,0.608,0.7,0.492,0.85,0.85
296,,0.55,0.058,-0.05,0.458,0.55,0.342,0.7,0.7
297,3,0.8,0.379,0.95,0.779,0.8,0.521,0.85,0.879
298,3,1.0,0.7,1.0,1.0,1.0,0.7,1.0,1.0
299,,0.85,0.55,0.85,0.85,0.85,0.55,0.85,0.85
300,,0.7,0.4,0.7,0.7,0.7,0.4,0.7,0.7
301,,0.55,0.25,0.55,0.55,0.55,0.25,0.55,0.55
302,,0.4,0.1,0.4,0.4,0.4,0.1,0.4,0.4
303,,0.25,-0.05,0.25,0.25,0.25,-0.05,0.25,0.25
304,6,0.429,0.1,0.429,0.5,0.571,0.95,0.571,0.5
305,6,0.608,0.25,0.608,0.75,0.892,1.0,0.892,0.75
306,,0.458,0.1,0.458,0.6,0.742,0.85,0.742,0.6
307,,0.308,-0.05,0.308,0.45,0.592,0.7,0.592,0.45
308,2,0.629,0.95,0.629,0.7,0.771,0.85,0.771,0.7
309,2,0.95,1.0,0.95,0.95,0.95,1.0,0.95,0.95
310,,0.8,0.85,0.8,0.8,0.8,0.85,0.8,0.8
311,,0.65,0.7,0.65,0.65,0.65,0.7,0.65,0.65
312,,0.5,0.55,0.5,0.5,0.5,0.55,0.5,0.5
313,,0.35,0.4,0.35,0.35,0.35,0.4,0.35,0.35
314,,0.2,0.25,0.2,0.2,0.2,0.25,0.2,0.2
315,,0.05,0.1,0.05,0.05,0.05,0.1,0.05,0.05
316,,-0.1,-0.05,-0.1,-0.1,-0.1,-0.05,-0.1,-0.1
317,8,0.221,0.2,0.079,0.05,0.079,0.2,0.221,0.9
318,8,0.542,0.45,0.258,0.2,0.258,0.45,0.542,1.0
319,,0.392,0.3,0.108,0.05,0.108,0.3,0.392,0.85
320,,0.242,0.15,-0.042,-0.1,-0.042,0.15,0.242,0.7
321,4,0.421,0.4,0.279,0.9,0.279,0.4,0.421,0.85
322,4,0.6,0.65,0.6,1.0,0.6,0.65,0.6,1.0
323,,0.45,0.5,0.45,0.85,0.45,0.5,0.45,0.85
324,,0.3,0.35,0.3,0.7,0.3,0.35,0.3,0.7
325,,0.15,0.2,0.15,0.55,0.15,0.2,0.15,0.55
326,,0.0,0.05,0.0,0.4,0.0,0.05,0.0,0.4
327,,-0.15,-0.1,-0.15,0.25,-0.15,-0.1,-0.15,0.25
328,5,0.0,0.079,0.1,0.571,0.85,0.221,0.1,0.429
329,5,0.15,0.258,0.35,0.892,1.0,0.542,0.35,0.608
330,,0.0,0.108,0.2,0.742,0.85,0.392,0.2,0.458
331,,-0.15,-0.042,0.05,0.592,0.7,0.242,0.05,0.308
332,1,0.85,0.279,0.3,0.771,0.85,0.421,0.3,0.629
333,1,1.0,0.6,0.55,0.95,1.0,0.6,0.55,0.95
334,,0.85,0.45,0.4,0.8,0.85,0.45,0.4,0.8
335,,0.7,0.3,0.25,0.65,0.7,0.3,0.25,0.65
336,,0.55,0.15,0.1,0.5,0.55,0.15,0.1,0.5
337,,0.4,0.0,-0.05,0.35,0.4,0.0,-0.05,0.35
338,7,0.65,0.179,0.1,0.529,0.65,0.321,0.95,0.671
339,7,0.9,0.358,0.25,0.708,0.9,0.642,1.0,0.992
340,,0.75,0.208,0.1,0.558,0.75,0.492,0.85,0.842
341,,0.6,0.058,-0.05,0.408,0.6,0.342,0.7,0.692
342,3,0.85,0.379,0.95,0.729,0.85,0.521,0.85,0.871
343,3,1.0,0.7,1.0,1.0,1.0,0.7,1.0,1.0
344,,0.85,0.55,0.85,0.85,0.85,0.55,0.85,0.85
345,,0.7,0.4,0.7,0.7,0.7,0.4,0.7,0.7
346,,0.55,0.25,0.55,0.55,0.55,0.25,0.55,0.55
347,,0.4,0.1,0.4,0.4,0.4,0.1,0.4,0.4
348,,0.25,-0.05,0.25,0.25,0.25,-0.05,0.25,0.25
349,2,0.571,0.95,0.571,0.5,0.429,0.1,0.429,0.5
350,2,0.892,1.0,0.892,0.75,0.608,0.25,0.608,0.75
351,,0.742,0.85,0.742,0.6,0.458,0.1,0.458,0.6
352,,0.592,0.7,0.592,0.45,0.308,-0.05,0.308,0.45
353,6,0.771,0.85,0.771,0.7,0.629,0.95,0.629,0.7
354,6,0.95,1.0,0.95,0.95,0.95,1.0,0.95,0.95
355,,0.8,0.85,0.8,0.8,0.8,0.85,0.8,0.8
356,,0.65,0.7,0.65,0.65,0.65,0.7,0.65,0.65
357,,0.5,0.55,0.5,0.5,0.5,0.55,0.5,0.5
358,,0.35,0.4,0.35,0.35,0.35,0.4,0.35,0.35
359,,0.2,0.25,0.2,0.2,0.2,0.25,0.2,0.2
360,,0.05,0.1,0.05,0.05,0.05,0.1,0.05,0.05
361,,-0.1,-0.05,-0.1,-0.1,-0.1,-0.05,-0.1,-0.1
362,1,0.9,0.271,0.15,0.079,0.05,0.129,0.15,0.221
363,1,1.0,0.592,0.4,0.258,0.2,0.308,0.4,0.542
364,,0.85,0.442,0.25,0.108,0.05,0.158,0.25,0.392
365,,0.7,0.292,0.1,-0.042,-0.1,0.008,0.1,0.242
366,5,0.85,0.471,0.35,0.279,0.9,0.329,0.35,0.421
367,5,1.0,0.65,0.6,0.6,1.0,0.65,0.6,0.6
368,,0.85,0.5,0.45,0.45,0.85,0.5,0.45,0.45
369,,0.7,0.35,0.3,0.3,0.7,0.35,0.3,0.3
370,,0.55,0.2,0.15,0.15,0.55,0.2,0.15,0.15
371,,0.4,0.05,0.0,0.0,0.4,0.05,0.0,0.0
372,,0.25,-0.1,-0.15,-0.15,0.25,-0.1,-0.15,-0.15
373,3,0.5,0.221,0.85,0.171,0.5,0.079,0.0,0.029
374,3,0.75,0.542,1.0,0.492,0.75,0.258,0.15,0.208
375,,0.6,0.392,0.85,0.342,0.6,0.108,0.0,0.058
376,,0.45,0.242,0.7,0.192,0.45,-0.042,-0.15,-0.092
377,7,0.7,0.421,0.85,0.371,0.7,0.279,0.85,0.229
378,7,0.95,0.6,1.0,0.55,0.95,0.6,1.0,0.55
379,,0.8,0.45,0.85,0.4,0.8,0.45,0.85,0.4
380,,0.65,0.3,0.7,0.25,0.65,0.3,0.7,0.25
381,,0.5,0.15,0.55,0.1,0.5,0.15,0.55,0.1
382,,0.35,0.0,0.4,-0.05,0.35,0.0,0.4,-0.05
383,4,0.529,0.25,0.721,0.95,0.671,0.25,0.579,0.1
384,4,0.708,0.5,1.0,1.0,0.992,0.5,0.758,0.25
385,,0.558,0.35,0.85,0.85,0.842,0.35,0.608,0.1
386,,0.408,0.2,0.7,0.7,0.692,0.2,0.458,-0.05
387,8,0.729,0.45,0.879,0.85,0.871,0.45,0.779,0.95
388,8,1.0,0.7,1.0,1.0,1.0,0.7,1.0,1.0
389,,0.85,0.55,0.85,0.85,0.85,0.55,0.85,0.85
390,,0.7,0.4,0.7,0.7,0.7,0.4,0.7,0.7
391,,0.55,0.25,0.55,0.55,0.55,0.25,0.55,0.55
392,,0.4,0.1,0.4,0.4,0.4,0.1,0.4,0.4
393,,0.25,-0.05,0.25,0.25,0.25,-0.05,0.25,0.25
394,6,0.429,0.1,0.429,0.5,0.571,0.95,0.571,0.5
395,6,0.608,0.25,0.608,0.75,0.892,1.0,0.892,0.75
396,,0.458,0.1,0.458,0.6,0.742,0.85,0.742,0.6
397,,0.308,-0.05,0.308,0.45,0.592,0.7,0.592,0.45
398,2,0.629,0.95,0.629,0.7,0.771,0.85,0.771,0.7
399,2,0.95,1.0,0.95,0.95,0.95,1.0,0.95,0.95
400,,0.8,0.85,0.8,0.8,0.8,0.85,0.8,0.8
401,,0.65,0.7,0.65,0.65,0.65,0.7,0.65,0.65
402,,0.5,0.55,0.5,0.5,0.5,0.55,0.5,0.5
403,,0.35,0.4,0.35,0.35,0.35,0.4,0.35,0.35
404,,0.2,0.25,0.2,0.2,0.2,0.25,0.2,0.2
405,,0.05,0.1,0.05,0.05,0.05,0.1,0.05,0.05
406,,-0.1,-0.05,-0.1,-0.1,-0.1,-0.05,-0.1,-0.1
407,1,0.9,0.271,0.15,0.079,0.05,0.129,0.15,0.221
408,1,1.0,0.592,0.4,0.258,0.2,0.308,0.4,0.542
409,,0.85,0.442,0.25,0.108,0.05,0.158,0.25,0.392
410,,0.7,0.292,0.1,-0.042,-0.1,0.008,0.1,0.242
411,5,0.85,0.471,0.35,0.279,0.9,0.329,0.35,0.421
412,5,1.0,0.65,0.6,0.6,1.0,0.65,0.6,0.6
413,,0.85,0.5,0.45,0.45,0.85,0.5,0.45,0.45
414,,0.7,0.35,0.3,0.3,0.7,0.35,0.3,0.3
415,,0.55,0.2,0.15,0.15,0.55,0.2,0.15,0.15
416,,0.4,0.05,0.0,0.0,0.4,0.05,0.0,0.0
417,,0.25,-0.1,-0.15,-0.15,0.25,-0.1,-0.15,-0.15
418,7,0.5,0.079,0.0,0.029,0.5,0.221,0.85,0.171
419,7,0.75,0.258,0.15,0.208,0.75,0.542,1.0,0.492
420,,0.6,0.108,0.0,0.058,0.6,0.392,0.85,0.342
421,,0.45,-0.042,-0.15,-0.092,0.45,0.242,0.7,0.192
422,3,0.7,0.279,0.85,0.229,0.7,0.421,0.85,0.371
423,3,0.95,0.6,1.0,0.55,0.95,0.6,1.0,0.55
424,,0.8,0.45,0.85,0.4,0.8,0.45,0.85,0.4
425,,0.65,0.3,0.7,0.25,0.65,0.3,0.7,0.25
426,,0.5,0.15,0.55,0.1,0.5,0.15,0.55,0.1
427,,0.35,0.0,0.4,-0.05,0.35,0.0,0.4,-0.05
428,4,0.529,0.25,0.721,0.95,0.671,0.25,0.579,0.1
429,4,0.708,0.5,1.0,1.0,0.992,0.5,0.758,0.25
430,,0.558,0.35,0.85,0.85,0.842,0.35,0.608,0.1
431,,0.408,0.2,0.7,0.7,0.692,0.2,0.458,-0.05
432,8,0.729,0.45,0.879,0.85,0.871,0.45,0.779,0.95
433,8,1.0,0.7,1.0,1.0,1.0,0.7,1.0,1.0
434,,0.85,0.55,0.85,0.85,0.85,0.55,0.85,0.85
435,,0.7,0.4,0.7,0.7,0.7,0.4,0.7,0.7
436,,0.55,0.25,0.55,0.55,0.55,0.25,0.55,0.55
437,,0.4,0.1,0.4,0.4,0.4,0.1,0.4,0.4
438,,0.25,-0.05,0.25,0.25,0.25,-0.05,0.25,0.25
439,6,0.429,0.1,0.429,0.5,0.571,0.95,0.571,0.5
440,6,0.608,0.25,0.608,0.75,0.892,1.0,0.892,0.75
441,,0.458,0.1,0.458,0.6,0.742,0.85,0.742,0.6
442,,0.308,-0.05,0.308,0.45,0.592,0.7,0.592,0.45
443,2,0.629,0.95,0.629,0.7,0.771,0.85,0.771,0.7
444,2,0.95,1.0,0.95,0.95,0.95,1.0,0.95,0.95
445,,0.8,0.85,0.8,0.8,0.8,0.85,0.8,0.8
446,,0.65,0.7,0.65,0.65,0.65,0.7,0.65,0.65
447,,0.5,0.55,0.5,0.5,0.5,0.55,0.5,0.5
448,,0.35,0.4,0.35,0.35,0.35,0.4,0.35,0.35
449,,0.2,0.25,0.2,0.2,0.2,0.25,0.2,0.2
450,,0.05,0.1,0.05,0.05,0.05,0.1,0.05,0.05
451,,-0.1,-0.05,-0.1,-0.1,-0.1,-0.05,-0.1,-0.1
452,3,0.15,0.271,0.9,0.221,0.15,0.129,0.05,0.079
453,3,0.4,0.592,1.0,0.542,0.4,0.308,0.2,0.258
454,,0.25,0.442,0.85,0.392,0.25,0.158,0.05,0.108
455,,0.1,0.292,0.7,0.242,0.1,0.008,-0.1,-0.042
456,7,0.35,0.471,0.85,0.421,0.35,0.329,0.9,0.279
457,7,0.6,0.65,1.0,0.6,0.6,0.65,1.0,0.6
458,,0.45,0.5,0.85,0.45,0.45,0.5,0.85,0.45
459,,0.3,0.35,0.7,0.3,0.3,0.35,0.7,0.3
460,,0.15,0.2,0.55,0.15,0.15,0.2,0.55,0.15
461,,0.0,0.05,0.4,0.0,0.0,0.05,0.4,0.0
462,,-0.15,-0.1,0.25,-0.15,-0.15,-0.1,0.25,-0.15
463,8,0.171,0.15,0.429,0.0,0.029,0.15,0.571,0.85
464,8,0.492,0.4,0.608,0.15,0.208,0.4,0.892,1.0
465,,0.342,0.25,0.458,0.0,0.058,0.25,0.742,0.85
466,,0.192,0.1,0.308,-0.15,-0.092,0.1,0.592,0.7
467,4,0.371,0.35,0.629,0.85,0.229,0.35,0.771,0.85
468,4,0.55,0.6,0.95,1.0,0.55,0.6,0.95,1.0
469,,0.4,0.45,0.8,0.85,0.4,0.45,0.8,0.85
470,,0.25,0.3,0.65,0.7,0.25,0.3,0.65,0.7
471,,0.1,0.15,0.5,0.55,0.1,0.15,0.5,0.55
472,,-0.05,0.0,0.35,0.4,-0.05,0.0,0.35,0.4
473,5,0.1,0.179,0.6,0.721,0.95,0.321,0.6,0.579
474,5,0.25,0.358,0.85,1.0,1.0,0.642,0.85,0.758
475,,0.1,0.208,0.7,0.85,0.85,0.492,0.7,0.608
476,,-0.05,0.058,0.55,0.7,0.7,0.342,0.55,0.458
477,1,0.95,0.379,0.8,0.879,0.85,0.521,0.8,0.779
478,1,1.0,0.7,1.0,1.0,1.0,0.7,1.0,1.0
479,,0.85,0.55,0.85,0.85,0.85,0.55,0.85,0.85
480,,0.7,0.4,0.7,0.7,0.7,0.4,0.7,0.7
481,,0.55,0.25,0.55,0.55,0.55,0.25,0.55,0.55
482,,0.4,0.1,0.4,0.4,0.4,0.1,0.4,0.4
483,,0.25,-0.05,0.25,0.25,0.25,-0.05,0.25,0.25
484,2,0.571,0.95,0.571,0.5,0.429,0.1,0.429,0.5
485,2,0.892,1.0,0.892,0.75,0.608,0.25,0.608,0.75
486,,0.742,0.85,0.742,0.6,0.458,0.1,0.458,0.6
487,,0.592,0.7,0.592,0.45,0.308,-0.05,0.308,0.45
488,6,0.771,0.85,0.771,0.7,0.629,0.95,0.629,0.7
489,6,0.95,1.0,0.95,0.95,0.95,1.0,0.95,0.95
490,,0.8,0.85,0.8,0.8,0.8,0.85,0.8,0.8
491,,0.65,0.7,0.65,0.65,0.65,0.7,0.65,0.65
492,,0.5,0.55,0.5,0.5,0.5,0.55,0.5,0.5
493,,0.35,0.4,0.35,0.35,0.35,0.4,0.35,0.35
494,,0.2,0.25,0.2,0.2,0.2,0.25,0.2,0.2
495,,0.05,0.1,0.05,0.05,0.05,0.1,0.05,0.05
496,,-0.1,-0.05,-0.1,-0.1,-0.1,-0.05,-0.1,-0.1
497,7,0.15,0.129,0.05,0.079,0.15,0.271,0.9,0.221
498,7,0.4,0.308,0.2,0.258,0.4,0.592,1.0,0.542
499,,0.25,0.158,0.05,0.108,0.25,0.442,0.85,0.392
