step,active_motive,motive_1,motive_2,motive_3,motive_4,motive_5,motive_6,motive_7,motive_8
0,,0.02713,0.08287,0.03568,0.02809,0.05427,0.01409,0.08022,0.00746
1,,-0.12287,-0.06713,-0.11432,-0.12191,-0.09573,-0.13591,-0.06978,-0.14254
2,8,0.19813,0.18287,0.06468,0.02809,0.08327,0.11409,0.25122,0.85746
3,8,0.51913,0.43287,0.24368,0.17809,0.26227,0.36409,0.57222,1.0
4,,0.36913,0.28287,0.09368,0.02809,0.11227,0.21409,0.42222,0.85
5,,0.21913,0.13287,-0.05632,-0.12191,-0.03773,0.06409,0.27222,0.7
6,4,0.39813,0.38287,0.26468,0.87809,0.28327,0.31409,0.45122,0.85
7,4,0.57713,0.63287,0.58568,1.0,0.60427,0.56409,0.63022,1.0
8,,0.42713,0.48287,0.43568,0.85,0.45427,0.41409,0.48022,0.85
9,,0.27713,0.33287,0.28568,0.7,0.30427,0.26409,0.33022,0.7
10,,0.12713,0.18287,0.13568,0.55,0.15427,0.11409,0.18022,0.55
11,,-0.02287,0.03287,-0.01432,0.4,0.00427,-0.03591,0.03022,0.4
12,6,0.15613,0.18287,0.16468,0.65,0.32527,0.96409,0.35122,0.65
13,6,0.33513,0.33287,0.34368,0.9,0.64627,1.0,0.67222,0.9
14,,0.18513,0.18287,0.19368,0.75,0.49627,0.85,0.52222,0.75
15,,0.03513,0.03287,0.04368,0.6,0.34627,0.7,0.37222,0.6
16,,-0.11487,-0.11713,-0.10632,0.45,0.19627,0.55,0.22222,0.45
17,2,0.20613,0.88287,0.21468,0.7,0.37527,0.7,0.40122,0.7
18,2,0.52713,1.0,0.53568,0.95,0.55427,0.85,0.58022,0.95
19,,0.37713,0.85,0.38568,0.8,0.40427,0.7,0.43022,0.8
20,,0.22713,0.7,0.23568,0.65,0.25427,0.55,0.28022,0.65
21,,0.07713,0.55,0.08568,0.5,0.10427,0.4,0.13022,0.5
22,,-0.07287,0.4,-0.06432,0.35,-0.04573,0.25,-0.01978,0.35
23,1,0.92713,0.721,0.18568,0.529,0.10427,0.429,0.23022,0.671
24,1,1.0,1.0,0.43568,0.708,0.25427,0.608,0.48022,0.992
25,,0.85,0.85,0.28568,0.558,0.10427,0.458,0.33022,0.842
26,,0.7,0.7,0.13568,0.408,-0.04573,0.308,0.18022,0.692
27,5,0.85,0.879,0.38568,0.729,0.95427,0.629,0.43022,0.871
28,5,1.0,1.0,0.63568,1.0,1.0,0.95,0.68022,1.0
29,,0.85,0.85,0.48568,0.85,0.85,0.8,0.53022,0.85
30,,0.7,0.7,0.33568,0.7,0.7,0.65,0.38022,0.7
31,,0.55,0.55,0.18568,0.55,0.55,0.5,0.23022,0.55
32,,0.4,0.4,0.03568,0.4,0.4,0.35,0.08022,0.4
33,,0.25,0.25,-0.11432,0.25,0.25,0.2,-0.06978,0.25
34,3,0.5,0.571,0.88568,0.571,0.5,0.379,0.08022,0.429
35,3,0.75,0.892,1.0,0.892,0.75,0.558,0.23022,0.608
36,,0.6,0.742,0.85,0.742,0.6,0.408,0.08022,0.458
37,,0.45,0.592,0.7,0.592,0.45,0.258,-0.06978,0.308
38,7,0.7,0.771,0.85,0.771,0.7,0.579,0.93022,0.629
39,7,0.95,0.95,1.0,0.95,0.95,0.9,1.0,0.95
40,,0.8,0.8,0.85,0.8,0.8,0.75,0.85,0.8
41,,0.65,0.65,0.7,0.65,0.65,0.6,0.7,0.65
42,,0.5,0.5,0.55,0.5,0.5,0.45,0.55,0.5
43,,0.35,0.35,0.4,0.35,0.35,0.3,0.4,0.35
44,,0.2,0.2,0.25,0.2,0.2,0.15,0.25,0.2
45,,0.05,0.05,0.1,0.05,0.05,0.0,0.1,0.05
46,,-0.1,-0.1,-0.05,-0.1,-0.1,-0.15,-0.05,-0.1
47,6,0.079,0.05,0.129,0.15,0.221,0.85,0.271,0.15
48,6,0.258,0.2,0.308,0.4,0.542,1.0,0.592,0.4
49,,0.108,0.05,0.158,0.25,0.392,0.85,0.442,0.25
50,,-0.042,-0.1,0.008,0.1,0.242,0.7,0.292,0.1
51,2,0.279,0.9,0.329,0.35,0.421,0.85,0.471,0.35
52,2,0.6,1.0,0.65,0.6,0.6,1.0,0.65,0.6
53,,0.45,0.85,0.5,0.45,0.45,0.85,0.5,0.45
54,,0.3,0.7,0.35,0.3,0.3,0.7,0.35,0.3
55,,0.15,0.55,0.2,0.15,0.15,0.55,0.2,0.15
56,,0.0,0.4,0.05,0.0,0.0,0.4,0.05,0.0
57,,-0.15,0.25,-0.1,-0.15,-0.15,0.25,-0.1,-0.15
58,5,0.0,0.429,0.15,0.171,0.85,0.571,0.15,0.029
59,5,0.15,0.608,0.4,0.492,1.0,0.892,0.4,0.208
60,,0.0,0.458,0.25,0.342,0.85,0.742,0.25,0.058
61,,-0.15,0.308,0.1,0.192,0.7,0.592,0.1,-0.092
62,1,0.85,0.629,0.35,0.371,0.85,0.771,0.35,0.229
63,1,1.0,0.95,0.6,0.55,1.0,0.95,0.6,0.55
64,,0.85,0.8,0.45,0.4,0.85,0.8,0.45,0.4
65,,0.7,0.65,0.3,0.25,0.7,0.65,0.3,0.25
66,,0.55,0.5,0.15,0.1,0.55,0.5,0.15,0.1
67,,0.4,0.35,0.0,-0.05,0.4,0.35,0.0,-0.05
68,4,0.579,0.6,0.321,0.95,0.721,0.6,0.179,0.1
69,4,0.758,0.85,0.642,1.0,1.0,0.85,0.358,0.25
70,,0.608,0.7,0.492,0.85,0.85,0.7,0.208,0.1
71,,0.458,0.55,0.342,0.7,0.7,0.55,0.058,-0.05
72,8,0.779,0.8,0.521,0.85,0.879,0.8,0.379,0.95
73,8,1.0,1.0,0.7,1.0,1.0,1.0,0.7,1.0
74,,0.85,0.85,0.55,0.85,0.85,0.85,0.55,0.85
75,,0.7,0.7,0.4,0.7,0.7,0.7,0.4,0.7
76,,0.55,0.55,0.25,0.55,0.55,0.55,0.25,0.55
77,,0.4,0.4,0.1,0.4,0.4,0.4,0.1,0.4
78,,0.25,0.25,-0.05,0.25,0.25,0.25,-0.05,0.25
79,7,0.5,0.429,0.1,0.429,0.5,0.571,0.95,0.571
80,7,0.75,0.608,0.25,0.608,0.75,0.892,1.0,0.892
81,,0.6,0.458,0.1,0.458,0.6,0.742,0.85,0.742
82,,0.45,0.308,-0.05,0.308,0.45,0.592,0.7,0.592
83,3,0.7,0.629,0.95,0.629,0.7,0.771,0.85,0.771
84,3,0.95,0.95,1.0,0.95,0.95,0.95,1.0,0.95
85,,0.8,0.8,0.85,0.8,0.8,0.8,0.85,0.8
86,,0.65,0.65,0.7,0.65,0.65,0.65,0.7,0.65
87,,0.5,0.5,0.55,0.5,0.5,0.5,0.55,0.5
88,,0.35,0.35,0.4,0.35,0.35,0.35,0.4,0.35
89,,0.2,0.2,0.25,0.2,0.2,0.2,0.25,0.2
90,,0.05,0.05,0.1,0.05,0.05,0.05,0.1,0.05
91,,-0.1,-0.1,-0.05,-0.1,-0.1,-0.1,-0.05,-0.1
92,1,0.9,0.221,0.2,0.079,0.05,0.079,0.2,0.221
93,1,1.0,0.542,0.45,0.258,0.2,0.258,0.45,0.542
94,,0.85,0.392,0.3,0.108,0.05,0.108,0.3,0.392
95,,0.7,0.242,0.15,-0.042,-0.1,-0.042,0.15,0.242
96,5,0.85,0.421,0.4,0.279,0.9,0.279,0.4,0.421
97,5,1.0,0.6,0.65,0.6,1.0,0.6,0.65,0.6
98,,0.85,0.45,0.5,0.45,0.85,0.45,0.5,0.45
99,,0.7,0.3,0.35,0.3,0.7,0.3,0.35,0.3
100,,0.55,0.15,0.2,0.15,0.55,0.15,0.2,0.15
101,,0.4,0.0,0.05,0.0,0.4,0.0,0.05,0.0
102,,0.25,-0.15,-0.1,-0.15,0.25,-0.15,-0.1,-0.15
103,8,0.571,0.1,0.079,0.0,0.429,0.1,0.221,0.85
104,8,0.892,0.35,0.258,0.15,0.608,0.35,0.542,1.0
105,,0.742,0.2,0.108,0.0,0.458,0.2,0.392,0.85
106,,0.592,0.05,-0.042,-0.15,0.308,0.05,0.242,0.7
107,4,0.771,0.3,0.279,0.85,0.629,0.3,0.421,0.85
108,4,0.95,0.55,0.6,1.0,0.95,0.55,0.6,1.0
109,,0.8,0.4,0.45,0.85,0.8,0.4,0.45,0.85
110,,0.65,0.25,0.3,0.7,0.65,0.25,0.3,0.7
111,,0.5,0.1,0.15,0.55,0.5,0.1,0.15,0.55
112,,0.35,-0.05,0.0,0.4,0.35,-0.05,0.0,0.4
113,6,0.529,0.1,0.179,0.65,0.671,0.95,0.321,0.65
114,6,0.708,0.25,0.358,0.9,0.992,1.0,0.642,0.9
115,,0.558,0.1,0.208,0.75,0.842,0.85,0.492,0.75
116,,0.408,-0.05,0.058,0.6,0.692,0.7,0.342,0.6
117,2,0.729,0.95,0.379,0.85,0.871,0.85,0.521,0.85
118,2,1.0,1.0,0.7,1.0,1.0,1.0,0.7,1.0
119,,0.85,0.85,0.55,0.85,0.85,0.85,0.55,0.85
120,,0.7,0.7,0.4,0.7,0.7,0.7,0.4,0.7
121,,0.55,0.55,0.25,0.55,0.55,0.55,0.25,0.55
122,,0.4,0.4,0.1,0.4,0.4,0.4,0.1,0.4
123,,0.25,0.25,-0.05,0.25,0.25,0.25,-0.05,0.25
124,7,0.5,0.429,0.1,0.429,0.5,0.571,0.95,0.571
125,7,0.75,0.608,0.25,0.608,0.75,0.892,1.0,0.892
126,,0.6,0.458,0.1,0.458,0.6,0.742,0.85,0.742
127,,0.45,0.308,-0.05,0.308,0.45,0.592,0.7,0.592
128,3,0.7,0.629,0.95,0.629,0.7,0.771,0.85,0.771
129,3,0.95,0.95,1.0,0.95,0.95,0.95,1.0,0.95
130,,0.8,0.8,0.85,0.8,0.8,0.8,0.85,0.8
131,,0.65,0.65,0.7,0.65,0.65,0.65,0.7,0.65
132,,0.5,0.5,0.55,0.5,0.5,0.5,0.55,0.5
133,,0.35,0.35,0.4,0.35,0.35,0.35,0.4,0.35
134,,0.2,0.2,0.25,0.2,0.2,0.2,0.25,0.2
135,,0.05,0.05,0.1,0.05,0.05,0.05,0.1,0.05
136,,-0.1,-0.1,-0.05,-0.1,-0.1,-0.1,-0.05,-0.1
137,4,0.079,0.15,0.271,0.9,0.221,0.15,0.129,0.05
138,4,0.258,0.4,0.592,1.0,0.542,0.4,0.308,0.2
139,,0.108,0.25,0.442,0.85,0.392,0.25,0.158,0.05
140,,-0.042,0.1,0.292,0.7,0.242,0.1,0.008,-0.1
141,8,0.279,0.35,0.471,0.85,0.421,0.35,0.329,0.9
142,8,0.6,0.6,0.65,1.0,0.6,0.6,0.65,1.0
143,,0.45,0.45,0.5,0.85,0.45,0.45,0.5,0.85
144,,0.3,0.3,0.35,0.7,0.3,0.3,0.35,0.7
145,,0.15,0.15,0.2,0.55,0.15,0.15,0.2,0.55
146,,0.0,0.0,0.05,0.4,0.0,0.0,0.05,0.4
147,,-0.15,-0.15,-0.1,0.25,-0.15,-0.15,-0.1,0.25
148,5,0.0,0.029,0.15,0.571,0.85,0.171,0.15,0.429
149,5,0.15,0.208,0.4,0.892,1.0,0.492,0.4,0.608
150,,0.0,0.058,0.25,0.742,0.85,0.342,0.25,0.458
151,,-0.15,-0.092,0.1,0.592,0.7,0.192,0.1,0.308
152,1,0.85,0.229,0.35,0.771,0.85,0.371,0.35,0.629
153,1,1.0,0.55,0.6,0.95,1.0,0.55,0.6,0.95
154,,0.85,0.4,0.45,0.8,0.85,0.4,0.45,0.8
155,,0.7,0.25,0.3,0.65,0.7,0.25,0.3,0.65
156,,0.55,0.1,0.15,0.5,0.55,0.1,0.15,0.5
157,,0.4,-0.05,0.0,0.35,0.4,-0.05,0.0,0.35
158,2,0.721,0.95,0.321,0.6,0.579,0.1,0.179,0.6
159,2,1.0,1.0,0.642,0.85,0.758,0.25,0.358,0.85
160,,0.85,0.85,0.492,0.7,0.608,0.1,0.208,0.7
161,,0.7,0.7,0.342,0.55,0.458,-0.05,0.058,0.55
162,6,0.879,0.85,0.521,0.8,0.779,0.95,0.379,0.8
163,6,1.0,1.0,0.7,1.0,1.0,1.0,0.7,1.0
164,,0.85,0.85,0.55,0.85,0.85,0.85,0.55,0.85
165,,0.7,0.7,0.4,0.7,0.7,0.7,0.4,0.7
166,,0.55,0.55,0.25,0.55,0.55,0.55,0.25,0.55
167,,0.4,0.4,0.1,0.4,0.4,0.4,0.1,0.4
168,,0.25,0.25,-0.05,0.25,0.25,0.25,-0.05,0.25
169,7,0.5,0.429,0.1,0.429,0.5,0.571,0.95,0.571
170,7,0.75,0.608,0.25,0.608,0.75,0.892,1.0,0.892
171,,0.6,0.458,0.1,0.458,0.6,0.742,0.85,0.742
172,,0.45,0.308,-0.05,0.308,0.45,0.592,0.7,0.592
173,3,0.7,0.629,0.95,0.629,0.7,0.771,0.85,0.771
174,3,0.95,0.95,1.0,0.95,0.95,0.95,1.0,0.95
175,,0.8,0.8,0.85,0.8,0.8,0.8,0.85,0.8
176,,0.65,0.65,0.7,0.65,0.65,0.65,0.7,0.65
177,,0.5,0.5,0.55,0.5,0.5,0.5,0.55,0.5
178,,0.35,0.35,0.4,0.35,0.35,0.35,0.4,0.35
179,,0.2,0.2,0.25,0.2,0.2,0.2,0.25,0.2
180,,0.05,0.05,0.1,0.05,0.05,0.05,0.1,0.05
181,,-0.1,-0.1,-0.05,-0.1,-0.1,-0.1,-0.05,-0.1
182,4,0.079,0.15,0.271,0.9,0.221,0.15,0.129,0.05
183,4,0.258,0.4,0.592,1.0,0.542,0.4,0.308,0.2
184,,0.108,0.25,0.442,0.85,0.392,0.25,0.158,0.05
185,,-0.042,0.1,0.292,0.7,0.242,0.1,0.008,-0.1
186,8,0.279,0.35,0.471,0.85,0.421,0.35,0.329,0.9
187,8,0.6,0.6,0.65,1.0,0.6,0.6,0.65,1.0
188,,0.45,0.45,0.5,0.85,0.45,0.45,0.5,0.85
189,,0.3,0.3,0.35,0.7,0.3,0.3,0.35,0.7
190,,0.15,0.15,0.2,0.55,0.15,0.15,0.2,0.55
191,,0.0,0.0,0.05,0.4,0.0,0.0,0.05,0.4
192,,-0.15,-0.15,-0.1,0.25,-0.15,-0.15,-0.1,0.25
193,5,0.0,0.029,0.15,0.571,0.85,0.171,0.15,0.429
194,5,0.15,0.208,0.4,0.892,1.0,0.492,0.4,0.608
195,,0.0,0.058,0.25,0.742,0.85,0.342,0.25,0.458
196,,-0.15,-0.092,0.1,0.592,0.7,0.192,0.1,0.308
197,1,0.85,0.229,0.35,0.771,0.85,0.371,0.35,0.629
198,1,1.0,0.55,0.6,0.95,1.0,0.55,0.6,0.95
199,,0.85,0.4,0.45,0.8,0.85,0.4,0.45,0.8
200,,0.7,0.25,0.3,0.65,0.7,0.25,0.3,0.65
201,,0.55,0.1,0.15,0.5,0.55,0.1,0.15,0.5
202,,0.4,-0.05,0.0,0.35,0.4,-0.05,0.0,0.35
203,2,0.721,0.95,0.321,0.6,0.579,0.1,0.179,0.6
204,2,1.0,1.0,0.642,0.85,0.758,0.25,0.358,0.85
205,,0.85,0.85,0.492,0.7,0.608,0.1,0.208,0.7
206,,0.7,0.7,0.342,0.55,0.458,-0.05,0.058,0.55
207,6,0.879,0.85,0.521,0.8,0.779,0.95,0.379,0.8
208,6,1.0,1.0,0.7,1.0,1.0,1.0,0.7,1.0
209,,0.85,0.85,0.55,0.85,0.85,0.85,0.55,0.85
210,,0.7,0.7,0.4,0.7,0.7,0.7,0.4,0.7
211,,0.55,0.55,0.25,0.55,0.55,0.55,0.25,0.55
212,,0.4,0.4,0.1,0.4,0.4,0.4,0.1,0.4
213,,0.25,0.25,-0.05,0.25,0.25,0.25,-0.05,0.25
214,3,0.5,0.571,0.95,0.571,0.5,0.429,0.1,0.429
215,3,0.75,0.892,1.0,0.892,0.75,0.608,0.25,0.608
216,,0.6,0.742,0.85,0.742,0.6,0.458,0.1,0.458
217,,0.45,0.592,0.7,0.592,0.45,0.308,-0.05,0.308
218,7,0.7,0.771,0.85,0.771,0.7,0.629,0.95,0.629
219,7,0.95,0.95,1.0,0.95,0.95,0.95,1.0,0.95
220,,0.8,0.8,0.85,0.8,0.8,0.8,0.85,0.8
221,,0.65,0.65,0.7,0.65,0.65,0.65,0.7,0.65
222,,0.5,0.5,0.55,0.5,0.5,0.5,0.55,0.5
223,,0.35,0.35,0.4,0.35,0.35,0.35,0.4,0.35
224,,0.2,0.2,0.25,0.2,0.2,0.2,0.25,0.2
225,,0.05,0.05,0.1,0.05,0.05,0.05,0.1,0.05
226,,-0.1,-0.1,-0.05,-0.1,-0.1,-0.1,-0.05,-0.1
227,6,0.079,0.05,0.129,0.15,0.221,0.9,0.271,0.15
228,6,0.258,0.2,0.308,0.4,0.542,1.0,0.592,0.4
229,,0.108,0.05,0.158,0.25,0.392,0.85,0.442,0.25
230,,-0.042,-0.1,0.008,0.1,0.242,0.7,0.292,0.1
231,2,0.279,0.9,0.329,0.35,0.421,0.85,0.471,0.35
232,2,0.6,1.0,0.65,0.6,0.6,1.0,0.65,0.6
233,,0.45,0.85,0.5,0.45,0.45,0.85,0.5,0.45
234,,0.3,0.7,0.35,0.3,0.3,0.7,0.35,0.3
235,,0.15,0.55,0.2,0.15,0.15,0.55,0.2,0.15
236,,0.0,0.4,0.05,0.0,0.0,0.4,0.05,0.0
237,,-0.15,0.25,-0.1,-0.15,-0.15,0.25,-0.1,-0.15
238,4,0.029,0.5,0.221,0.85,0.171,0.5,0.079,0.0
239,4,0.208,0.75,0.542,1.0,0.492,0.75,0.258,0.15
240,,0.058,0.6,0.392,0.85,0.342,0.6,0.108,0.0
241,,-0.092,0.45,0.242,0.7,0.192,0.45,-0.042,-0.15
242,8,0.229,0.7,0.421,0.85,0.371,0.7,0.279,0.85
243,8,0.55,0.95,0.6,1.0,0.55,0.95,0.6,1.0
244,,0.4,0.8,0.45,0.85,0.4,0.8,0.45,0.85
245,,0.25,0.65,0.3,0.7,0.25,0.65,0.3,0.7
246,,0.1,0.5,0.15,0.55,0.1,0.5,0.15,0.55
247,,-0.05,0.35,0.0,0.4,-0.05,0.35,0.0,0.4
248,1,0.95,0.671,0.25,0.579,0.1,0.529,0.25,0.721
249,1,1.0,0.992,0.5,0.758,0.25,0.708,0.5,1.0
250,,0.85,0.842,0.35,0.608,0.1,0.558,0.35,0.85
251,,0.7,0.692,0.2,0.458,-0.05,0.408,0.2,0.7
252,5,0.85,0.871,0.45,0.779,0.95,0.729,0.45,0.879
253,5,1.0,1.0,0.7,1.0,1.0,1.0,0.7,1.0
254,,0.85,0.85,0.55,0.85,0.85,0.85,0.55,0.85
255,,0.7,0.7,0.4,0.7,0.7,0.7,0.4,0.7
256,,0.55,0.55,0.25,0.55,0.55,0.55,0.25,0.55
257,,0.4,0.4,0.1,0.4,0.4,0.4,0.1,0.4
258,,0.25,0.25,-0.05,0.25,0.25,0.25,-0.05,0.25
259,7,0.5,0.429,0.1,0.429,0.5,0.571,0.95,0.571
260,7,0.75,0.608,0.25,0.608,0.75,0.892,1.0,0.892
261,,0.6,0.458,0.1,0.458,0.6,0.742,0.85,0.742
262,,0.45,0.308,-0.05,0.308,0.45,0.592,0.7,0.592
263,3,0.7,0.629,0.95,0.629,0.7,0.771,0.85,0.771
264,3,0.95,0.95,1.0,0.95,0.95,0.95,1.0,0.95
265,,0.8,0.8,0.85,0.8,0.8,0.8,0.85,0.8
266,,0.65,0.65,0.7,0.65,0.65,0.65,0.7,0.65
267,,0.5,0.5,0.55,0.5,0.5,0.5,0.55,0.5
268,,0.35,0.35,0.4,0.35,0.35,0.35,0.4,0.35
269,,0.2,0.2,0.25,0.2,0.2,0.2,0.25,0.2
270,,0.05,0.05,0.1,0.05,0.05,0.05,0.1,0.05
271,,-0.1,-0.1,-0.05,-0.1,-0.1,-0.1,-0.05,-0.1
272,1,0.9,0.221,0.2,0.079,0.05,0.079,0.2,0.221
273,1,1.0,0.542,0.45,0.258,0.2,0.258,0.45,0.542
274,,0.85,0.392,0.3,0.108,0.05,0.108,0.3,0.392
275,,0.7,0.242,0.15,-0.042,-0.1,-0.042,0.15,0.242
276,5,0.85,0.421,0.4,0.279,0.9,0.279,0.4,0.421
277,5,1.0,0.6,0.65,0.6,1.0,0.6,0.65,0.6
278,,0.85,0.45,0.5,0.45,0.85,0.45,0.5,0.45
279,,0.7,0.3,0.35,0.3,0.7,0.3,0.35,0.3
280,,0.55,0.15,0.2,0.15,0.55,0.15,0.2,0.15
281,,0.4,0.0,0.05,0.0,0.4,0.0,0.05,0.0
282,,0.25,-0.15,-0.1,-0.15,0.25,-0.15,-0.1,-0.15
283,8,0.571,0.1,0.079,0.0,0.429,0.1,0.221,0.85
284,8,0.892,0.35,0.258,0.15,0.608,0.35,0.542,1.0
285,,0.742,0.2,0.108,0.0,0.458,0.2,0.392,0.85
286,,0.592,0.05,-0.042,-0.15,0.308,0.05,0.242,0.7
287,4,0.771,0.3,0.279,0.85,0.629,0.3,0.421,0.85
288,4,0.95,0.55,0.6,1.0,0.95,0.55,0.6,1.0
289,,0.8,0.4,0.45,0.85,0.8,0.4,0.45,0.85
290,,0.65,0.25,0.3,0.7,0.65,0.25,0.3,0.7
291,,0.5,0.1,0.15,0.55,0.5,0.1,0.15,0.55
292,,0.35,-0.05,0.0,0.4,0.35,-0.05,0.0,0.4
293,2,0.671,0.95,0.321,0.65,0.529,0.1,0.179,0.65
294,2,0.992,1.0,0.642,0.9,0.708,0.25,0.358,0.9
295,,0.842,0.85,0.492,0.75,0.558,0.1,0.208,0.75
296,,0.692,0.7,0.342,0.6,0.408,-0.05,0.058,0.6
297,6,0.871,0.85,0.521,0.85,0.729,0.95,0.379,0.85
298,6,1.0,1.0,0.7,1.0,1.0,1.0,0.7,1.0
299,,0.85,0.85,0.55,0.85,0.85,0.85,0.55,0.85
300,,0.7,0.7,0.4,0.7,0.7,0.7,0.4,0.7
301,,0.55,0.55,0.25,0.55,0.55,0.55,0.25,0.55
302,,0.4,0.4,0.1,0.4,0.4,0.4,0.1,0.4
303,,0.25,0.25,-0.05,0.25,0.25,0.25,-0.05,0.25
304,3,0.5,0.571,0.95,0.571,0.5,0.429,0.1,0.429
305,3,0.75,0.892,1.0,0.892,0.75,0.608,0.25,0.608
306,,0.6,0.742,0.85,0.742,0.6,0.458,0.1,0.458
307,,0.45,0.592,0.7,0.592,0.45,0.308,-0.05,0.308
308,7,0.7,0.771,0.85,0.771,0.7,0.629,0.95,0.629
309,7,0.95,0.95,1.0,0.95,0.95,0.95,1.0,0.95
310,,0.8,0.8,0.85,0.8,0.8,0.8,0.85,0.8
311,,0.65,0.65,0.7,0.65,0.65,0.65,0.7,0.65
312,,0.5,0.5,0.55,0.5,0.5,0.5,0.55,0.5
313,,0.35,0.35,0.4,0.35,0.35,0.35,0.4,0.35
314,,0.2,0.2,0.25,0.2,0.2,0.2,0.25,0.2
315,,0.05,0.05,0.1,0.05,0.05,0.05,0.1,0.05
316,,-0.1,-0.1,-0.05,-0.1,-0.1,-0.1,-0.05,-0.1
317,5,0.05,0.079,0.2,0.221,0.9,0.221,0.2,0.079
318,5,0.2,0.258,0.45,0.542,1.0,0.542,0.45,0.258
319,,0.05,0.108,0.3,0.392,0.85,0.392,0.3,0.108
320,,-0.1,-0.042,0.15,0.242,0.7,0.242,0.15,-0.042
321,1,0.9,0.279,0.4,0.421,0.85,0.421,0.4,0.279
322,1,1.0,0.6,0.65,0.6,1.0,0.6,0.65,0.6
323,,0.85,0.45,0.5,0.45,0.85,0.45,0.5,0.45
324,,0.7,0.3,0.35,0.3,0.7,0.3,0.35,0.3
325,,0.55,0.15,0.2,0.15,0.55,0.15,0.2,0.15
326,,0.4,0.0,0.05,0.0,0.4,0.0,0.05,0.0
327,,0.25,-0.15,-0.1,-0.15,0.25,-0.15,-0.1,-0.15
328,4,0.429,0.1,0.221,0.85,0.571,0.1,0.079,0.0
329,4,0.608,0.35,0.542,1.0,0.892,0.35,0.258,0.15
330,,0.458,0.2,0.392,0.85,0.742,0.2,0.108,0.0
331,,0.308,0.05,0.242,0.7,0.592,0.05,-0.042,-0.15
332,8,0.629,0.3,0.421,0.85,0.771,0.3,0.279,0.85
333,8,0.95,0.55,0.6,1.0,0.95,0.55,0.6,1.0
334,,0.8,0.4,0.45,0.85,0.8,0.4,0.45,0.85
335,,0.65,0.25,0.3,0.7,0.65,0.25,0.3,0.7
336,,0.5,0.1,0.15,0.55,0.5,0.1,0.15,0.55
337,,0.35,-0.05,0.0,0.4,0.35,-0.05,0.0,0.4
338,2,0.671,0.95,0.321,0.65,0.529,0.1,0.179,0.65
339,2,0.992,1.0,0.642,0.9,0.708,0.25,0.358,0.9
340,,0.842,0.85,0.492,0.75,0.558,0.1,0.208,0.75
341,,0.692,0.7,0.342,0.6,0.408,-0.05,0.058,0.6
342,6,0.871,0.85,0.521,0.85,0.729,0.95,0.379,0.85
343,6,1.0,1.0,0.7,1.0,1.0,1.0,0.7,1.0
344,,0.85,0.85,0.55,0.85,0.85,0.85,0.55,0.85
345,,0.7,0.7,0.4,0.7,0.7,0.7,0.4,0.7
346,,0.55,0.55,0.25,0.55,0.55,0.55,0.25,0.55
347,,0.4,0.4,0.1,0.4,0.4,0.4,0.1,0.4
348,,0.25,0.25,-0.05,0.25,0.25,0.25,-0.05,0.25
349,7,0.5,0.429,0.1,0.429,0.5,0.571,0.95,0.571
350,7,0.75,0.608,0.25,0.608,0.75,0.892,1.0,0.892
351,,0.6,0.458,0.1,0.458,0.6,0.742,0.85,0.742
352,,0.45,0.308,-0.05,0.308,0.45,0.592,0.7,0.592
353,3,0.7,0.629,0.95,0.629,0.7,0.771,0.85,0.771
354,3,0.95,0.95,1.0,0.95,0.95,0.95,1.0,0.95
355,,0.8,0.8,0.85,0.8,0.8,0.8,0.85,0.8
356,,0.65,0.65,0.7,0.65,0.65,0.65,0.7,0.65
357,,0.5,0.5,0.55,0.5,0.5,0.5,0.55,0.5
358,,0.35,0.35,0.4,0.35,0.35,0.35,0.4,0.35
359,,0.2,0.2,0.25,0.2,0.2,0.2,0.25,0.2
360,,0.05,0.05,0.1,0.05,0.05,0.05,0.1,0.05
361,,-0.1,-0.1,-0.05,-0.1,-0.1,-0.1,-0.05,-0.1
362,8,0.221,0.15,0.129,0.05,0.079,0.15,0.271,0.9
363,8,0.542,0.4,0.308,0.2,0.258,0.4,0.592,1.0
364,,0.392,0.25,0.158,0.05,0.108,0.25,0.442,0.85
365,,0.242,0.1,0.008,-0.1,-0.042,0.1,0.292,0.7
366,4,0.421,0.35,0.329,0.9,0.279,0.35,0.471,0.85
367,4,0.6,0.6,0.65,1.0,0.6,0.6,0.65,1.0
368,,0.45,0.45,0.5,0.85,0.45,0.45,0.5,0.85
369,,0.3,0.3,0.35,0.7,0.3,0.3,0.35,0.7
370,,0.15,0.15,0.2,0.55,0.15,0.15,0.2,0.55
371,,0.0,0.0,0.05,0.4,0.0,0.0,0.05,0.4
372,,-0.15,-0.15,-0.1,0.25,-0.15,-0.15,-0.1,0.25
373,6,0.029,0.0,0.079,0.5,0.171,0.85,0.221,0.5
374,6,0.208,0.15,0.258,0.75,0.492,1.0,0.542,0.75
375,,0.058,0.0,0.108,0.6,0.342,0.85,0.392,0.6
376,,-0.092,-0.15,-0.042,0.45,0.192,0.7,0.242,0.45
377,2,0.229,0.85,0.279,0.7,0.371,0.85,0.421,0.7
378,2,0.55,1.0,0.6,0.95,0.55,1.0,0.6,0.95
379,,0.4,0.85,0.45,0.8,0.4,0.85,0.45,0.8
380,,0.25,0.7,0.3,0.65,0.25,0.7,0.3,0.65
381,,0.1,0.55,0.15,0.5,0.1,0.55,0.15,0.5
382,,-0.05,0.4,0.0,0.35,-0.05,0.4,0.0,0.35
383,1,0.95,0.721,0.25,0.529,0.1,0.579,0.25,0.671
384,1,1.0,1.0,0.5,0.708,0.25,0.758,0.5,0.992
385,,0.85,0.85,0.35,0.558,0.1,0.608,0.35,0.842
386,,0.7,0.7,0.2,0.408,-0.05,0.458,0.2,0.692
387,5,0.85,0.879,0.45,0.729,0.95,0.779,0.45,0.871
388,5,1.0,1.0,0.7,1.0,1.0,1.0,0.7,1.0
389,,0.85,0.85,0.55,0.85,0.85,0.85,0.55,0.85
390,,0.7,0.7,0.4,0.7,0.7,0.7,0.4,0.7
391,,0.55,0.55,0.25,0.55,0.55,0.55,0.25,0.55
392,,0.4,0.4,0.1,0.4,0.4,0.4,0.1,0.4
393,,0.25,0.25,-0.05,0.25,0.25,0.25,-0.05,0.25
394,3,0.5,0.571,0.95,0.571,0.5,0.429,0.1,0.429
395,3,0.75,0.892,1.0,0.892,0.75,0.608,0.25,0.608
396,,0.6,0.742,0.85,0.742,0.6,0.458,0.1,0.458
397,,0.45,0.592,0.7,0.592,0.45,0.308,-0.05,0.308
398,7,0.7,0.771,0.85,0.771,0.7,0.629,0.95,0.629
399,7,0.95,0.95,1.0,0.95,0.95,0.95,1.0,0.95
400,,0.8,0.8,0.85,0.8,0.8,0.8,0.85,0.8
401,,0.65,0.65,0.7,0.65,0.65,0.65,0.7,0.65
402,,0.5,0.5,0.55,0.5,0.5,0.5,0.55,0.5
403,,0.35,0.35,0.4,0.35,0.35,0.35,0.4,0.35
404,,0.2,0.2,0.25,0.2,0.2,0.2,0.25,0.2
405,,0.05,0.05,0.1,0.05,0.05,0.05,0.1,0.05
406,,-0.1,-0.1,-0.05,-0.1,-0.1,-0.1,-0.05,-0.1
407,5,0.05,0.079,0.2,0.221,0.9,0.221,0.2,0.079
408,5,0.2,0.258,0.45,0.542,1.0,0.542,0.45,0.258
409,,0.05,0.108,0.3,0.392,0.85,0.392,0.3,0.108
410,,-0.1,-0.042,0.15,0.242,0.7,0.242,0.15,-0.042
411,1,0.9,0.279,0.4,0.421,0.85,0.421,0.4,0.279
412,1,1.0,0.6,0.65,0.6,1.0,0.6,0.65,0.6
413,,0.85,0.45,0.5,0.45,0.85,0.45,0.5,0.45
414,,0.7,0.3,0.35,0.3,0.7,0.3,0.35,0.3
415,,0.55,0.15,0.2,0.15,0.55,0.15,0.2,0.15
416,,0.4,0.0,0.05,0.0,0.4,0.0,0.05,0.0
417,,0.25,-0.15,-0.1,-0.15,0.25,-0.15,-0.1,-0.15
418,8,0.571,0.1,0.079,0.0,0.429,0.1,0.221,0.85
419,8,0.892,0.35,0.258,0.15,0.608,0.35,0.542,1.0
420,,0.742,0.2,0.108,0.0,0.458,0.2,0.392,0.85
421,,0.592,0.05,-0.042,-0.15,0.308,0.05,0.242,0.7
422,4,0.771,0.3,0.279,0.85,0.629,0.3,0.421,0.85
423,4,0.95,0.55,0.6,1.0,0.95,0.55,0.6,1.0
424,,0.8,0.4,0.45,0.85,0.8,0.4,0.45,0.85
425,,0.65,0.25,0.3,0.7,0.65,0.25,0.3,0.7
426,,0.5,0.1,0.15,0.55,0.5,0.1,0.15,0.55
427,,0.35,-0.05,0.0,0.4,0.35,-0.05,0.0,0.4
428,6,0.529,0.1,0.179,0.65,0.671,0.95,0.321,0.65
429,6,0.708,0.25,0.358,0.9,0.992,1.0,0.642,0.9
430,,0.558,0.1,0.208,0.75,0.842,0.85,0.492,0.75
431,,0.408,-0.05,0.058,0.6,0.692,0.7,0.342,0.6
432,2,0.729,0.95,0.379,0.85,0.871,0.85,0.521,0.85
433,2,1.0,1.0,0.7,1.0,1.0,1.0,0.7,1.0
434,,0.85,0.85,0.55,0.85,0.85,0.85,0.55,0.85
435,,0.7,0.7,0.4,0.7,0.7,0.7,0.4,0.7
436,,0.55,0.55,0.25,0.55,0.55,0.55,0.25,0.55
437,,0.4,0.4,0.1,0.4,0.4,0.4,0.1,0.4
438,,0.25,0.25,-0.05,0.25,0.25,0.25,-0.05,0.25
439,3,0.5,0.571,0.95,0.571,0.5,0.429,0.1,0.429
440,3,0.75,0.892,1.0,0.892,0.75,0.608,0.25,0.608
441,,0.6,0.742,0.85,0.742,0.6,0.458,0.1,0.458
442,,0.45,0.592,0.7,0.592,0.45,0.308,-0.05,0.308
443,7,0.7,0.771,0.85,0.771,0.7,0.629,0.95,0.629
444,7,0.95,0.95,1.0,0.95,0.95,0.95,1.0,0.95
445,,0.8,0.8,0.85,0.8,0.8,0.8,0.85,0.8
446,,0.65,0.65,0.7,0.65,0.65,0.65,0.7,0.65
447,,0.5,0.5,0.55,0.5,0.5,0.5,0.55,0.5
448,,0.35,0.35,0.4,0.35,0.35,0.35,0.4,0.35
449,,0.2,0.2,0.25,0.2,0.2,0.2,0.25,0.2
450,,0.05,0.05,0.1,0.05,0.05,0.05,0.1,0.05
451,,-0.1,-0.1,-0.05,-0.1,-0.1,-0.1,-0.05,-0.1
452,4,0.079,0.15,0.271,0.9,0.221,0.15,0.129,0.05
453,4,0.258,0.4,0.592,1.0,0.542,0.4,0.308,0.2
454,,0.108,0.25,0.442,0.85,0.392,0.25,0.158,0.05
455,,-0.042,0.1,0.292,0.7,0.242,0.1,0.008,-0.1
456,8,0.279,0.35,0.471,0.85,0.421,0.35,0.329,0.9
457,8,0.6,0.6,0.65,1.0,0.6,0.6,0.65,1.0
458,,0.45,0.45,0.5,0.85,0.45,0.45,0.5,0.85
459,,0.3,0.3,0.35,0.7,0.3,0.3,0.35,0.7
460,,0.15,0.15,0.2,0.55,0.15,0.15,0.2,0.55
461,,0.0,0.0,0.05,0.4,0.0,0.0,0.05,0.4
462,,-0.15,-0.15,-0.1,0.25,-0.15,-0.15,-0.1,0.25
463,1,0.85,0.171,0.15,0.429,0.0,0.029,0.15,0.571
464,1,1.0,0.492,0.4,0.608,0.15,0.208,0.4,0.892
465,,0.85,0.342,0.25,0.458,0.0,0.058,0.25,0.742
466,,0.7,0.192,0.1,0.308,-0.15,-0.092,0.1,0.592
467,5,0.85,0.371,0.35,0.629,0.85,0.229,0.35,0.771
468,5,1.0,0.55,0.6,0.95,1.0,0.55,0.6,0.95
469,,0.85,0.4,0.45,0.8,0.85,0.4,0.45,0.8
470,,0.7,0.25,0.3,0.65,0.7,0.25,0.3,0.65
471,,0.55,0.1,0.15,0.5,0.55,0.1,0.15,0.5
472,,0.4,-0.05,0.0,0.35,0.4,-0.05,0.0,0.35
473,2,0.721,0.95,0.321,0.6,0.579,0.1,0.179,0.6
474,2,1.0,1.0,0.642,0.85,0.758,0.25,0.358,0.85
475,,0.85,0.85,0.492,0.7,0.608,0.1,0.208,0.7
476,,0.7,0.7,0.342,0.55,0.458,-0.05,0.058,0.55
477,6,0.879,0.85,0.521,0.8,0.779,0.95,0.379,0.8
478,6,1.0,1.0,0.7,1.0,1.0,1.0,0.7,1.0
479,,0.85,0.85,0.55,0.85,0.85,0.85,0.55,0.85
480,,0.7,0.7,0.4,0.7,0.7,0.7,0.4,0.7
481,,0.55,0.55,0.25,0.55,0.55,0.55,0.25,0.55
482,,0.4,0.4,0.1,0.4,0.4,0.4,0.1,0.4
483,,0.25,0.25,-0.05,0.25,0.25,0.25,-0.05,0.25
484,3,0.5,0.571,0.95,0.571,0.5,0.429,0.1,0.429
485,3,0.75,0.892,1.0,0.892,0.75,0.608,0.25,0.608
486,,0.6,0.742,0.85,0.742,0.6,0.458,0.1,0.458
487,,0.45,0.592,0.7,0.592,0.45,0.308,-0.05,0.308
488,7,0.7,0.771,0.85,0.771,0.7,0.629,0.95,0.629
489,7,0.95,0.95,1.0,0.95,0.95,0.95,1.0,0.95
490,,0.8,0.8,0.85,0.8,0.8,0.8,0.85,0.8
491,,0.65,0.65,0.7,0.65,0.65,0.65,0.7,0.65
492,,0.5,0.5,0.55,0.5,0.5,0.5,0.55,0.5
493,,0.35,0.35,0.4,0.35,0.35,0.35,0.4,0.35
494,,0.2,0.2,0.25,0.2,0.2,0.2,0.25,0.2
495,,0.05,0.05,0.1,0.05,0.05,0.05,0.1,0.05
496,,-0.1,-0.1,-0.05,-0.1,-0.1,-0.1,-0.05,-0.1
497,8,0.221,0.15,0.129,0.05,0.079,0.15,0.271,0.9
498,8,0.542,0.4,0.308,0.2,0.258,0.4,0.592,1.0
499,,0.392,0.25,0.158,0.05,0.108,0.25,0.442,0.85
