step,active_motive,motive_1,motive_2,motive_3,motive_4,motive_5,motive_6,motive_7,motive_8
0,,0.04505,0.00133,0.09422,0.05633,0.03854,0.0016,0.02309,0.0241
1,,-0.10495,-0.14867,-0.05578,-0.09367,-0.11146,-0.1484,-0.12691,-0.1259
2,2,0.21605,0.85133,0.26522,0.15633,0.06754,0.0016,0.05209,0.1241
3,2,0.53705,1.0,0.58622,0.40633,0.24654,0.1516,0.23109,0.3741
4,,0.38705,0.85,0.43622,0.25633,0.09654,0.0016,0.08109,0.2241
5,,0.23705,0.7,0.28622,0.10633,-0.05346,-0.1484,-0.06891,0.0741
6,6,0.41605,0.85,0.46522,0.35633,0.26754,0.8516,0.25209,0.3241
7,6,0.59505,1.0,0.64422,0.60633,0.58854,1.0,0.57309,0.5741
8,,0.44505,0.85,0.49422,0.45633,0.43854,0.85,0.42309,0.4241
9,,0.29505,0.7,0.34422,0.30633,0.28854,0.7,0.27309,0.2741
10,,0.14505,0.55,0.19422,0.15633,0.13854,0.55,0.12309,0.1241
11,,-0.00495,0.4,0.04422,0.00633,-0.01146,0.4,-0.02691,-0.0259
12,7,0.24505,0.579,0.19422,0.18533,0.23854,0.721,0.97309,0.2951
13,7,0.49505,0.758,0.34422,0.36433,0.48854,1.0,1.0,0.6161
14,,0.34505,0.608,0.19422,0.21433,0.33854,0.85,0.85,0.4661
15,,0.19505,0.458,0.04422,0.06433,0.18854,0.7,0.7,0.3161
16,,0.04505,0.308,-0.10578,-0.08567,0.03854,0.55,0.55,0.1661
17,3,0.29505,0.629,0.89422,0.23533,0.28854,0.729,0.7,0.3451
18,3,0.54505,0.95,1.0,0.55633,0.53854,0.908,0.85,0.5241
19,,0.39505,0.8,0.85,0.40633,0.38854,0.758,0.7,0.3741
20,,0.24505,0.65,0.7,0.25633,0.23854,0.608,0.55,0.2241
21,,0.09505,0.5,0.55,0.10633,0.08854,0.458,0.4,0.0741
22,,-0.05495,0.35,0.4,-0.04367,-0.06146,0.308,0.25,-0.0759
23,8,0.26605,0.6,0.579,0.10633,0.11754,0.558,0.571,0.9241
24,8,0.58705,0.85,0.758,0.25633,0.29654,0.808,0.892,1.0
25,,0.43705,0.7,0.608,0.10633,0.14654,0.658,0.742,0.85
26,,0.28705,0.55,0.458,-0.04367,-0.00346,0.508,0.592,0.7
27,4,0.46605,0.8,0.779,0.95633,0.31754,0.758,0.771,0.85
28,4,0.64505,1.0,1.0,1.0,0.63854,1.0,0.95,1.0
29,,0.49505,0.85,0.85,0.85,0.48854,0.85,0.8,0.85
30,,0.34505,0.7,0.7,0.7,0.33854,0.7,0.65,0.7
31,,0.19505,0.55,0.55,0.55,0.18854,0.55,0.5,0.55
32,,0.04505,0.4,0.4,0.4,0.03854,0.4,0.35,0.4
33,,-0.10495,0.25,0.25,0.25,-0.11146,0.25,0.2,0.25
34,5,0.04505,0.429,0.5,0.571,0.88854,0.571,0.45,0.429
35,5,0.19505,0.608,0.75,0.892,1.0,0.892,0.7,0.608
36,,0.04505,0.458,0.6,0.742,0.85,0.742,0.55,0.458
37,,-0.10495,0.308,0.45,0.592,0.7,0.592,0.4,0.308
38,1,0.89505,0.629,0.7,0.771,0.85,0.771,0.65,0.629
39,1,1.0,0.95,0.95,0.95,1.0,0.95,0.9,0.95
40,,0.85,0.8,0.8,0.8,0.85,0.8,0.75,0.8
41,,0.7,0.65,0.65,0.65,0.7,0.65,0.6,0.65
42,,0.55,0.5,0.5,0.5,0.55,0.5,0.45,0.5
43,,0.4,0.35,0.35,0.35,0.4,0.35,0.3,0.35
44,,0.25,0.2,0.2,0.2,0.25,0.2,0.15,0.2
45,,0.1,0.05,0.05,0.05,0.1,0.05,0.0,0.05
46,,-0.05,-0.1,-0.1,-0.1,-0.05,-0.1,-0.15,-0.1
47,7,0.2,0.079,0.05,0.079,0.2,0.221,0.85,0.221
48,7,0.45,0.258,0.2,0.258,0.45,0.542,1.0,0.542
49,,0.3,0.108,0.05,0.108,0.3,0.392,0.85,0.392
50,,0.15,-0.042,-0.1,-0.042,0.15,0.242,0.7,0.242
51,3,0.4,0.279,0.9,0.279,0.4,0.421,0.85,0.421
52,3,0.65,0.6,1.0,0.6,0.65,0.6,1.0,0.6
53,,0.5,0.45,0.85,0.45,0.5,0.45,0.85,0.45
54,,0.35,0.3,0.7,0.3,0.35,0.3,0.7,0.3
55,,0.2,0.15,0.55,0.15,0.2,0.15,0.55,0.15
56,,0.05,0.0,0.4,0.0,0.05,0.0,0.4,0.0
57,,-0.1,-0.15,0.25,-0.15,-0.1,-0.15,0.25,-0.15
58,8,0.221,0.1,0.429,0.0,0.079,0.1,0.571,0.85
59,8,0.542,0.35,0.608,0.15,0.258,0.35,0.892,1.0
60,,0.392,0.2,0.458,0.0,0.108,0.2,0.742,0.85
61,,0.242,0.05,0.308,-0.15,-0.042,0.05,0.592,0.7
62,4,0.421,0.3,0.629,0.85,0.279,0.3,0.771,0.85
63,4,0.6,0.55,0.95,1.0,0.6,0.55,0.95,1.0
64,,0.45,0.4,0.8,0.85,0.45,0.4,0.8,0.85
65,,0.3,0.25,0.65,0.7,0.3,0.25,0.65,0.7
66,,0.15,0.1,0.5,0.55,0.15,0.1,0.5,0.55
67,,0.0,-0.05,0.35,0.4,0.0,-0.05,0.35,0.4
68,2,0.321,0.95,0.671,0.65,0.179,0.1,0.529,0.65
69,2,0.642,1.0,0.992,0.9,0.358,0.25,0.708,0.9
70,,0.492,0.85,0.842,0.75,0.208,0.1,0.558,0.75
71,,0.342,0.7,0.692,0.6,0.058,-0.05,0.408,0.6
72,6,0.521,0.85,0.871,0.85,0.379,0.95,0.729,0.85
73,6,0.7,1.0,1.0,1.0,0.7,1.0,1.0,1.0
74,,0.55,0.85,0.85,0.85,0.55,0.85,0.85,0.85
75,,0.4,0.7,0.7,0.7,0.4,0.7,0.7,0.7
76,,0.25,0.55,0.55,0.55,0.25,0.55,0.55,0.55
77,,0.1,0.4,0.4,0.4,0.1,0.4,0.4,0.4
78,,-0.05,0.25,0.25,0.25,-0.05,0.25,0.25,0.25
79,5,0.1,0.429,0.5,0.571,0.95,0.571,0.5,0.429
80,5,0.25,0.608,0.75,0.892,1.0,0.892,0.75,0.608
81,,0.1,0.458,0.6,0.742,0.85,0.742,0.6,0.458
82,,-0.05,0.308,0.45,0.592,0.7,0.592,0.45,0.308
83,1,0.95,0.629,0.7,0.771,0.85,0.771,0.7,0.629
84,1,1.0,0.95,0.95,0.95,1.0,0.95,0.95,0.95
85,,0.85,0.8,0.8,0.8,0.85,0.8,0.8,0.8
86,,0.7,0.65,0.65,0.65,0.7,0.65,0.65,0.65
87,,0.55,0.5,0.5,0.5,0.55,0.5,0.5,0.5
88,,0.4,0.35,0.35,0.35,0.4,0.35,0.35,0.35
89,,0.25,0.2,0.2,0.2,0.25,0.2,0.2,0.2
90,,0.1,0.05,0.05,0.05,0.1,0.05,0.05,0.05
91,,-0.05,-0.1,-0.1,-0.1,-0.05,-0.1,-0.1,-0.1
92,7,0.2,0.079,0.05,0.079,0.2,0.221,0.9,0.221
93,7,0.45,0.258,0.2,0.258,0.45,0.542,1.0,0.542
94,,0.3,0.108,0.05,0.108,0.3,0.392,0.85,0.392
95,,0.15,-0.042,-0.1,-0.042,0.15,0.242,0.7,0.242
96,3,0.4,0.279,0.9,0.279,0.4,0.421,0.85,0.421
97,3,0.65,0.6,1.0,0.6,0.65,0.6,1.0,0.6
98,,0.5,0.45,0.85,0.45,0.5,0.45,0.85,0.45
99,,0.35,0.3,0.7,0.3,0.35,0.3,0.7,0.3
100,,0.2,0.15,0.55,0.15,0.2,0.15,0.55,0.15
101,,0.05,0.0,0.4,0.0,0.05,0.0,0.4,0.0
102,,-0.1,-0.15,0.25,-0.15,-0.1,-0.15,0.25,-0.15
103,8,0.221,0.1,0.429,0.0,0.079,0.1,0.571,0.85
104,8,0.542,0.35,0.608,0.15,0.258,0.35,0.892,1.0
105,,0.392,0.2,0.458,0.0,0.108,0.2,0.742,0.85
106,,0.242,0.05,0.308,-0.15,-0.042,0.05,0.592,0.7
107,4,0.421,0.3,0.629,0.85,0.279,0.3,0.771,0.85
108,4,0.6,0.55,0.95,1.0,0.6,0.55,0.95,1.0
109,,0.45,0.4,0.8,0.85,0.45,0.4,0.8,0.85
110,,0.3,0.25,0.65,0.7,0.3,0.25,0.65,0.7
111,,0.15,0.1,0.5,0.55,0.15,0.1,0.5,0.55
112,,0.0,-0.05,0.35,0.4,0.0,-0.05,0.35,0.4
113,2,0.321,0.95,0.671,0.65,0.179,0.1,0.529,0.65
114,2,0.642,1.0,0.992,0.9,0.358,0.25,0.708,0.9
115,,0.492,0.85,0.842,0.75,0.208,0.1,0.558,0.75
116,,0.342,0.7,0.692,0.6,0.058,-0.05,0.408,0.6
117,6,0.521,0.85,0.871,0.85,0.379,0.95,0.729,0.85
118,6,0.7,1.0,1.0,1.0,0.7,1.0,1.0,1.0
119,,0.55,0.85,0.85,0.85,0.55,0.85,0.85,0.85
120,,0.4,0.7,0.7,0.7,0.4,0.7,0.7,0.7
121,,0.25,0.55,0.55,0.55,0.25,0.55,0.55,0.55
122,,0.1,0.4,0.4,0.4,0.1,0.4,0.4,0.4
123,,-0.05,0.25,0.25,0.25,-0.05,0.25,0.25,0.25
124,1,0.95,0.571,0.5,0.429,0.1,0.429,0.5,0.571
125,1,1.0,0.892,0.75,0.608,0.25,0.608,0.75,0.892
126,,0.85,0.742,0.6,0.458,0.1,0.458,0.6,0.742
127,,0.7,0.592,0.45,0.308,-0.05,0.308,0.45,0.592
128,5,0.85,0.771,0.7,0.629,0.95,0.629,0.7,0.771
129,5,1.0,0.95,0.95,0.95,1.0,0.95,0.95,0.95
130,,0.85,0.8,0.8,0.8,0.85,0.8,0.8,0.8
131,,0.7,0.65,0.65,0.65,0.7,0.65,0.65,0.65
132,,0.55,0.5,0.5,0.5,0.55,0.5,0.5,0.5
133,,0.4,0.35,0.35,0.35,0.4,0.35,0.35,0.35
134,,0.25,0.2,0.2,0.2,0.25,0.2,0.2,0.2
135,,0.1,0.05,0.05,0.05,0.1,0.05,0.05,0.05
136,,-0.05,-0.1,-0.1,-0.1,-0.05,-0.1,-0.1,-0.1
137,8,0.271,0.15,0.079,0.05,0.129,0.15,0.221,0.9
138,8,0.592,0.4,0.258,0.2,0.308,0.4,0.542,1.0
139,,0.442,0.25,0.108,0.05,0.158,0.25,0.392,0.85
140,,0.292,0.1,-0.042,-0.1,0.008,0.1,0.242,0.7
141,4,0.471,0.35,0.279,0.9,0.329,0.35,0.421,0.85
142,4,0.65,0.6,0.6,1.0,0.65,0.6,0.6,1.0
143,,0.5,0.45,0.45,0.85,0.5,0.45,0.45,0.85
144,,0.35,0.3,0.3,0.7,0.35,0.3,0.3,0.7
145,,0.2,0.15,0.15,0.55,0.2,0.15,0.15,0.55
146,,0.05,0.0,0.0,0.4,0.05,0.0,0.0,0.4
147,,-0.1,-0.15,-0.15,0.25,-0.1,-0.15,-0.15,0.25
148,2,0.221,0.85,0.171,0.5,0.079,0.0,0.029,0.5
149,2,0.542,1.0,0.492,0.75,0.258,0.15,0.208,0.75
150,,0.392,0.85,0.342,0.6,0.108,0.0,0.058,0.6
151,,0.242,0.7,0.192,0.45,-0.042,-0.15,-0.092,0.45
152,6,0.421,0.85,0.371,0.7,0.279,0.85,0.229,0.7
153,6,0.6,1.0,0.55,0.95,0.6,1.0,0.55,0.95
154,,0.45,0.85,0.4,0.8,0.45,0.85,0.4,0.8
155,,0.3,0.7,0.25,0.65,0.3,0.7,0.25,0.65
156,,0.15,0.55,0.1,0.5,0.15,0.55,0.1,0.5
157,,0.0,0.4,-0.05,0.35,0.0,0.4,-0.05,0.35
158,7,0.25,0.579,0.1,0.529,0.25,0.721,0.95,0.671
159,7,0.5,0.758,0.25,0.708,0.5,1.0,1.0,0.992
160,,0.35,0.608,0.1,0.558,0.35,0.85,0.85,0.842
161,,0.2,0.458,-0.05,0.408,0.2,0.7,0.7,0.692
162,3,0.45,0.779,0.95,0.729,0.45,0.879,0.85,0.871
163,3,0.7,1.0,1.0,1.0,0.7,1.0,1.0,1.0
164,,0.55,0.85,0.85,0.85,0.55,0.85,0.85,0.85
165,,0.4,0.7,0.7,0.7,0.4,0.7,0.7,0.7
166,,0.25,0.55,0.55,0.55,0.25,0.55,0.55,0.55
167,,0.1,0.4,0.4,0.4,0.1,0.4,0.4,0.4
168,,-0.05,0.25,0.25,0.25,-0.05,0.25,0.25,0.25
169,5,0.1,0.429,0.5,0.571,0.95,0.571,0.5,0.429
170,5,0.25,0.608,0.75,0.892,1.0,0.892,0.75,0.608
171,,0.1,0.458,0.6,0.742,0.85,0.742,0.6,0.458
172,,-0.05,0.308,0.45,0.592,0.7,0.592,0.45,0.308
173,1,0.95,0.629,0.7,0.771,0.85,0.771,0.7,0.629
174,1,1.0,0.95,0.95,0.95,1.0,0.95,0.95,0.95
175,,0.85,0.8,0.8,0.8,0.85,0.8,0.8,0.8
176,,0.7,0.65,0.65,0.65,0.7,0.65,0.65,0.65
177,,0.55,0.5,0.5,0.5,0.55,0.5,0.5,0.5
178,,0.4,0.35,0.35,0.35,0.4,0.35,0.35,0.35
179,,0.25,0.2,0.2,0.2,0.25,0.2,0.2,0.2
180,,0.1,0.05,0.05,0.05,0.1,0.05,0.05,0.05
181,,-0.05,-0.1,-0.1,-0.1,-0.05,-0.1,-0.1,-0.1
182,6,0.129,0.05,0.079,0.15,0.271,0.9,0.221,0.15
183,6,0.308,0.2,0.258,0.4,0.592,1.0,0.542,0.4
184,,0.158,0.05,0.108,0.25,0.442,0.85,0.392,0.25
185,,0.008,-0.1,-0.042,0.1,0.292,0.7,0.242,0.1
186,2,0.329,0.9,0.279,0.35,0.471,0.85,0.421,0.35
187,2,0.65,1.0,0.6,0.6,0.65,1.0,0.6,0.6
188,,0.5,0.85,0.45,0.45,0.5,0.85,0.45,0.45
189,,0.35,0.7,0.3,0.3,0.35,0.7,0.3,0.3
190,,0.2,0.55,0.15,0.15,0.2,0.55,0.15,0.15
191,,0.05,0.4,0.0,0.0,0.05,0.4,0.0,0.0
192,,-0.1,0.25,-0.15,-0.15,-0.1,0.25,-0.15,-0.15
193,4,0.079,0.5,0.171,0.85,0.221,0.5,0.029,0.0
194,4,0.258,0.75,0.492,1.0,0.542,0.75,0.208,0.15
195,,0.108,0.6,0.342,0.85,0.392,0.6,0.058,0.0
196,,-0.042,0.45,0.192,0.7,0.242,0.45,-0.092,-0.15
197,8,0.279,0.7,0.371,0.85,0.421,0.7,0.229,0.85
198,8,0.6,0.95,0.55,1.0,0.6,0.95,0.55,1.0
199,,0.45,0.8,0.4,0.85,0.45,0.8,0.4,0.85
200,,0.3,0.65,0.25,0.7,0.3,0.65,0.25,0.7
201,,0.15,0.5,0.1,0.55,0.15,0.5,0.1,0.55
202,,0.0,0.35,-0.05,0.4,0.0,0.35,-0.05,0.4
203,7,0.25,0.529,0.1,0.579,0.25,0.671,0.95,0.721
204,7,0.5,0.708,0.25,0.758,0.5,0.992,1.0,1.0
205,,0.35,0.558,0.1,0.608,0.35,0.842,0.85,0.85
206,,0.2,0.408,-0.05,0.458,0.2,0.692,0.7,0.7
207,3,0.45,0.729,0.95,0.779,0.45,0.871,0.85,0.879
208,3,0.7,1.0,1.0,1.0,0.7,1.0,1.0,1.0
209,,0.55,0.85,0.85,0.85,0.55,0.85,0.85,0.85
210,,0.4,0.7,0.7,0.7,0.4,0.7,0.7,0.7
211,,0.25,0.55,0.55,0.55,0.25,0.55,0.55,0.55
212,,0.1,0.4,0.4,0.4,0.1,0.4,0.4,0.4
213,,-0.05,0.25,0.25,0.25,-0.05,0.25,0.25,0.25
214,5,0.1,0.429,0.5,0.571,0.95,0.571,0.5,0.429
215,5,0.25,0.608,0.75,0.892,1.0,0.892,0.75,0.608
216,,0.1,0.458,0.6,0.742,0.85,0.742,0.6,0.458
217,,-0.05,0.308,0.45,0.592,0.7,0.592,0.45,0.308
218,1,0.95,0.629,0.7,0.771,0.85,0.771,0.7,0.629
219,1,1.0,0.95,0.95,0.95,1.0,0.95,0.95,0.95
220,,0.85,0.8,0.8,0.8,0.85,0.8,0.8,0.8
221,,0.7,0.65,0.65,0.65,0.7,0.65,0.65,0.65
222,,0.55,0.5,0.5,0.5,0.55,0.5,0.5,0.5
223,,0.4,0.35,0.35,0.35,0.4,0.35,0.35,0.35
224,,0.25,0.2,0.2,0.2,0.25,0.2,0.2,0.2
225,,0.1,0.05,0.05,0.05,0.1,0.05,0.05,0.05
226,,-0.05,-0.1,-0.1,-0.1,-0.05,-0.1,-0.1,-0.1
227,8,0.271,0.15,0.079,0.05,0.129,0.15,0.221,0.9
228,8,0.592,0.4,0.258,0.2,0.308,0.4,0.542,1.0
229,,0.442,0.25,0.108,0.05,0.158,0.25,0.392,0.85
230,,0.292,0.1,-0.042,-0.1,0.008,0.1,0.242,0.7
231,4,0.471,0.35,0.279,0.9,0.329,0.35,0.421,0.85
232,4,0.65,0.6,0.6,1.0,0.65,0.6,0.6,1.0
233,,0.5,0.45,0.45,0.85,0.5,0.45,0.45,0.85
234,,0.35,0.3,0.3,0.7,0.35,0.3,0.3,0.7
235,,0.2,0.15,0.15,0.55,0.2,0.15,0.15,0.55
236,,0.05,0.0,0.0,0.4,0.05,0.0,0.0,0.4
237,,-0.1,-0.15,-0.15,0.25,-0.1,-0.15,-0.15,0.25
238,3,0.15,0.171,0.85,0.571,0.15,0.029,0.0,0.429
239,3,0.4,0.492,1.0,0.892,0.4,0.208,0.15,0.608
240,,0.25,0.342,0.85,0.742,0.25,0.058,0.0,0.458
241,,0.1,0.192,0.7,0.592,0.1,-0.092,-0.15,0.308
242,7,0.35,0.371,0.85,0.771,0.35,0.229,0.85,0.629
243,7,0.6,0.55,1.0,0.95,0.6,0.55,1.0,0.95
244,,0.45,0.4,0.85,0.8,0.45,0.4,0.85,0.8
245,,0.3,0.25,0.7,0.65,0.3,0.25,0.7,0.65
246,,0.15,0.1,0.55,0.5,0.15,0.1,0.55,0.5
247,,0.0,-0.05,0.4,0.35,0.0,-0.05,0.4,0.35
248,6,0.179,0.1,0.579,0.6,0.321,0.95,0.721,0.6
249,6,0.358,0.25,0.758,0.85,0.642,1.0,1.0,0.85
250,,0.208,0.1,0.608,0.7,0.492,0.85,0.85,0.7
251,,0.058,-0.05,0.458,0.55,0.342,0.7,0.7,0.55
252,2,0.379,0.95,0.779,0.8,0.521,0.85,0.879,0.8
253,2,0.7,1.0,1.0,1.0,0.7,1.0,1.0,1.0
254,,0.55,0.85,0.85,0.85,0.55,0.85,0.85,0.85
255,,0.4,0.7,0.7,0.7,0.4,0.7,0.7,0.7
256,,0.25,0.55,0.55,0.55,0.25,0.55,0.55,0.55
257,,0.1,0.4,0.4,0.4,0.1,0.4,0.4,0.4
258,,-0.05,0.25,0.25,0.25,-0.05,0.25,0.25,0.25
259,5,0.1,0.429,0.5,0.571,0.95,0.571,0.5,0.429
260,5,0.25,0.608,0.75,0.892,1.0,0.892,0.75,0.608
261,,0.1,0.458,0.6,0.742,0.85,0.742,0.6,0.458
262,,-0.05,0.308,0.45,0.592,0.7,0.592,0.45,0.308
263,1,0.95,0.629,0.7,0.771,0.85,0.771,0.7,0.629
264,1,1.0,0.95,0.95,0.95,1.0,0.95,0.95,0.95
265,,0.85,0.8,0.8,0.8,0.85,0.8,0.8,0.8
266,,0.7,0.65,0.65,0.65,0.7,0.65,0.65,0.65
267,,0.55,0.5,0.5,0.5,0.55,0.5,0.5,0.5
268,,0.4,0.35,0.35,0.35,0.4,0.35,0.35,0.35
269,,0.25,0.2,0.2,0.2,0.25,0.2,0.2,0.2
270,,0.1,0.05,0.05,0.05,0.1,0.05,0.05,0.05
271,,-0.05,-0.1,-0.1,-0.1,-0.05,-0.1,-0.1,-0.1
272,7,0.2,0.079,0.05,0.079,0.2,0.221,0.9,0.221
273,7,0.45,0.258,0.2,0.258,0.45,0.542,1.0,0.542
274,,0.3,0.108,0.05,0.108,0.3,0.392,0.85,0.392
275,,0.15,-0.042,-0.1,-0.042,0.15,0.242,0.7,0.242
276,3,0.4,0.279,0.9,0.279,0.4,0.421,0.85,0.421
277,3,0.65,0.6,1.0,0.6,0.65,0.6,1.0,0.6
278,,0.5,0.45,0.85,0.45,0.5,0.45,0.85,0.45
279,,0.35,0.3,0.7,0.3,0.35,0.3,0.7,0.3
280,,0.2,0.15,0.55,0.15,0.2,0.15,0.55,0.15
281,,0.05,0.0,0.4,0.0,0.05,0.0,0.4,0.0
282,,-0.1,-0.15,0.25,-0.15,-0.1,-0.15,0.25,-0.15
283,6,0.079,0.0,0.429,0.1,0.221,0.85,0.571,0.1
284,6,0.258,0.15,0.608,0.35,0.542,1.0,0.892,0.35
285,,0.108,0.0,0.458,0.2,0.392,0.85,0.742,0.2
286,,-0.042,-0.15,0.308,0.05,0.242,0.7,0.592,0.05
287,2,0.279,0.85,0.629,0.3,0.421,0.85,0.771,0.3
288,2,0.6,1.0,0.95,0.55,0.6,1.0,0.95,0.55
289,,0.45,0.85,0.8,0.4,0.45,0.85,0.8,0.4
290,,0.3,0.7,0.65,0.25,0.3,0.7,0.65,0.25
291,,0.15,0.55,0.5,0.1,0.15,0.55,0.5,0.1
292,,0.0,0.4,0.35,-0.05,0.0,0.4,0.35,-0.05
293,8,0.321,0.65,0.529,0.1,0.179,0.65,0.671,0.95
294,8,0.642,0.9,0.708,0.25,0.358,0.9,0.992,1.0
295,,0.492,0.75,0.558,0.1,0.208,0.75,0.842,0.85
296,,0.342,0.6,0.408,-0.05,0.058,0.6,0.692,0.7
297,4,0.521,0.85,0.729,0.95,0.379,0.85,0.871,0.85
298,4,0.7,1.0,1.0,1.0,0.7,1.0,1.0,1.0
299,,0.55,0.85,0.85,0.85,0.55,0.85,0.85,0.85
300,,0.4,0.7,0.7,0.7,0.4,0.7,0.7,0.7
301,,0.25,0.55,0.55,0.55,0.25,0.55,0.55,0.55
302,,0.1,0.4,0.4,0.4,0.1,0.4,0.4,0.4
303,,-0.05,0.25,0.25,0.25,-0.05,0.25,0.25,0.25
304,5,0.1,0.429,0.5,0.571,0.95,0.571,0.5,0.429
305,5,0.25,0.608,0.75,0.892,1.0,0.892,0.75,0.608
306,,0.1,0.458,0.6,0.742,0.85,0.742,0.6,0.458
307,,-0.05,0.308,0.45,0.592,0.7,0.592,0.45,0.308
308,1,0.95,0.629,0.7,0.771,0.85,0.771,0.7,0.629
309,1,1.0,0.95,0.95,0.95,1.0,0.95,0.95,0.95
310,,0.85,0.8,0.8,0.8,0.85,0.8,0.8,0.8
311,,0.7,0.65,0.65,0.65,0.7,0.65,0.65,0.65
312,,0.55,0.5,0.5,0.5,0.55,0.5,0.5,0.5
313,,0.4,0.35,0.35,0.35,0.4,0.35,0.35,0.35
314,,0.25,0.2,0.2,0.2,0.25,0.2,0.2,0.2
315,,0.1,0.05,0.05,0.05,0.1,0.05,0.05,0.05
316,,-0.05,-0.1,-0.1,-0.1,-0.05,-0.1,-0.1,-0.1
317,6,0.129,0.05,0.079,0.15,0.271,0.9,0.221,0.15
318,6,0.308,0.2,0.258,0.4,0.592,1.0,0.542,0.4
319,,0.158,0.05,0.108,0.25,0.442,0.85,0.392,0.25
320,,0.008,-0.1,-0.042,0.1,0.292,0.7,0.242,0.1
321,2,0.329,0.9,0.279,0.35,0.471,0.85,0.421,0.35
322,2,0.65,1.0,0.6,0.6,0.65,1.0,0.6,0.6
323,,0.5,0.85,0.45,0.45,0.5,0.85,0.45,0.45
324,,0.35,0.7,0.3,0.3,0.35,0.7,0.3,0.3
325,,0.2,0.55,0.15,0.15,0.2,0.55,0.15,0.15
326,,0.05,0.4,0.0,0.0,0.05,0.4,0.0,0.0
327,,-0.1,0.25,-0.15,-0.15,-0.1,0.25,-0.15,-0.15
328,4,0.079,0.5,0.171,0.85,0.221,0.5,0.029,0.0
329,4,0.258,0.75,0.492,1.0,0.542,0.75,0.208,0.15
330,,0.108,0.6,0.342,0.85,0.392,0.6,0.058,0.0
331,,-0.042,0.45,0.192,0.7,0.242,0.45,-0.092,-0.15
332,8,0.279,0.7,0.371,0.85,0.421,0.7,0.229,0.85
333,8,0.6,0.95,0.55,1.0,0.6,0.95,0.55,1.0
334,,0.45,0.8,0.4,0.85,0.45,0.8,0.4,0.85
335,,0.3,0.65,0.25,0.7,0.3,0.65,0.25,0.7
336,,0.15,0.5,0.1,0.55,0.15,0.5,0.1,0.55
337,,0.0,0.35,-0.05,0.4,0.0,0.35,-0.05,0.4
338,7,0.25,0.529,0.1,0.579,0.25,0.671,0.95,0.721
339,7,0.5,0.708,0.25,0.758,0.5,0.992,1.0,1.0
340,,0.35,0.558,0.1,0.608,0.35,0.842,0.85,0.85
341,,0.2,0.408,-0.05,0.458,0.2,0.692,0.7,0.7
342,3,0.45,0.729,0.95,0.779,0.45,0.871,0.85,0.879
343,3,0.7,1.0,1.0,1.0,0.7,1.0,1.0,1.0
344,,0.55,0.85,0.85,0.85,0.55,0.85,0.85,0.85
345,,0.4,0.7,0.7,0.7,0.4,0.7,0.7,0.7
346,,0.25,0.55,0.55,0.55,0.25,0.55,0.55,0.55
347,,0.1,0.4,0.4,0.4,0.1,0.4,0.4,0.4
348,,-0.05,0.25,0.25,0.25,-0.05,0.25,0.25,0.25
349,5,0.1,0.429,0.5,0.571,0.95,0.571,0.5,0.429
350,5,0.25,0.608,0.75,0.892,1.0,0.892,0.75,0.608
351,,0.1,0.458,0.6,0.742,0.85,0.742,0.6,0.458
352,,-0.05,0.308,0.45,0.592,0.7,0.592,0.45,0.308
353,1,0.95,0.629,0.7,0.771,0.85,0.771,0.7,0.629
354,1,1.0,0.95,0.95,0.95,1.0,0.95,0.95,0.95
355,,0.85,0.8,0.8,0.8,0.85,0.8,0.8,0.8
356,,0.7,0.65,0.65,0.65,0.7,0.65,0.65,0.65
357,,0.55,0.5,0.5,0.5,0.55,0.5,0.5,0.5
358,,0.4,0.35,0.35,0.35,0.4,0.35,0.35,0.35
359,,0.25,0.2,0.2,0.2,0.25,0.2,0.2,0.2
360,,0.1,0.05,0.05,0.05,0.1,0.05,0.05,0.05
361,,-0.05,-0.1,-0.1,-0.1,-0.05,-0.1,-0.1,-0.1
362,6,0.129,0.05,0.079,0.15,0.271,0.9,0.221,0.15
363,6,0.308,0.2,0.258,0.4,0.592,1.0,0.542,0.4
364,,0.158,0.05,0.108,0.25,0.442,0.85,0.392,0.25
365,,0.008,-0.1,-0.042,0.1,0.292,0.7,0.242,0.1
366,2,0.329,0.9,0.279,0.35,0.471,0.85,0.421,0.35
367,2,0.65,1.0,0.6,0.6,0.65,1.0,0.6,0.6
368,,0.5,0.85,0.45,0.45,0.5,0.85,0.45,0.45
369,,0.35,0.7,0.3,0.3,0.35,0.7,0.3,0.3
370,,0.2,0.55,0.15,0.15,0.2,0.55,0.15,0.15
371,,0.05,0.4,0.0,0.0,0.05,0.4,0.0,0.0
372,,-0.1,0.25,-0.15,-0.15,-0.1,0.25,-0.15,-0.15
373,4,0.079,0.5,0.171,0.85,0.221,0.5,0.029,0.0
374,4,0.258,0.75,0.492,1.0,0.542,0.75,0.208,0.15
375,,0.108,0.6,0.342,0.85,0.392,0.6,0.058,0.0
376,,-0.042,0.45,0.192,0.7,0.242,0.45,-0.092,-0.15
377,8,0.279,0.7,0.371,0.85,0.421,0.7,0.229,0.85
378,8,0.6,0.95,0.55,1.0,0.6,0.95,0.55,1.0
379,,0.45,0.8,0.4,0.85,0.45,0.8,0.4,0.85
380,,0.3,0.65,0.25,0.7,0.3,0.65,0.25,0.7
381,,0.15,0.5,0.1,0.55,0.15,0.5,0.1,0.55
382,,0.0,0.35,-0.05,0.4,0.0,0.35,-0.05,0.4
383,3,0.25,0.671,0.95,0.721,0.25,0.529,0.1,0.579
384,3,0.5,0.992,1.0,1.0,0.5,0.708,0.25,0.758
385,,0.35,0.842,0.85,0.85,0.35,0.558,0.1,0.608
386,,0.2,0.692,0.7,0.7,0.2,0.408,-0.05,0.458
387,7,0.45,0.871,0.85,0.879,0.45,0.729,0.95,0.779
388,7,0.7,1.0,1.0,1.0,0.7,1.0,1.0,1.0
389,,0.55,0.85,0.85,0.85,0.55,0.85,0.85,0.85
390,,0.4,0.7,0.7,0.7,0.4,0.7,0.7,0.7
391,,0.25,0.55,0.55,0.55,0.25,0.55,0.55,0.55
392,,0.1,0.4,0.4,0.4,0.1,0.4,0.4,0.4
393,,-0.05,0.25,0.25,0.25,-0.05,0.25,0.25,0.25
394,5,0.1,0.429,0.5,0.571,0.95,0.571,0.5,0.429
395,5,0.25,0.608,0.75,0.892,1.0,0.892,0.75,0.608
396,,0.1,0.458,0.6,0.742,0.85,0.742,0.6,0.458
397,,-0.05,0.308,0.45,0.592,0.7,0.592,0.45,0.308
398,1,0.95,0.629,0.7,0.771,0.85,0.771,0.7,0.629
399,1,1.0,0.95,0.95,0.95,1.0,0.95,0.95,0.95
400,,0.85,0.8,0.8,0.8,0.85,0.8,0.8,0.8
401,,0.7,0.65,0.65,0.65,0.7,0.65,0.65,0.65
402,,0.55,0.5,0.5,0.5,0.55,0.5,0.5,0.5
403,,0.4,0.35,0.35,0.35,0.4,0.35,0.35,0.35
404,,0.25,0.2,0.2,0.2,0.25,0.2,0.2,0.2
405,,0.1,0.05,0.05,0.05,0.1,0.05,0.05,0.05
406,,-0.05,-0.1,-0.1,-0.1,-0.05,-0.1,-0.1,-0.1
407,8,0.271,0.15,0.079,0.05,0.129,0.15,0.221,0.9
408,8,0.592,0.4,0.258,0.2,0.308,0.4,0.542,1.0
409,,0.442,0.25,0.108,0.05,0.158,0.25,0.392,0.85
410,,0.292,0.1,-0.042,-0.1,0.008,0.1,0.242,0.7
411,4,0.471,0.35,0.279,0.9,0.329,0.35,0.421,0.85
412,4,0.65,0.6,0.6,1.0,0.65,0.6,0.6,1.0
413,,0.5,0.45,0.45,0.85,0.5,0.45,0.45,0.85
414,,0.35,0.3,0.3,0.7,0.35,0.3,0.3,0.7
415,,0.2,0.15,0.15,0.55,0.2,0.15,0.15,0.55
416,,0.05,0.0,0.0,0.4,0.05,0.0,0.0,0.4
417,,-0.1,-0.15,-0.15,0.25,-0.1,-0.15,-0.15,0.25
418,6,0.079,0.0,0.029,0.5,0.221,0.85,0.171,0.5
419,6,0.258,0.15,0.208,0.75,0.542,1.0,0.492,0.75
420,,0.108,0.0,0.058,0.6,0.392,0.85,0.342,0.6
421,,-0.042,-0.15,-0.092,0.45,0.242,0.7,0.192,0.45
422,2,0.279,0.85,0.229,0.7,0.421,0.85,0.371,0.7
423,2,0.6,1.0,0.55,0.95,0.6,1.0,0.55,0.95
424,,0.45,0.85,0.4,0.8,0.45,0.85,0.4,0.8
425,,0.3,0.7,0.25,0.65,0.3,0.7,0.25,0.65
426,,0.15,0.55,0.1,0.5,0.15,0.55,0.1,0.5
427,,0.0,0.4,-0.05,0.35,0.0,0.4,-0.05,0.35
428,7,0.25,0.579,0.1,0.529,0.25,0.721,0.95,0.671
429,7,0.5,0.758,0.25,0.708,0.5,1.0,1.0,0.992
430,,0.35,0.608,0.1,0.558,0.35,0.85,0.85,0.842
431,,0.2,0.458,-0.05,0.408,0.2,0.7,0.7,0.692
432,3,0.45,0.779,0.95,0.729,0.45,0.879,0.85,0.871
433,3,0.7,1.0,1.0,1.0,0.7,1.0,1.0,1.0
434,,0.55,0.85,0.85,0.85,0.55,0.85,0.85,0.85
435,,0.4,0.7,0.7,0.7,0.4,0.7,0.7,0.7
436,,0.25,0.55,0.55,0.55,0.25,0.55,0.55,0.55
437,,0.1,0.4,0.4,0.4,0.1,0.4,0.4,0.4
438,,-0.05,0.25,0.25,0.25,-0.05,0.25,0.25,0.25
439,1,0.95,0.571,0.5,0.429,0.1,0.429,0.5,0.571
440,1,1.0,0.892,0.75,0.608,0.25,0.608,0.75,0.892
441,,0.85,0.742,0.6,0.458,0.1,0.458,0.6,0.742
442,,0.7,0.592,0.45,0.308,-0.05,0.308,0.45,0.592
443,5,0.85,0.771,0.7,0.629,0.95,0.629,0.7,0.771
444,5,1.0,0.95,0.95,0.95,1.0,0.95,0.95,0.95
445,,0.85,0.8,0.8,0.8,0.85,0.8,0.8,0.8
446,,0.7,0.65,0.65,0.65,0.7,0.65,0.65,0.65
447,,0.55,0.5,0.5,0.5,0.55,0.5,0.5,0.5
448,,0.4,0.35,0.35,0.35,0.4,0.35,0.35,0.35
449,,0.25,0.2,0.2,0.2,0.25,0.2,0.2,0.2
450,,0.1,0.05,0.05,0.05,0.1,0.05,0.05,0.05
451,,-0.05,-0.1,-0.1,-0.1,-0.05,-0.1,-0.1,-0.1
452,8,0.271,0.15,0.079,0.05,0.129,0.15,0.221,0.9
453,8,0.592,0.4,0.258,0.2,0.308,0.4,0.542,1.0
454,,0.442,0.25,0.108,0.05,0.158,0.25,0.392,0.85
455,,0.292,0.1,-0.042,-0.1,0.008,0.1,0.242,0.7
456,4,0.471,0.35,0.279,0.9,0.329,0.35,0.421,0.85
457,4,0.65,0.6,0.6,1.0,0.65,0.6,0.6,1.0
458,,0.5,0.45,0.45,0.85,0.5,0.45,0.45,0.85
459,,0.35,0.3,0.3,0.7,0.35,0.3,0.3,0.7
460,,0.2,0.15,0.15,0.55,0.2,0.15,0.15,0.55
461,,0.05,0.0,0.0,0.4,0.05,0.0,0.0,0.4
462,,-0.1,-0.15,-0.15,0.25,-0.1,-0.15,-0.15,0.25
463,7,0.15,0.029,0.0,0.429,0.15,0.171,0.85,0.571
464,7,0.4,0.208,0.15,0.608,0.4,0.492,1.0,0.892
465,,0.25,0.058,0.0,0.458,0.25,0.342,0.85,0.742
466,,0.1,-0.092,-0.15,0.308,0.1,0.192,0.7,0.592
467,3,0.35,0.229,0.85,0.629,0.35,0.371,0.85,0.771
468,3,0.6,0.55,1.0,0.95,0.6,0.55,1.0,0.95
469,,0.45,0.4,0.85,0.8,0.45,0.4,0.85,0.8
470,,0.3,0.25,0.7,0.65,0.3,0.25,0.7,0.65
471,,0.15,0.1,0.55,0.5,0.15,0.1,0.55,0.5
472,,0.0,-0.05,0.4,0.35,0.0,-0.05,0.4,0.35
473,2,0.321,0.95,0.721,0.6,0.179,0.1,0.579,0.6
474,2,0.642,1.0,1.0,0.85,0.358,0.25,0.758,0.85
475,,0.492,0.85,0.85,0.7,0.208,0.1,0.608,0.7
476,,0.342,0.7,0.7,0.55,0.058,-0.05,0.458,0.55
477,6,0.521,0.85,0.879,0.8,0.379,0.95,0.779,0.8
478,6,0.7,1.0,1.0,1.0,0.7,1.0,1.0,1.0
479,,0.55,0.85,0.85,0.85,0.55,0.85,0.85,0.85
480,,0.4,0.7,0.7,0.7,0.4,0.7,0.7,0.7
481,,0.25,0.55,0.55,0.55,0.25,0.55,0.55,0.55
482,,0.1,0.4,0.4,0.4,0.1,0.4,0.4,0.4
483,,-0.05,0.25,0.25,0.25,-0.05,0.25,0.25,0.25
484,5,0.1,0.429,0.5,0.571,0.95,0.571,0.5,0.429
485,5,0.25,0.608,0.75,0.892,1.0,0.892,0.75,0.608
486,,0.1,0.458,0.6,0.742,0.85,0.742,0.6,0.458
487,,-0.05,0.308,0.45,0.592,0.7,0.592,0.45,0.308
488,1,0.95,0.629,0.7,0.771,0.85,0.771,0.7,0.629
489,1,1.0,0.95,0.95,0.95,1.0,0.95,0.95,0.95
490,,0.85,0.8,0.8,0.8,0.85,0.8,0.8,0.8
491,,0.7,0.65,0.65,0.65,0.7,0.65,0.65,0.65
492,,0.55,0.5,0.5,0.5,0.55,0.5,0.5,0.5
493,,0.4,0.35,0.35,0.35,0.4,0.35,0.35,0.35
494,,0.25,0.2,0.2,0.2,0.25,0.2,0.2,0.2
495,,0.1,0.05,0.05,0.05,0.1,0.05,0.05,0.05
496,,-0.05,-0.1,-0.1,-0.1,-0.05,-0.1,-0.1,-0.1
497,7,0.2,0.079,0.05,0.079,0.2,0.221,0.9,0.221
498,7,0.45,0.258,0.2,0.258,0.45,0.542,1.0,0.542
499,,0.3,0.108,0.05,0.108,0.3,0.392,0.85,0.392
