step,active_motive,motive_1,motive_2,motive_3,motive_4,motive_5,motive_6,motive_7,motive_8
0,,0.06602,0.02799,0.09549,0.07379,0.05544,0.06117,0.04196,0.02477
1,,-0.08398,-0.12201,-0.05451,-0.07621,-0.09456,-0.08883,-0.10804,-0.12523
2,8,0.23702,0.12799,0.12449,0.07379,0.08444,0.16117,0.21296,0.87477
3,8,0.55802,0.37799,0.30349,0.22379,0.26344,0.41117,0.53396,1.0
4,,0.40802,0.22799,0.15349,0.07379,0.11344,0.26117,0.38396,0.85
5,,0.25802,0.07799,0.00349,-0.07621,-0.03656,0.11117,0.23396,0.7
6,4,0.43702,0.32799,0.32449,0.92379,0.28444,0.36117,0.41296,0.85
7,4,0.61602,0.57799,0.64549,1.0,0.60544,0.61117,0.59196,1.0
8,,0.46602,0.42799,0.49549,0.85,0.45544,0.46117,0.44196,0.85
9,,0.31602,0.27799,0.34549,0.7,0.30544,0.31117,0.29196,0.7
10,,0.16602,0.12799,0.19549,0.55,0.15544,0.16117,0.14196,0.55
11,,0.01602,-0.02201,0.04549,0.4,0.00544,0.01117,-0.00804,0.4
12,2,0.33702,0.97799,0.36649,0.65,0.18444,0.16117,0.17096,0.65
13,2,0.65802,1.0,0.68749,0.9,0.36344,0.31117,0.34996,0.9
14,,0.50802,0.85,0.53749,0.75,0.21344,0.16117,0.19996,0.75
15,,0.35802,0.7,0.38749,0.6,0.06344,0.01117,0.04996,0.6
16,,0.20802,0.55,0.23749,0.45,-0.08656,-0.13883,-0.10004,0.45
17,6,0.38702,0.7,0.41649,0.7,0.23444,0.86117,0.22096,0.7
18,6,0.56602,0.85,0.59549,0.95,0.55544,1.0,0.54196,0.95
19,,0.41602,0.7,0.44549,0.8,0.40544,0.85,0.39196,0.8
20,,0.26602,0.55,0.29549,0.65,0.25544,0.7,0.24196,0.65
21,,0.11602,0.4,0.14549,0.5,0.10544,0.55,0.09196,0.5
22,,-0.03398,0.25,-0.00451,0.35,-0.04456,0.4,-0.05804,0.35
23,7,0.21602,0.429,0.14549,0.529,0.20544,0.721,0.94196,0.671
24,7,0.46602,0.608,0.29549,0.708,0.45544,1.0,1.0,0.992
25,,0.31602,0.458,0.14549,0.558,0.30544,0.85,0.85,0.842
26,,0.16602,0.308,-0.00451,0.408,0.15544,0.7,0.7,0.692
27,3,0.41602,0.629,0.99549,0.729,0.40544,0.879,0.85,0.871
28,3,0.66602,0.95,1.0,1.0,0.65544,1.0,1.0,1.0
29,,0.51602,0.8,0.85,0.85,0.50544,0.85,0.85,0.85
30,,0.36602,0.65,0.7,0.7,0.35544,0.7,0.7,0.7
31,,0.21602,0.5,0.55,0.55,0.20544,0.55,0.55,0.55
32,,0.06602,0.35,0.4,0.4,0.05544,0.4,0.4,0.4
33,,-0.08398,0.2,0.25,0.25,-0.09456,0.25,0.25,0.25
34,5,0.06602,0.379,0.5,0.571,0.90544,0.571,0.5,0.429
35,5,0.21602,0.558,0.75,0.892,1.0,0.892,0.75,0.608
36,,0.06602,0.408,0.6,0.742,0.85,0.742,0.6,0.458
37,,-0.08398,0.258,0.45,0.592,0.7,0.592,0.45,0.308
38,1,0.91602,0.579,0.7,0.771,0.85,0.771,0.7,0.629
39,1,1.0,0.9,0.95,0.95,1.0,0.95,0.95,0.95
40,,0.85,0.75,0.8,0.8,0.85,0.8,0.8,0.8
41,,0.7,0.6,0.65,0.65,0.7,0.65,0.65,0.65
42,,0.55,0.45,0.5,0.5,0.55,0.5,0.5,0.5
43,,0.4,0.3,0.35,0.35,0.4,0.35,0.35,0.35
44,,0.25,0.15,0.2,0.2,0.25,0.2,0.2,0.2
45,,0.1,0.0,0.05,0.05,0.1,0.05,0.05,0.05
46,,-0.05,-0.15,-0.1,-0.1,-0.05,-0.1,-0.1,-0.1
47,2,0.271,0.85,0.221,0.15,0.129,0.05,0.079,0.15
48,2,0.592,1.0,0.542,0.4,0.308,0.2,0.258,0.4
49,,0.442,0.85,0.392,0.25,0.158,0.05,0.108,0.25
50,,0.292,0.7,0.242,0.1,0.008,-0.1,-0.042,0.1
51,6,0.471,0.85,0.421,0.35,0.329,0.9,0.279,0.35
52,6,0.65,1.0,0.6,0.6,0.65,1.0,0.6,0.6
53,,0.5,0.85,0.45,0.45,0.5,0.85,0.45,0.45
54,,0.35,0.7,0.3,0.3,0.35,0.7,0.3,0.3
55,,0.2,0.55,0.15,0.15,0.2,0.55,0.15,0.15
56,,0.05,0.4,0.0,0.0,0.05,0.4,0.0,0.0
57,,-0.1,0.25,-0.15,-0.15,-0.1,0.25,-0.15,-0.15
58,8,0.221,0.5,0.029,0.0,0.079,0.5,0.171,0.85
59,8,0.542,0.75,0.208,0.15,0.258,0.75,0.492,1.0
60,,0.392,0.6,0.058,0.0,0.108,0.6,0.342,0.85
61,,0.242,0.45,-0.092,-0.15,-0.042,0.45,0.192,0.7
62,4,0.421,0.7,0.229,0.85,0.279,0.7,0.371,0.85
63,4,0.6,0.95,0.55,1.0,0.6,0.95,0.55,1.0
64,,0.45,0.8,0.4,0.85,0.45,0.8,0.4,0.85
65,,0.3,0.65,0.25,0.7,0.3,0.65,0.25,0.7
66,,0.15,0.5,0.1,0.55,0.15,0.5,0.1,0.55
67,,0.0,0.35,-0.05,0.4,0.0,0.35,-0.05,0.4
68,3,0.25,0.671,0.95,0.721,0.25,0.529,0.1,0.579
69,3,0.5,0.992,1.0,1.0,0.5,0.708,0.25,0.758
70,,0.35,0.842,0.85,0.85,0.35,0.558,0.1,0.608
71,,0.2,0.692,0.7,0.7,0.2,0.408,-0.05,0.458
72,7,0.45,0.871,0.85,0.879,0.45,0.729,0.95,0.779
73,7,0.7,1.0,1.0,1.0,0.7,1.0,1.0,1.0
74,,0.55,0.85,0.85,0.85,0.55,0.85,0.85,0.85
75,,0.4,0.7,0.7,0.7,0.4,0.7,0.7,0.7
76,,0.25,0.55,0.55,0.55,0.25,0.55,0.55,0.55
77,,0.1,0.4,0.4,0.4,0.1,0.4,0.4,0.4
78,,-0.05,0.25,0.25,0.25,-0.05,0.25,0.25,0.25
79,1,0.95,0.571,0.5,0.429,0.1,0.429,0.5,0.571
80,1,1.0,0.892,0.75,0.608,0.25,0.608,0.75,0.892
81,,0.85,0.742,0.6,0.458,0.1,0.458,0.6,0.742
82,,0.7,0.592,0.45,0.308,-0.05,0.308,0.45,0.592
83,5,0.85,0.771,0.7,0.629,0.95,0.629,0.7,0.771
84,5,1.0,0.95,0.95,0.95,1.0,0.95,0.95,0.95
85,,0.85,0.8,0.8,0.8,0.85,0.8,0.8,0.8
86,,0.7,0.65,0.65,0.65,0.7,0.65,0.65,0.65
87,,0.55,0.5,0.5,0.5,0.55,0.5,0.5,0.5
88,,0.4,0.35,0.35,0.35,0.4,0.35,0.35,0.35
89,,0.25,0.2,0.2,0.2,0.25,0.2,0.2,0.2
90,,0.1,0.05,0.05,0.05,0.1,0.05,0.05,0.05
91,,-0.05,-0.1,-0.1,-0.1,-0.05,-0.1,-0.1,-0.1
92,8,0.271,0.15,0.079,0.05,0.129,0.15,0.221,0.9
93,8,0.592,0.4,0.258,0.2,0.308,0.4,0.542,1.0
94,,0.442,0.25,0.108,0.05,0.158,0.25,0.392,0.85
95,,0.292,0.1,-0.042,-0.1,0.008,0.1,0.242,0.7
96,4,0.471,0.35,0.279,0.9,0.329,0.35,0.421,0.85
97,4,0.65,0.6,0.6,1.0,0.65,0.6,0.6,1.0
98,,0.5,0.45,0.45,0.85,0.5,0.45,0.45,0.85
99,,0.35,0.3,0.3,0.7,0.35,0.3,0.3,0.7
100,,0.2,0.15,0.15,0.55,0.2,0.15,0.15,0.55
101,,0.05,0.0,0.0,0.4,0.05,0.0,0.0,0.4
102,,-0.1,-0.15,-0.15,0.25,-0.1,-0.15,-0.15,0.25
103,2,0.221,0.85,0.171,0.5,0.079,0.0,0.029,0.5
104,2,0.542,1.0,0.492,0.75,0.258,0.15,0.208,0.75
105,,0.392,0.85,0.342,0.6,0.108,0.0,0.058,0.6
106,,0.242,0.7,0.192,0.45,-0.042,-0.15,-0.092,0.45
107,6,0.421,0.85,0.371,0.7,0.279,0.85,0.229,0.7
108,6,0.6,1.0,0.55,0.95,0.6,1.0,0.55,0.95
109,,0.45,0.85,0.4,0.8,0.45,0.85,0.4,0.8
110,,0.3,0.7,0.25,0.65,0.3,0.7,0.25,0.65
111,,0.15,0.55,0.1,0.5,0.15,0.55,0.1,0.5
112,,0.0,0.4,-0.05,0.35,0.0,0.4,-0.05,0.35
113,3,0.25,0.721,0.95,0.671,0.25,0.579,0.1,0.529
114,3,0.5,1.0,1.0,0.992,0.5,0.758,0.25,0.708
115,,0.35,0.85,0.85,0.842,0.35,0.608,0.1,0.558
116,,0.2,0.7,0.7,0.692,0.2,0.458,-0.05,0.408
117,7,0.45,0.879,0.85,0.871,0.45,0.779,0.95,0.729
118,7,0.7,1.0,1.0,1.0,0.7,1.0,1.0,1.0
119,,0.55,0.85,0.85,0.85,0.55,0.85,0.85,0.85
120,,0.4,0.7,0.7,0.7,0.4,0.7,0.7,0.7
121,,0.25,0.55,0.55,0.55,0.25,0.55,0.55,0.55
122,,0.1,0.4,0.4,0.4,0.1,0.4,0.4,0.4
123,,-0.05,0.25,0.25,0.25,-0.05,0.25,0.25,0.25
124,5,0.1,0.429,0.5,0.571,0.95,0.571,0.5,0.429
125,5,0.25,0.608,0.75,0.892,1.0,0.892,0.75,0.608
126,,0.1,0.458,0.6,0.742,0.85,0.742,0.6,0.458
127,,-0.05,0.308,0.45,0.592,0.7,0.592,0.45,0.308
128,1,0.95,0.629,0.7,0.771,0.85,0.771,0.7,0.629
129,1,1.0,0.95,0.95,0.95,1.0,0.95,0.95,0.95
130,,0.85,0.8,0.8,0.8,0.85,0.8,0.8,0.8
131,,0.7,0.65,0.65,0.65,0.7,0.65,0.65,0.65
132,,0.55,0.5,0.5,0.5,0.55,0.5,0.5,0.5
133,,0.4,0.35,0.35,0.35,0.4,0.35,0.35,0.35
134,,0.25,0.2,0.2,0.2,0.25,0.2,0.2,0.2
135,,0.1,0.05,0.05,0.05,0.1,0.05,0.05,0.05
136,,-0.05,-0.1,-0.1,-0.1,-0.05,-0.1,-0.1,-0.1
137,6,0.129,0.05,0.079,0.15,0.271,0.9,0.221,0.15
138,6,0.308,0.2,0.258,0.4,0.592,1.0,0.542,0.4
139,,0.158,0.05,0.108,0.25,0.442,0.85,0.392,0.25
140,,0.008,-0.1,-0.042,0.1,0.292,0.7,0.242,0.1
141,2,0.329,0.9,0.279,0.35,0.471,0.85,0.421,0.35
142,2,0.65,1.0,0.6,0.6,0.65,1.0,0.6,0.6
143,,0.5,0.85,0.45,0.45,0.5,0.85,0.45,0.45
144,,0.35,0.7,0.3,0.3,0.35,0.7,0.3,0.3
145,,0.2,0.55,0.15,0.15,0.2,0.55,0.15,0.15
146,,0.05,0.4,0.0,0.0,0.05,0.4,0.0,0.0
147,,-0.1,0.25,-0.15,-0.15,-0.1,0.25,-0.15,-0.15
148,3,0.15,0.571,0.85,0.171,0.15,0.429,0.0,0.029
149,3,0.4,0.892,1.0,0.492,0.4,0.608,0.15,0.208
150,,0.25,0.742,0.85,0.342,0.25,0.458,0.0,0.058
151,,0.1,0.592,0.7,0.192,0.1,0.308,-0.15,-0.092
152,7,0.35,0.771,0.85,0.371,0.35,0.629,0.85,0.229
153,7,0.6,0.95,1.0,0.55,0.6,0.95,1.0,0.55
154,,0.45,0.8,0.85,0.4,0.45,0.8,0.85,0.4
155,,0.3,0.65,0.7,0.25,0.3,0.65,0.7,0.25
156,,0.15,0.5,0.55,0.1,0.15,0.5,0.55,0.1
157,,0.0,0.35,0.4,-0.05,0.0,0.35,0.4,-0.05
158,4,0.179,0.6,0.721,0.95,0.321,0.6,0.579,0.1
159,4,0.358,0.85,1.0,1.0,0.642,0.85,0.758,0.25
160,,0.208,0.7,0.85,0.85,0.492,0.7,0.608,0.1
161,,0.058,0.55,0.7,0.7,0.342,0.55,0.458,-0.05
162,8,0.379,0.8,0.879,0.85,0.521,0.8,0.779,0.95
163,8,0.7,1.0,1.0,1.0,0.7,1.0,1.0,1.0
164,,0.55,0.85,0.85,0.85,0.55,0.85,0.85,0.85
165,,0.4,0.7,0.7,0.7,0.4,0.7,0.7,0.7
166,,0.25,0.55,0.55,0.55,0.25,0.55,0.55,0.55
167,,0.1,0.4,0.4,0.4,0.1,0.4,0.4,0.4
168,,-0.05,0.25,0.25,0.25,-0.05,0.25,0.25,0.25
169,1,0.95,0.571,0.5,0.429,0.1,0.429,0.5,0.571
170,1,1.0,0.892,0.75,0.608,0.25,0.608,0.75,0.892
171,,0.85,0.742,0.6,0.458,0.1,0.458,0.6,0.742
172,,0.7,0.592,0.45,0.308,-0.05,0.308,0.45,0.592
173,5,0.85,0.771,0.7,0.629,0.95,0.629,0.7,0.771
174,5,1.0,0.95,0.95,0.95,1.0,0.95,0.95,0.95
175,,0.85,0.8,0.8,0.8,0.85,0.8,0.8,0.8
176,,0.7,0.65,0.65,0.65,0.7,0.65,0.65,0.65
177,,0.55,0.5,0.5,0.5,0.55,0.5,0.5,0.5
178,,0.4,0.35,0.35,0.35,0.4,0.35,0.35,0.35
179,,0.25,0.2,0.2,0.2,0.25,0.2,0.2,0.2
180,,0.1,0.05,0.05,0.05,0.1,0.05,0.05,0.05
181,,-0.05,-0.1,-0.1,-0.1,-0.05,-0.1,-0.1,-0.1
182,8,0.271,0.15,0.079,0.05,0.129,0.15,0.221,0.9
183,8,0.592,0.4,0.258,0.2,0.308,0.4,0.542,1.0
184,,0.442,0.25,0.108,0.05,0.158,0.25,0.392,0.85
185,,0.292,0.1,-0.042,-0.1,0.008,0.1,0.242,0.7
186,4,0.471,0.35,0.279,0.9,0.329,0.35,0.421,0.85
187,4,0.65,0.6,0.6,1.0,0.65,0.6,0.6,1.0
188,,0.5,0.45,0.45,0.85,0.5,0.45,0.45,0.85
189,,0.35,0.3,0.3,0.7,0.35,0.3,0.3,0.7
190,,0.2,0.15,0.15,0.55,0.2,0.15,0.15,0.55
191,,0.05,0.0,0.0,0.4,0.05,0.0,0.0,0.4
192,,-0.1,-0.15,-0.15,0.25,-0.1,-0.15,-0.15,0.25
193,3,0.15,0.171,0.85,0.571,0.15,0.029,0.0,0.429
194,3,0.4,0.492,1.0,0.892,0.4,0.208,0.15,0.608
195,,0.25,0.342,0.85,0.742,0.25,0.058,0.0,0.458
196,,0.1,0.192,0.7,0.592,0.1,-0.092,-0.15,0.308
197,7,0.35,0.371,0.85,0.771,0.35,0.229,0.85,0.629
198,7,0.6,0.55,1.0,0.95,0.6,0.55,1.0,0.95
199,,0.45,0.4,0.85,0.8,0.45,0.4,0.85,0.8
200,,0.3,0.25,0.7,0.65,0.3,0.25,0.7,0.65
201,,0.15,0.1,0.55,0.5,0.15,0.1,0.55,0.5
202,,0.0,-0.05,0.4,0.35,0.0,-0.05,0.4,0.35
203,6,0.179,0.1,0.579,0.6,0.321,0.95,0.721,0.6
204,6,0.358,0.25,0.758,0.85,0.642,1.0,1.0,0.85
205,,0.208,0.1,0.608,0.7,0.492,0.85,0.85,0.7
206,,0.058,-0.05,0.458,0.55,0.342,0.7,0.7,0.55
207,2,0.379,0.95,0.779,0.8,0.521,0.85,0.879,0.8
208,2,0.7,1.0,1.0,1.0,0.7,1.0,1.0,1.0
209,,0.55,0.85,0.85,0.85,0.55,0.85,0.85,0.85
210,,0.4,0.7,0.7,0.7,0.4,0.7,0.7,0.7
211,,0.25,0.55,0.55,0.55,0.25,0.55,0.55,0.55
212,,0.1,0.4,0.4,0.4,0.1,0.4,0.4,0.4
213,,-0.05,0.25,0.25,0.25,-0.05,0.25,0.25,0.25
214,5,0.1,0.429,0.5,0.571,0.95,0.571,0.5,0.429
215,5,0.25,0.608,0.75,0.892,1.0,0.892,0.75,0.608
216,,0.1,0.458,0.6,0.742,0.85,0.742,0.6,0.458
217,,-0.05,0.308,0.45,0.592,0.7,0.592,0.45,0.308
218,1,0.95,0.629,0.7,0.771,0.85,0.771,0.7,0.629
219,1,1.0,0.95,0.95,0.95,1.0,0.95,0.95,0.95
220,,0.85,0.8,0.8,0.8,0.85,0.8,0.8,0.8
221,,0.7,0.65,0.65,0.65,0.7,0.65,0.65,0.65
222,,0.55,0.5,0.5,0.5,0.55,0.5,0.5,0.5
223,,0.4,0.35,0.35,0.35,0.4,0.35,0.35,0.35
224,,0.25,0.2,0.2,0.2,0.25,0.2,0.2,0.2
225,,0.1,0.05,0.05,0.05,0.1,0.05,0.05,0.05
226,,-0.05,-0.1,-0.1,-0.1,-0.05,-0.1,-0.1,-0.1
227,7,0.2,0.079,0.05,0.079,0.2,0.221,0.9,0.221
228,7,0.45,0.258,0.2,0.258,0.45,0.542,1.0,0.542
229,,0.3,0.108,0.05,0.108,0.3,0.392,0.85,0.392
230,,0.15,-0.042,-0.1,-0.042,0.15,0.242,0.7,0.242
231,3,0.4,0.279,0.9,0.279,0.4,0.421,0.85,0.421
232,3,0.65,0.6,1.0,0.6,0.65,0.6,1.0,0.6
233,,0.5,0.45,0.85,0.45,0.5,0.45,0.85,0.45
234,,0.35,0.3,0.7,0.3,0.35,0.3,0.7,0.3
235,,0.2,0.15,0.55,0.15,0.2,0.15,0.55,0.15
236,,0.05,0.0,0.4,0.0,0.05,0.0,0.4,0.0
237,,-0.1,-0.15,0.25,-0.15,-0.1,-0.15,0.25,-0.15
238,8,0.221,0.1,0.429,0.0,0.079,0.1,0.571,0.85
239,8,0.542,0.35,0.608,0.15,0.258,0.35,0.892,1.0
240,,0.392,0.2,0.458,0.0,0.108,0.2,0.742,0.85
241,,0.242,0.05,0.308,-0.15,-0.042,0.05,0.592,0.7
242,4,0.421,0.3,0.629,0.85,0.279,0.3,0.771,0.85
243,4,0.6,0.55,0.95,1.0,0.6,0.55,0.95,1.0
244,,0.45,0.4,0.8,0.85,0.45,0.4,0.8,0.85
245,,0.3,0.25,0.65,0.7,0.3,0.25,0.65,0.7
246,,0.15,0.1,0.5,0.55,0.15,0.1,0.5,0.55
247,,0.0,-0.05,0.35,0.4,0.0,-0.05,0.35,0.4
248,6,0.179,0.1,0.529,0.65,0.321,0.95,0.671,0.65
249,6,0.358,0.25,0.708,0.9,0.642,1.0,0.992,0.9
250,,0.208,0.1,0.558,0.75,0.492,0.85,0.842,0.75
251,,0.058,-0.05,0.408,0.6,0.342,0.7,0.692,0.6
252,2,0.379,0.95,0.729,0.85,0.521,0.85,0.871,0.85
253,2,0.7,1.0,1.0,1.0,0.7,1.0,1.0,1.0
254,,0.55,0.85,0.85,0.85,0.55,0.85,0.85,0.85
255,,0.4,0.7,0.7,0.7,0.4,0.7,0.7,0.7
256,,0.25,0.55,0.55,0.55,0.25,0.55,0.55,0.55
257,,0.1,0.4,0.4,0.4,0.1,0.4,0.4,0.4
258,,-0.05,0.25,0.25,0.25,-0.05,0.25,0.25,0.25
259,5,0.1,0.429,0.5,0.571,0.95,0.571,0.5,0.429
260,5,0.25,0.608,0.75,0.892,1.0,0.892,0.75,0.608
261,,0.1,0.458,0.6,0.742,0.85,0.742,0.6,0.458
262,,-0.05,0.308,0.45,0.592,0.7,0.592,0.45,0.308
263,1,0.95,0.629,0.7,0.771,0.85,0.771,0.7,0.629
264,1,1.0,0.95,0.95,0.95,1.0,0.95,0.95,0.95
265,,0.85,0.8,0.8,0.8,0.85,0.8,0.8,0.8
266,,0.7,0.65,0.65,0.65,0.7,0.65,0.65,0.65
267,,0.55,0.5,0.5,0.5,0.55,0.5,0.5,0.5
268,,0.4,0.35,0.35,0.35,0.4,0.35,0.35,0.35
269,,0.25,0.2,0.2,0.2,0.25,0.2,0.2,0.2
270,,0.1,0.05,0.05,0.05,0.1,0.05,0.05,0.05
271,,-0.05,-0.1,-0.1,-0.1,-0.05,-0.1,-0.1,-0.1
272,3,0.2,0.221,0.9,0.221,0.2,0.079,0.05,0.079
273,3,0.45,0.542,1.0,0.542,0.45,0.258,0.2,0.258
274,,0.3,0.392,0.85,0.392,0.3,0.108,0.05,0.108
275,,0.15,0.242,0.7,0.242,0.15,-0.042,-0.1,-0.042
276,7,0.4,0.421,0.85,0.421,0.4,0.279,0.9,0.279
277,7,0.65,0.6,1.0,0.6,0.65,0.6,1.0,0.6
278,,0.5,0.45,0.85,0.45,0.5,0.45,0.85,0.45
279,,0.35,0.3,0.7,0.3,0.35,0.3,0.7,0.3
280,,0.2,0.15,0.55,0.15,0.2,0.15,0.55,0.15
281,,0.05,0.0,0.4,0.0,0.05,0.0,0.4,0.0
282,,-0.1,-0.15,0.25,-0.15,-0.1,-0.15,0.25,-0.15
283,8,0.221,0.1,0.429,0.0,0.079,0.1,0.571,0.85
284,8,0.542,0.35,0.608,0.15,0.258,0.35,0.892,1.0
285,,0.392,0.2,0.458,0.0,0.108,0.2,0.742,0.85
286,,0.242,0.05,0.308,-0.15,-0.042,0.05,0.592,0.7
287,4,0.421,0.3,0.629,0.85,0.279,0.3,0.771,0.85
288,4,0.6,0.55,0.95,1.0,0.6,0.55,0.95,1.0
289,,0.45,0.4,0.8,0.85,0.45,0.4,0.8,0.85
290,,0.3,0.25,0.65,0.7,0.3,0.25,0.65,0.7
291,,0.15,0.1,0.5,0.55,0.15,0.1,0.5,0.55
292,,0.0,-0.05,0.35,0.4,0.0,-0.05,0.35,0.4
293,2,0.321,0.95,0.671,0.65,0.179,0.1,0.529,0.65
294,2,0.642,1.0,0.992,0.9,0.358,0.25,0.708,0.9
295,,0.492,0.85,0.842,0.75,0.208,0.1,0.558,0.75
296,,0.342,0.7,0.692,0.6,0.058,-0.05,0.408,0.6
297,6,0.521,0.85,0.871,0.85,0.379,0.95,0.729,0.85
298,6,0.7,1.0,1.0,1.0,0.7,1.0,1.0,1.0
299,,0.55,0.85,0.85,0.85,0.55,0.85,0.85,0.85
300,,0.4,0.7,0.7,0.7,0.4,0.7,0.7,0.7
301,,0.25,0.55,0.55,0.55,0.25,0.55,0.55,0.55
302,,0.1,0.4,0.4,0.4,0.1,0.4,0.4,0.4
303,,-0.05,0.25,0.25,0.25,-0.05,0.25,0.25,0.25
304,1,0.95,0.571,0.5,0.429,0.1,0.429,0.5,0.571
305,1,1.0,0.892,0.75,0.608,0.25,0.608,0.75,0.892
306,,0.85,0.742,0.6,0.458,0.1,0.458,0.6,0.742
307,,0.7,0.592,0.45,0.308,-0.05,0.308,0.45,0.592
308,5,0.85,0.771,0.7,0.629,0.95,0.629,0.7,0.771
309,5,1.0,0.95,0.95,0.95,1.0,0.95,0.95,0.95
310,,0.85,0.8,0.8,0.8,0.85,0.8,0.8,0.8
311,,0.7,0.65,0.65,0.65,0.7,0.65,0.65,0.65
312,,0.55,0.5,0.5,0.5,0.55,0.5,0.5,0.5
313,,0.4,0.35,0.35,0.35,0.4,0.35,0.35,0.35
314,,0.25,0.2,0.2,0.2,0.25,0.2,0.2,0.2
315,,0.1,0.05,0.05,0.05,0.1,0.05,0.05,0.05
316,,-0.05,-0.1,-0.1,-0.1,-0.05,-0.1,-0.1,-0.1
317,6,0.129,0.05,0.079,0.15,0.271,0.9,0.221,0.15
318,6,0.308,0.2,0.258,0.4,0.592,1.0,0.542,0.4
319,,0.158,0.05,0.108,0.25,0.442,0.85,0.392,0.25
320,,0.008,-0.1,-0.042,0.1,0.292,0.7,0.242,0.1
321,2,0.329,0.9,0.279,0.35,0.471,0.85,0.421,0.35
322,2,0.65,1.0,0.6,0.6,0.65,1.0,0.6,0.6
323,,0.5,0.85,0.45,0.45,0.5,0.85,0.45,0.45
324,,0.35,0.7,0.3,0.3,0.35,0.7,0.3,0.3
325,,0.2,0.55,0.15,0.15,0.2,0.55,0.15,0.15
326,,0.05,0.4,0.0,0.0,0.05,0.4,0.0,0.0
327,,-0.1,0.25,-0.15,-0.15,-0.1,0.25,-0.15,-0.15
328,3,0.15,0.571,0.85,0.171,0.15,0.429,0.0,0.029
329,3,0.4,0.892,1.0,0.492,0.4,0.608,0.15,0.208
330,,0.25,0.742,0.85,0.342,0.25,0.458,0.0,0.058
331,,0.1,0.592,0.7,0.192,0.1,0.308,-0.15,-0.092
332,7,0.35,0.771,0.85,0.371,0.35,0.629,0.85,0.229
333,7,0.6,0.95,1.0,0.55,0.6,0.95,1.0,0.55
334,,0.45,0.8,0.85,0.4,0.45,0.8,0.85,0.4
335,,0.3,0.65,0.7,0.25,0.3,0.65,0.7,0.25
336,,0.15,0.5,0.55,0.1,0.15,0.5,0.55,0.1
337,,0.0,0.35,0.4,-0.05,0.0,0.35,0.4,-0.05
338,8,0.321,0.6,0.579,0.1,0.179,0.6,0.721,0.95
339,8,0.642,0.85,0.758,0.25,0.358,0.85,1.0,1.0
340,,0.492,0.7,0.608,0.1,0.208,0.7,0.85,0.85
341,,0.342,0.55,0.458,-0.05,0.058,0.55,0.7,0.7
342,4,0.521,0.8,0.779,0.95,0.379,0.8,0.879,0.85
343,4,0.7,1.0,1.0,1.0,0.7,1.0,1.0,1.0
344,,0.55,0.85,0.85,0.85,0.55,0.85,0.85,0.85
345,,0.4,0.7,0.7,0.7,0.4,0.7,0.7,0.7
346,,0.25,0.55,0.55,0.55,0.25,0.55,0.55,0.55
347,,0.1,0.4,0.4,0.4,0.1,0.4,0.4,0.4
348,,-0.05,0.25,0.25,0.25,-0.05,0.25,0.25,0.25
349,5,0.1,0.429,0.5,0.571,0.95,0.571,0.5,0.429
350,5,0.25,0.608,0.75,0.892,1.0,0.892,0.75,0.608
351,,0.1,0.458,0.6,0.742,0.85,0.742,0.6,0.458
352,,-0.05,0.308,0.45,0.592,0.7,0.592,0.45,0.308
353,1,0.95,0.629,0.7,0.771,0.85,0.771,0.7,0.629
354,1,1.0,0.95,0.95,0.95,1.0,0.95,0.95,0.95
355,,0.85,0.8,0.8,0.8,0.85,0.8,0.8,0.8
356,,0.7,0.65,0.65,0.65,0.7,0.65,0.65,0.65
357,,0.55,0.5,0.5,0.5,0.55,0.5,0.5,0.5
358,,0.4,0.35,0.35,0.35,0.4,0.35,0.35,0.35
359,,0.25,0.2,0.2,0.2,0.25,0.2,0.2,0.2
360,,0.1,0.05,0.05,0.05,0.1,0.05,0.05,0.05
361,,-0.05,-0.1,-0.1,-0.1,-0.05,-0.1,-0.1,-0.1
362,7,0.2,0.079,0.05,0.079,0.2,0.221,0.9,0.221
363,7,0.45,0.258,0.2,0.258,0.45,0.542,1.0,0.542
364,,0.3,0.108,0.05,0.108,0.3,0.392,0.85,0.392
365,,0.15,-0.042,-0.1,-0.042,0.15,0.242,0.7,0.242
366,3,0.4,0.279,0.9,0.279,0.4,0.421,0.85,0.421
367,3,0.65,0.6,1.0,0.6,0.65,0.6,1.0,0.6
368,,0.5,0.45,0.85,0.45,0.5,0.45,0.85,0.45
369,,0.35,0.3,0.7,0.3,0.35,0.3,0.7,0.3
370,,0.2,0.15,0.55,0.15,0.2,0.15,0.55,0.15
371,,0.05,0.0,0.4,0.0,0.05,0.0,0.4,0.0
372,,-0.1,-0.15,0.25,-0.15,-0.1,-0.15,0.25,-0.15
373,6,0.079,0.0,0.429,0.1,0.221,0.85,0.571,0.1
374,6,0.258,0.15,0.608,0.35,0.542,1.0,0.892,0.35
375,,0.108,0.0,0.458,0.2,0.392,0.85,0.742,0.2
376,,-0.042,-0.15,0.308,0.05,0.242,0.7,0.592,0.05
377,2,0.279,0.85,0.629,0.3,0.421,0.85,0.771,0.3
378,2,0.6,1.0,0.95,0.55,0.6,1.0,0.95,0.55
379,,0.45,0.85,0.8,0.4,0.45,0.85,0.8,0.4
380,,0.3,0.7,0.65,0.25,0.3,0.7,0.65,0.25
381,,0.15,0.55,0.5,0.1,0.15,0.55,0.5,0.1
382,,0.0,0.4,0.35,-0.05,0.0,0.4,0.35,-0.05
383,8,0.321,0.65,0.529,0.1,0.179,0.65,0.671,0.95
384,8,0.642,0.9,0.708,0.25,0.358,0.9,0.992,1.0
385,,0.492,0.75,0.558,0.1,0.208,0.75,0.842,0.85
386,,0.342,0.6,0.408,-0.05,0.058,0.6,0.692,0.7
387,4,0.521,0.85,0.729,0.95,0.379,0.85,0.871,0.85
388,4,0.7,1.0,1.0,1.0,0.7,1.0,1.0,1.0
389,,0.55,0.85,0.85,0.85,0.55,0.85,0.85,0.85
390,,0.4,0.7,0.7,0.7,0.4,0.7,0.7,0.7
391,,0.25,0.55,0.55,0.55,0.25,0.55,0.55,0.55
392,,0.1,0.4,0.4,0.4,0.1,0.4,0.4,0.4
393,,-0.05,0.25,0.25,0.25,-0.05,0.25,0.25,0.25
394,5,0.1,0.429,0.5,0.571,0.95,0.571,0.5,0.429
395,5,0.25,0.608,0.75,0.892,1.0,0.892,0.75,0.608
396,,0.1,0.458,0.6,0.742,0.85,0.742,0.6,0.458
397,,-0.05,0.308,0.45,0.592,0.7,0.592,0.45,0.308
398,1,0.95,0.629,0.7,0.771,0.85,0.771,0.7,0.629
399,1,1.0,0.95,0.95,0.95,1.0,0.95,0.95,0.95
400,,0.85,0.8,0.8,0.8,0.85,0.8,0.8,0.8
401,,0.7,0.65,0.65,0.65,0.7,0.65,0.65,0.65
402,,0.55,0.5,0.5,0.5,0.55,0.5,0.5,0.5
403,,0.4,0.35,0.35,0.35,0.4,0.35,0.35,0.35
404,,0.25,0.2,0.2,0.2,0.25,0.2,0.2,0.2
405,,0.1,0.05,0.05,0.05,0.1,0.05,0.05,0.05
406,,-0.05,-0.1,-0.1,-0.1,-0.05,-0.1,-0.1,-0.1
407,8,0.271,0.15,0.079,0.05,0.129,0.15,0.221,0.9
408,8,0.592,0.4,0.258,0.2,0.308,0.4,0.542,1.0
409,,0.442,0.25,0.108,0.05,0.158,0.25,0.392,0.85
410,,0.292,0.1,-0.042,-0.1,0.008,0.1,0.242,0.7
411,4,0.471,0.35,0.279,0.9,0.329,0.35,0.421,0.85
412,4,0.65,0.6,0.6,1.0,0.65,0.6,0.6,1.0
413,,0.5,0.45,0.45,0.85,0.5,0.45,0.45,0.85
414,,0.35,0.3,0.3,0.7,0.35,0.3,0.3,0.7
415,,0.2,0.15,0.15,0.55,0.2,0.15,0.15,0.55
416,,0.05,0.0,0.0,0.4,0.05,0.0,0.0,0.4
417,,-0.1,-0.15,-0.15,0.25,-0.1,-0.15,-0.15,0.25
418,2,0.221,0.85,0.171,0.5,0.079,0.0,0.029,0.5
419,2,0.542,1.0,0.492,0.75,0.258,0.15,0.208,0.75
420,,0.392,0.85,0.342,0.6,0.108,0.0,0.058,0.6
421,,0.242,0.7,0.192,0.45,-0.042,-0.15,-0.092,0.45
422,6,0.421,0.85,0.371,0.7,0.279,0.85,0.229,0.7
423,6,0.6,1.0,0.55,0.95,0.6,1.0,0.55,0.95
424,,0.45,0.85,0.4,0.8,0.45,0.85,0.4,0.8
425,,0.3,0.7,0.25,0.65,0.3,0.7,0.25,0.65
426,,0.15,0.55,0.1,0.5,0.15,0.55,0.1,0.5
427,,0.0,0.4,-0.05,0.35,0.0,0.4,-0.05,0.35
428,7,0.25,0.579,0.1,0.529,0.25,0.721,0.95,0.671
429,7,0.5,0.758,0.25,0.708,0.5,1.0,1.0,0.992
430,,0.35,0.608,0.1,0.558,0.35,0.85,0.85,0.842
431,,0.2,0.458,-0.05,0.408,0.2,0.7,0.7,0.692
432,3,0.45,0.779,0.95,0.729,0.45,0.879,0.85,0.871
433,3,0.7,1.0,1.0,1.0,0.7,1.0,1.0,1.0
434,,0.55,0.85,0.85,0.85,0.55,0.85,0.85,0.85
435,,0.4,0.7,0.7,0.7,0.4,0.7,0.7,0.7
436,,0.25,0.55,0.55,0.55,0.25,0.55,0.55,0.55
437,,0.1,0.4,0.4,0.4,0.1,0.4,0.4,0.4
438,,-0.05,0.25,0.25,0.25,-0.05,0.25,0.25,0.25
439,5,0.1,0.429,0.5,0.571,0.95,0.571,0.5,0.429
440,5,0.25,0.608,0.75,0.892,1.0,0.892,0.75,0.608
441,,0.1,0.458,0.6,0.742,0.85,0.742,0.6,0.458
442,,-0.05,0.308,0.45,0.592,0.7,0.592,0.45,0.308
443,1,0.95,0.629,0.7,0.771,0.85,0.771,0.7,0.629
444,1,1.0,0.95,0.95,0.95,1.0,0.95,0.95,0.95
445,,0.85,0.8,0.8,0.8,0.85,0.8,0.8,0.8
446,,0.7,0.65,0.65,0.65,0.7,0.65,0.65,0.65
447,,0.55,0.5,0.5,0.5,0.55,0.5,0.5,0.5
448,,0.4,0.35,0.35,0.35,0.4,0.35,0.35,0.35
449,,0.25,0.2,0.2,0.2,0.25,0.2,0.2,0.2
450,,0.1,0.05,0.05,0.05,0.1,0.05,0.05,0.05
451,,-0.05,-0.1,-0.1,-0.1,-0.05,-0.1,-0.1,-0.1
452,6,0.129,0.05,0.079,0.15,0.271,0.9,0.221,0.15
453,6,0.308,0.2,0.258,0.4,0.592,1.0,0.542,0.4
454,,0.158,0.05,0.108,0.25,0.442,0.85,0.392,0.25
455,,0.008,-0.1,-0.042,0.1,0.292,0.7,0.242,0.1
456,2,0.329,0.9,0.279,0.35,0.471,0.85,0.421,0.35
457,2,0.65,1.0,0.6,0.6,0.65,1.0,0.6,0.6
458,,0.5,0.85,0.45,0.45,0.5,0.85,0.45,0.45
459,,0.35,0.7,0.3,0.3,0.35,0.7,0.3,0.3
460,,0.2,0.55,0.15,0.15,0.2,0.55,0.15,0.15
461,,0.05,0.4,0.0,0.0,0.05,0.4,0.0,0.0
462,,-0.1,0.25,-0.15,-0.15,-0.1,0.25,-0.15,-0.15
463,7,0.15,0.429,0.0,0.029,0.15,0.571,0.85,0.171
464,7,0.4,0.608,0.15,0.208,0.4,0.892,1.0,0.492
465,,0.25,0.458,0.0,0.058,0.25,0.742,0.85,0.342
466,,0.1,0.308,-0.15,-0.092,0.1,0.592,0.7,0.192
467,3,0.35,0.629,0.85,0.229,0.35,0.771,0.85,0.371
468,3,0.6,0.95,1.0,0.55,0.6,0.95,1.0,0.55
469,,0.45,0.8,0.85,0.4,0.45,0.8,0.85,0.4
470,,0.3,0.65,0.7,0.25,0.3,0.65,0.7,0.25
471,,0.15,0.5,0.55,0.1,0.15,0.5,0.55,0.1
472,,0.0,0.35,0.4,-0.05,0.0,0.35,0.4,-0.05
473,8,0.321,0.6,0.579,0.1,0.179,0.6,0.721,0.95
474,8,0.642,0.85,0.758,0.25,0.358,0.85,1.0,1.0
475,,0.492,0.7,0.608,0.1,0.208,0.7,0.85,0.85
476,,0.342,0.55,0.458,-0.05,0.058,0.55,0.7,0.7
477,4,0.521,0.8,0.779,0.95,0.379,0.8,0.879,0.85
478,4,0.7,1.0,1.0,1.0,0.7,1.0,1.0,1.0
479,,0.55,0.85,0.85,0.85,0.55,0.85,0.85,0.85
480,,0.4,0.7,0.7,0.7,0.4,0.7,0.7,0.7
481,,0.25,0.55,0.55,0.55,0.25,0.55,0.55,0.55
482,,0.1,0.4,0.4,0.4,0.1,0.4,0.4,0.4
483,,-0.05,0.25,0.25,0.25,-0.05,0.25,0.25,0.25
484,5,0.1,0.429,0.5,0.571,0.95,0.571,0.5,0.429
485,5,0.25,0.608,0.75,0.892,1.0,0.892,0.75,0.608
486,,0.1,0.458,0.6,0.742,0.85,0.742,0.6,0.458
487,,-0.05,0.308,0.45,0.592,0.7,0.592,0.45,0.308
488,1,0.95,0.629,0.7,0.771,0.85,0.771,0.7,0.629
489,1,1.0,0.95,0.95,0.95,1.0,0.95,0.95,0.95
490,,0.85,0.8,0.8,0.8,0.85,0.8,0.8,0.8
491,,0.7,0.65,0.65,0.65,0.7,0.65,0.65,0.65
492,,0.55,0.5,0.5,0.5,0.55,0.5,0.5,0.5
493,,0.4,0.35,0.35,0.35,0.4,0.35,0.35,0.35
494,,0.25,0.2,0.2,0.2,0.25,0.2,0.2,0.2
495,,0.1,0.05,0.05,0.05,0.1,0.05,0.05,0.05
496,,-0.05,-0.1,-0.1,-0.1,-0.05,-0.1,-0.1,-0.1
497,4,0.129,0.15,0.221,0.9,0.271,0.15,0.079,0.05
498,4,0.308,0.4,0.542,1.0,0.592,0.4,0.258,0.2
499,,0.158,0.25,0.392,0.85,0.442,0.25,0.108,0.05
