step,active_motive,motive_1,motive_2,motive_3,motive_4,motive_5,motive_6,motive_7,motive_8
0,,0.08265,0.032,0.08955,0.03892,0.00108,0.09054,0.00913,0.03193
1,,-0.06735,-0.118,-0.06045,-0.11108,-0.14892,-0.05946,-0.14087,-0.11807
2,5,0.08265,0.061,0.18955,0.20992,0.85108,0.26154,0.10913,0.06093
3,5,0.23265,0.24,0.43955,0.53092,1.0,0.58254,0.35913,0.23993
4,,0.08265,0.09,0.28955,0.38092,0.85,0.43254,0.20913,0.08993
5,,-0.06735,-0.06,0.13955,0.23092,0.7,0.28254,0.05913,-0.06007
6,1,0.93265,0.261,0.38955,0.40992,0.85,0.46154,0.30913,0.26093
7,1,1.0,0.582,0.63955,0.58892,1.0,0.64054,0.55913,0.58193
8,,0.85,0.432,0.48955,0.43892,0.85,0.49054,0.40913,0.43193
9,,0.7,0.282,0.33955,0.28892,0.7,0.34054,0.25913,0.28193
10,,0.55,0.132,0.18955,0.13892,0.55,0.19054,0.10913,0.13193
11,,0.4,-0.018,0.03955,-0.01108,0.4,0.04054,-0.04087,-0.01807
12,7,0.65,0.161,0.18955,0.16792,0.65,0.36154,0.95913,0.30293
13,7,0.9,0.34,0.33955,0.34692,0.9,0.68254,1.0,0.62393
14,,0.75,0.19,0.18955,0.19692,0.75,0.53254,0.85,0.47393
15,,0.6,0.04,0.03955,0.04692,0.6,0.38254,0.7,0.32393
16,,0.45,-0.11,-0.11045,-0.10308,0.45,0.23254,0.55,0.17393
17,3,0.7,0.211,0.88955,0.21792,0.7,0.41154,0.7,0.35293
18,3,0.95,0.532,1.0,0.53892,0.95,0.59054,0.85,0.53193
19,,0.8,0.382,0.85,0.38892,0.8,0.44054,0.7,0.38193
20,,0.65,0.232,0.7,0.23892,0.65,0.29054,0.55,0.23193
21,,0.5,0.082,0.55,0.08892,0.5,0.14054,0.4,0.08193
22,,0.35,-0.068,0.4,-0.06108,0.35,-0.00946,0.25,-0.06807
23,8,0.671,0.182,0.579,0.08892,0.529,0.24054,0.571,0.93193
24,8,0.992,0.432,0.758,0.23892,0.708,0.49054,0.892,1.0
25,,0.842,0.282,0.608,0.08892,0.558,0.34054,0.742,0.85
26,,0.692,0.132,0.458,-0.06108,0.408,0.19054,0.592,0.7
27,4,0.871,0.382,0.779,0.93892,0.729,0.44054,0.771,0.85
28,4,1.0,0.632,1.0,1.0,1.0,0.69054,0.95,1.0
29,,0.85,0.482,0.85,0.85,0.85,0.54054,0.8,0.85
30,,0.7,0.332,0.7,0.7,0.7,0.39054,0.65,0.7
31,,0.55,0.182,0.55,0.55,0.55,0.24054,0.5,0.55
32,,0.4,0.032,0.4,0.4,0.4,0.09054,0.35,0.4
33,,0.25,-0.118,0.25,0.25,0.25,-0.05946,0.2,0.25
34,2,0.571,0.882,0.571,0.5,0.429,0.09054,0.379,0.5
35,2,0.892,1.0,0.892,0.75,0.608,0.24054,0.558,0.75
36,,0.742,0.85,0.742,0.6,0.458,0.09054,0.408,0.6
37,,0.592,0.7,0.592,0.45,0.308,-0.05946,0.258,0.45
38,6,0.771,0.85,0.771,0.7,0.629,0.94054,0.579,0.7
39,6,0.95,1.0,0.95,0.95,0.95,1.0,0.9,0.95
40,,0.8,0.85,0.8,0.8,0.8,0.85,0.75,0.8
41,,0.65,0.7,0.65,0.65,0.65,0.7,0.6,0.65
42,,0.5,0.55,0.5,0.5,0.5,0.55,0.45,0.5
43,,0.35,0.4,0.35,0.35,0.35,0.4,0.3,0.35
44,,0.2,0.25,0.2,0.2,0.2,0.25,0.15,0.2
45,,0.05,0.1,0.05,0.05,0.05,0.1,0.0,0.05
46,,-0.1,-0.05,-0.1,-0.1,-0.1,-0.05,-0.15,-0.1
47,7,0.15,0.129,0.05,0.079,0.15,0.271,0.85,0.221
48,7,0.4,0.308,0.2,0.258,0.4,0.592,1.0,0.542
49,,0.25,0.158,0.05,0.108,0.25,0.442,0.85,0.392
50,,0.1,0.008,-0.1,-0.042,0.1,0.292,0.7,0.242
51,3,0.35,0.329,0.9,0.279,0.35,0.471,0.85,0.421
52,3,0.6,0.65,1.0,0.6,0.6,0.65,1.0,0.6
53,,0.45,0.5,0.85,0.45,0.45,0.5,0.85,0.45
54,,0.3,0.35,0.7,0.3,0.3,0.35,0.7,0.3
55,,0.15,0.2,0.55,0.15,0.15,0.2,0.55,0.15
56,,0.0,0.05,0.4,0.0,0.0,0.05,0.4,0.0
57,,-0.15,-0.1,0.25,-0.15,-0.15,-0.1,0.25,-0.15
58,4,0.029,0.15,0.571,0.85,0.171,0.15,0.429,0.0
59,4,0.208,0.4,0.892,1.0,0.492,0.4,0.608,0.15
60,,0.058,0.25,0.742,0.85,0.342,0.25,0.458,0.0
61,,-0.092,0.1,0.592,0.7,0.192,0.1,0.308,-0.15
62,8,0.229,0.35,0.771,0.85,0.371,0.35,0.629,0.85
63,8,0.55,0.6,0.95,1.0,0.55,0.6,0.95,1.0
64,,0.4,0.45,0.8,0.85,0.4,0.45,0.8,0.85
65,,0.25,0.3,0.65,0.7,0.25,0.3,0.65,0.7
66,,0.1,0.15,0.5,0.55,0.1,0.15,0.5,0.55
67,,-0.05,0.0,0.35,0.4,-0.05,0.0,0.35,0.4
68,1,0.95,0.321,0.6,0.579,0.1,0.179,0.6,0.721
69,1,1.0,0.642,0.85,0.758,0.25,0.358,0.85,1.0
70,,0.85,0.492,0.7,0.608,0.1,0.208,0.7,0.85
71,,0.7,0.342,0.55,0.458,-0.05,0.058,0.55,0.7
72,5,0.85,0.521,0.8,0.779,0.95,0.379,0.8,0.879
73,5,1.0,0.7,1.0,1.0,1.0,0.7,1.0,1.0
74,,0.85,0.55,0.85,0.85,0.85,0.55,0.85,0.85
75,,0.7,0.4,0.7,0.7,0.7,0.4,0.7,0.7
76,,0.55,0.25,0.55,0.55,0.55,0.25,0.55,0.55
77,,0.4,0.1,0.4,0.4,0.4,0.1,0.4,0.4
78,,0.25,-0.05,0.25,0.25,0.25,-0.05,0.25,0.25
79,6,0.429,0.1,0.429,0.5,0.571,0.95,0.571,0.5
80,6,0.608,0.25,0.608,0.75,0.892,1.0,0.892,0.75
81,,0.458,0.1,0.458,0.6,0.742,0.85,0.742,0.6
82,,0.308,-0.05,0.308,0.45,0.592,0.7,0.592,0.45
83,2,0.629,0.95,0.629,0.7,0.771,0.85,0.771,0.7
84,2,0.95,1.0,0.95,0.95,0.95,1.0,0.95,0.95
85,,0.8,0.85,0.8,0.8,0.8,0.85,0.8,0.8
86,,0.65,0.7,0.65,0.65,0.65,0.7,0.65,0.65
87,,0.5,0.55,0.5,0.5,0.5,0.55,0.5,0.5
88,,0.35,0.4,0.35,0.35,0.35,0.4,0.35,0.35
89,,0.2,0.25,0.2,0.2,0.2,0.25,0.2,0.2
90,,0.05,0.1,0.05,0.05,0.05,0.1,0.05,0.05
91,,-0.1,-0.05,-0.1,-0.1,-0.1,-0.05,-0.1,-0.1
92,5,0.05,0.129,0.15,0.221,0.9,0.271,0.15,0.079
93,5,0.2,0.308,0.4,0.542,1.0,0.592,0.4,0.258
94,,0.05,0.158,0.25,0.392,0.85,0.442,0.25,0.108
95,,-0.1,0.008,0.1,0.242,0.7,0.292,0.1,-0.042
96,1,0.9,0.329,0.35,0.421,0.85,0.471,0.35,0.279
97,1,1.0,0.65,0.6,0.6,1.0,0.65,0.6,0.6
98,,0.85,0.5,0.45,0.45,0.85,0.5,0.45,0.45
99,,0.7,0.35,0.3,0.3,0.7,0.35,0.3,0.3
100,,0.55,0.2,0.15,0.15,0.55,0.2,0.15,0.15
101,,0.4,0.05,0.0,0.0,0.4,0.05,0.0,0.0
102,,0.25,-0.1,-0.15,-0.15,0.25,-0.1,-0.15,-0.15
103,7,0.5,0.079,0.0,0.029,0.5,0.221,0.85,0.171
104,7,0.75,0.258,0.15,0.208,0.75,0.542,1.0,0.492
105,,0.6,0.108,0.0,0.058,0.6,0.392,0.85,0.342
106,,0.45,-0.042,-0.15,-0.092,0.45,0.242,0.7,0.192
107,3,0.7,0.279,0.85,0.229,0.7,0.421,0.85,0.371
108,3,0.95,0.6,1.0,0.55,0.95,0.6,1.0,0.55
109,,0.8,0.45,0.85,0.4,0.8,0.45,0.85,0.4
110,,0.65,0.3,0.7,0.25,0.65,0.3,0.7,0.25
111,,0.5,0.15,0.55,0.1,0.5,0.15,0.55,0.1
112,,0.35,0.0,0.4,-0.05,0.35,0.0,0.4,-0.05
113,8,0.671,0.25,0.579,0.1,0.529,0.25,0.721,0.95
114,8,0.992,0.5,0.758,0.25,0.708,0.5,1.0,1.0
115,,0.842,0.35,0.608,0.1,0.558,0.35,0.85,0.85
116,,0.692,0.2,0.458,-0.05,0.408,0.2,0.7,0.7
117,4,0.871,0.45,0.779,0.95,0.729,0.45,0.879,0.85
118,4,1.0,0.7,1.0,1.0,1.0,0.7,1.0,1.0
119,,0.85,0.55,0.85,0.85,0.85,0.55,0.85,0.85
120,,0.7,0.4,0.7,0.7,0.7,0.4,0.7,0.7
121,,0.55,0.25,0.55,0.55,0.55,0.25,0.55,0.55
122,,0.4,0.1,0.4,0.4,0.4,0.1,0.4,0.4
123,,0.25,-0.05,0.25,0.25,0.25,-0.05,0.25,0.25
124,2,0.571,0.95,0.571,0.5,0.429,0.1,0.429,0.5
125,2,0.892,1.0,0.892,0.75,0.608,0.25,0.608,0.75
126,,0.742,0.85,0.742,0.6,0.458,0.1,0.458,0.6
127,,0.592,0.7,0.592,0.45,0.308,-0.05,0.308,0.45
128,6,0.771,0.85,0.771,0.7,0.629,0.95,0.629,0.7
129,6,0.95,1.0,0.95,0.95,0.95,1.0,0.95,0.95
130,,0.8,0.85,0.8,0.8,0.8,0.85,0.8,0.8
131,,0.65,0.7,0.65,0.65,0.65,0.7,0.65,0.65
132,,0.5,0.55,0.5,0.5,0.5,0.55,0.5,0.5
133,,0.35,0.4,0.35,0.35,0.35,0.4,0.35,0.35
134,,0.2,0.25,0.2,0.2,0.2,0.25,0.2,0.2
135,,0.05,0.1,0.05,0.05,0.05,0.1,0.05,0.05
136,,-0.1,-0.05,-0.1,-0.1,-0.1,-0.05,-0.1,-0.1
137,7,0.15,0.129,0.05,0.079,0.15,0.271,0.9,0.221
138,7,0.4,0.308,0.2,0.258,0.4,0.592,1.0,0.542
139,,0.25,0.158,0.05,0.108,0.25,0.442,0.85,0.392
140,,0.1,0.008,-0.1,-0.042,0.1,0.292,0.7,0.242
141,3,0.35,0.329,0.9,0.279,0.35,0.471,0.85,0.421
142,3,0.6,0.65,1.0,0.6,0.6,0.65,1.0,0.6
143,,0.45,0.5,0.85,0.45,0.45,0.5,0.85,0.45
144,,0.3,0.35,0.7,0.3,0.3,0.35,0.7,0.3
145,,0.15,0.2,0.55,0.15,0.15,0.2,0.55,0.15
146,,0.0,0.05,0.4,0.0,0.0,0.05,0.4,0.0
147,,-0.15,-0.1,0.25,-0.15,-0.15,-0.1,0.25,-0.15
148,1,0.85,0.221,0.5,0.029,0.0,0.079,0.5,0.171
149,1,1.0,0.542,0.75,0.208,0.15,0.258,0.75,0.492
150,,0.85,0.392,0.6,0.058,0.0,0.108,0.6,0.342
151,,0.7,0.242,0.45,-0.092,-0.15,-0.042,0.45,0.192
152,5,0.85,0.421,0.7,0.229,0.85,0.279,0.7,0.371
153,5,1.0,0.6,0.95,0.55,1.0,0.6,0.95,0.55
154,,0.85,0.45,0.8,0.4,0.85,0.45,0.8,0.4
155,,0.7,0.3,0.65,0.25,0.7,0.3,0.65,0.25
156,,0.55,0.15,0.5,0.1,0.55,0.15,0.5,0.1
157,,0.4,0.0,0.35,-0.05,0.4,0.0,0.35,-0.05
158,4,0.579,0.25,0.671,0.95,0.721,0.25,0.529,0.1
159,4,0.758,0.5,0.992,1.0,1.0,0.5,0.708,0.25
160,,0.608,0.35,0.842,0.85,0.85,0.35,0.558,0.1
161,,0.458,0.2,0.692,0.7,0.7,0.2,0.408,-0.05
162,8,0.779,0.45,0.871,0.85,0.879,0.45,0.729,0.95
163,8,1.0,0.7,1.0,1.0,1.0,0.7,1.0,1.0
164,,0.85,0.55,0.85,0.85,0.85,0.55,0.85,0.85
165,,0.7,0.4,0.7,0.7,0.7,0.4,0.7,0.7
166,,0.55,0.25,0.55,0.55,0.55,0.25,0.55,0.55
167,,0.4,0.1,0.4,0.4,0.4,0.1,0.4,0.4
168,,0.25,-0.05,0.25,0.25,0.25,-0.05,0.25,0.25
169,6,0.429,0.1,0.429,0.5,0.571,0.95,0.571,0.5
170,6,0.608,0.25,0.608,0.75,0.892,1.0,0.892,0.75
171,,0.458,0.1,0.458,0.6,0.742,0.85,0.742,0.6
172,,0.308,-0.05,0.308,0.45,0.592,0.7,0.592,0.45
173,2,0.629,0.95,0.629,0.7,0.771,0.85,0.771,0.7
174,2,0.95,1.0,0.95,0.95,0.95,1.0,0.95,0.95
175,,0.8,0.85,0.8,0.8,0.8,0.85,0.8,0.8
176,,0.65,0.7,0.65,0.65,0.65,0.7,0.65,0.65
177,,0.5,0.55,0.5,0.5,0.5,0.55,0.5,0.5
178,,0.35,0.4,0.35,0.35,0.35,0.4,0.35,0.35
179,,0.2,0.25,0.2,0.2,0.2,0.25,0.2,0.2
180,,0.05,0.1,0.05,0.05,0.05,0.1,0.05,0.05
181,,-0.1,-0.05,-0.1,-0.1,-0.1,-0.05,-0.1,-0.1
182,1,0.9,0.271,0.15,0.079,0.05,0.129,0.15,0.221
183,1,1.0,0.592,0.4,0.258,0.2,0.308,0.4,0.542
184,,0.85,0.442,0.25,0.108,0.05,0.158,0.25,0.392
185,,0.7,0.292,0.1,-0.042,-0.1,0.008,0.1,0.242
186,5,0.85,0.471,0.35,0.279,0.9,0.329,0.35,0.421
187,5,1.0,0.65,0.6,0.6,1.0,0.65,0.6,0.6
188,,0.85,0.5,0.45,0.45,0.85,0.5,0.45,0.45
189,,0.7,0.35,0.3,0.3,0.7,0.35,0.3,0.3
190,,0.55,0.2,0.15,0.15,0.55,0.2,0.15,0.15
191,,0.4,0.05,0.0,0.0,0.4,0.05,0.0,0.0
192,,0.25,-0.1,-0.15,-0.15,0.25,-0.1,-0.15,-0.15
193,8,0.571,0.15,0.029,0.0,0.429,0.15,0.171,0.85
194,8,0.892,0.4,0.208,0.15,0.608,0.4,0.492,1.0
195,,0.742,0.25,0.058,0.0,0.458,0.25,0.342,0.85
196,,0.592,0.1,-0.092,-0.15,0.308,0.1,0.192,0.7
197,4,0.771,0.35,0.229,0.85,0.629,0.35,0.371,0.85
198,4,0.95,0.6,0.55,1.0,0.95,0.6,0.55,1.0
199,,0.8,0.45,0.4,0.85,0.8,0.45,0.4,0.85
200,,0.65,0.3,0.25,0.7,0.65,0.3,0.25,0.7
201,,0.5,0.15,0.1,0.55,0.5,0.15,0.1,0.55
202,,0.35,0.0,-0.05,0.4,0.35,0.0,-0.05,0.4
203,3,0.6,0.321,0.95,0.721,0.6,0.179,0.1,0.579
204,3,0.85,0.642,1.0,1.0,0.85,0.358,0.25,0.758
205,,0.7,0.492,0.85,0.85,0.7,0.208,0.1,0.608
206,,0.55,0.342,0.7,0.7,0.55,0.058,-0.05,0.458
207,7,0.8,0.521,0.85,0.879,0.8,0.379,0.95,0.779
208,7,1.0,0.7,1.0,1.0,1.0,0.7,1.0,1.0
209,,0.85,0.55,0.85,0.85,0.85,0.55,0.85,0.85
210,,0.7,0.4,0.7,0.7,0.7,0.4,0.7,0.7
211,,0.55,0.25,0.55,0.55,0.55,0.25,0.55,0.55
212,,0.4,0.1,0.4,0.4,0.4,0.1,0.4,0.4
213,,0.25,-0.05,0.25,0.25,0.25,-0.05,0.25,0.25
214,2,0.571,0.95,0.571,0.5,0.429,0.1,0.429,0.5
215,2,0.892,1.0,0.892,0.75,0.608,0.25,0.608,0.75
216,,0.742,0.85,0.742,0.6,0.458,0.1,0.458,0.6
217,,0.592,0.7,0.592,0.45,0.308,-0.05,0.308,0.45
218,6,0.771,0.85,0.771,0.7,0.629,0.95,0.629,0.7
219,6,0.95,1.0,0.95,0.95,0.95,1.0,0.95,0.95
220,,0.8,0.85,0.8,0.8,0.8,0.85,0.8,0.8
221,,0.65,0.7,0.65,0.65,0.65,0.7,0.65,0.65
222,,0.5,0.55,0.5,0.5,0.5,0.55,0.5,0.5
223,,0.35,0.4,0.35,0.35,0.35,0.4,0.35,0.35
224,,0.2,0.25,0.2,0.2,0.2,0.25,0.2,0.2
225,,0.05,0.1,0.05,0.05,0.05,0.1,0.05,0.05
226,,-0.1,-0.05,-0.1,-0.1,-0.1,-0.05,-0.1,-0.1
227,5,0.05,0.129,0.15,0.221,0.9,0.271,0.15,0.079
228,5,0.2,0.308,0.4,0.542,1.0,0.592,0.4,0.258
229,,0.05,0.158,0.25,0.392,0.85,0.442,0.25,0.108
230,,-0.1,0.008,0.1,0.242,0.7,0.292,0.1,-0.042
231,1,0.9,0.329,0.35,0.421,0.85,0.471,0.35,0.279
232,1,1.0,0.65,0.6,0.6,1.0,0.65,0.6,0.6
233,,0.85,0.5,0.45,0.45,0.85,0.5,0.45,0.45
234,,0.7,0.35,0.3,0.3,0.7,0.35,0.3,0.3
235,,0.55,0.2,0.15,0.15,0.55,0.2,0.15,0.15
236,,0.4,0.05,0.0,0.0,0.4,0.05,0.0,0.0
237,,0.25,-0.1,-0.15,-0.15,0.25,-0.1,-0.15,-0.15
238,3,0.5,0.221,0.85,0.171,0.5,0.079,0.0,0.029
239,3,0.75,0.542,1.0,0.492,0.75,0.258,0.15,0.208
240,,0.6,0.392,0.85,0.342,0.6,0.108,0.0,0.058
241,,0.45,0.242,0.7,0.192,0.45,-0.042,-0.15,-0.092
242,7,0.7,0.421,0.85,0.371,0.7,0.279,0.85,0.229
243,7,0.95,0.6,1.0,0.55,0.95,0.6,1.0,0.55
244,,0.8,0.45,0.85,0.4,0.8,0.45,0.85,0.4
245,,0.65,0.3,0.7,0.25,0.65,0.3,0.7,0.25
246,,0.5,0.15,0.55,0.1,0.5,0.15,0.55,0.1
247,,0.35,0.0,0.4,-0.05,0.35,0.0,0.4,-0.05
248,4,0.529,0.25,0.721,0.95,0.671,0.25,0.579,0.1
249,4,0.708,0.5,1.0,1.0,0.992,0.5,0.758,0.25
250,,0.558,0.35,0.85,0.85,0.842,0.35,0.608,0.1
251,,0.408,0.2,0.7,0.7,0.692,0.2,0.458,-0.05
252,8,0.729,0.45,0.879,0.85,0.871,0.45,0.779,0.95
253,8,1.0,0.7,1.0,1.0,1.0,0.7,1.0,1.0
254,,0.85,0.55,0.85,0.85,0.85,0.55,0.85,0.85
255,,0.7,0.4,0.7,0.7,0.7,0.4,0.7,0.7
256,,0.55,0.25,0.55,0.55,0.55,0.25,0.55,0.55
257,,0.4,0.1,0.4,0.4,0.4,0.1,0.4,0.4
258,,0.25,-0.05,0.25,0.25,0.25,-0.05,0.25,0.25
259,6,0.429,0.1,0.429,0.5,0.571,0.95,0.571,0.5
260,6,0.608,0.25,0.608,0.75,0.892,1.0,0.892,0.75
261,,0.458,0.1,0.458,0.6,0.742,0.85,0.742,0.6
262,,0.308,-0.05,0.308,0.45,0.592,0.7,0.592,0.45
263,2,0.629,0.95,0.629,0.7,0.771,0.85,0.771,0.7
264,2,0.95,1.0,0.95,0.95,0.95,1.0,0.95,0.95
265,,0.8,0.85,0.8,0.8,0.8,0.85,0.8,0.8
266,,0.65,0.7,0.65,0.65,0.65,0.7,0.65,0.65
267,,0.5,0.55,0.5,0.5,0.5,0.55,0.5,0.5
268,,0.35,0.4,0.35,0.35,0.35,0.4,0.35,0.35
269,,0.2,0.25,0.2,0.2,0.2,0.25,0.2,0.2
270,,0.05,0.1,0.05,0.05,0.05,0.1,0.05,0.05
271,,-0.1,-0.05,-0.1,-0.1,-0.1,-0.05,-0.1,-0.1
272,1,0.9,0.271,0.15,0.079,0.05,0.129,0.15,0.221
273,1,1.0,0.592,0.4,0.258,0.2,0.308,0.4,0.542
274,,0.85,0.442,0.25,0.108,0.05,0.158,0.25,0.392
275,,0.7,0.292,0.1,-0.042,-0.1,0.008,0.1,0.242
276,5,0.85,0.471,0.35,0.279,0.9,0.329,0.35,0.421
277,5,1.0,0.65,0.6,0.6,1.0,0.65,0.6,0.6
278,,0.85,0.5,0.45,0.45,0.85,0.5,0.45,0.45
279,,0.7,0.35,0.3,0.3,0.7,0.35,0.3,0.3
280,,0.55,0.2,0.15,0.15,0.55,0.2,0.15,0.15
281,,0.4,0.05,0.0,0.0,0.4,0.05,0.0,0.0
282,,0.25,-0.1,-0.15,-0.15,0.25,-0.1,-0.15,-0.15
283,7,0.5,0.079,0.0,0.029,0.5,0.221,0.85,0.171
284,7,0.75,0.258,0.15,0.208,0.75,0.542,1.0,0.492
285,,0.6,0.108,0.0,0.058,0.6,0.392,0.85,0.342
286,,0.45,-0.042,-0.15,-0.092,0.45,0.242,0.7,0.192
287,3,0.7,0.279,0.85,0.229,0.7,0.421,0.85,0.371
288,3,0.95,0.6,1.0,0.55,0.95,0.6,1.0,0.55
289,,0.8,0.45,0.85,0.4,0.8,0.45,0.85,0.4
290,,0.65,0.3,0.7,0.25,0.65,0.3,0.7,0.25
291,,0.5,0.15,0.55,0.1,0.5,0.15,0.55,0.1
292,,0.35,0.0,0.4,-0.05,0.35,0.0,0.4,-0.05
293,4,0.529,0.25,0.721,0.95,0.671,0.25,0.579,0.1
294,4,0.708,0.5,1.0,1.0,0.992,0.5,0.758,0.25
295,,0.558,0.35,0.85,0.85,0.842,0.35,0.608,0.1
296,,0.408,0.2,0.7,0.7,0.692,0.2,0.458,-0.05
297,8,0.729,0.45,0.879,0.85,0.871,0.45,0.779,0.95
298,8,1.0,0.7,1.0,1.0,1.0,0.7,1.0,1.0
299,,0.85,0.55,0.85,0.85,0.85,0.55,0.85,0.85
300,,0.7,0.4,0.7,0.7,0.7,0.4,0.7,0.7
301,,0.55,0.25,0.55,0.55,0.55,0.25,0.55,0.55
302,,0.4,0.1,0.4,0.4,0.4,0.1,0.4,0.4
303,,0.25,-0.05,0.25,0.25,0.25,-0.05,0.25,0.25
304,2,0.571,0.95,0.571,0.5,0.429,0.1,0.429,0.5
305,2,0.892,1.0,0.892,0.75,0.608,0.25,0.608,0.75
306,,0.742,0.85,0.742,0.6,0.458,0.1,0.458,0.6
307,,0.592,0.7,0.592,0.45,0.308,-0.05,0.308,0.45
308,6,0.771,0.85,0.771,0.7,0.629,0.95,0.629,0.7
309,6,0.95,1.0,0.95,0.95,0.95,1.0,0.95,0.95
310,,0.8,0.85,0.8,0.8,0.8,0.85,0.8,0.8
311,,0.65,0.7,0.65,0.65,0.65,0.7,0.65,0.65
312,,0.5,0.55,0.5,0.5,0.5,0.55,0.5,0.5
313,,0.35,0.4,0.35,0.35,0.35,0.4,0.35,0.35
314,,0.2,0.25,0.2,0.2,0.2,0.25,0.2,0.2
315,,0.05,0.1,0.05,0.05,0.05,0.1,0.05,0.05
316,,-0.1,-0.05,-0.1,-0.1,-0.1,-0.05,-0.1,-0.1
317,3,0.15,0.271,0.9,0.221,0.15,0.129,0.05,0.079
318,3,0.4,0.592,1.0,0.542,0.4,0.308,0.2,0.258
319,,0.25,0.442,0.85,0.392,0.25,0.158,0.05,0.108
320,,0.1,0.292,0.7,0.242,0.1,0.008,-0.1,-0.042
321,7,0.35,0.471,0.85,0.421,0.35,0.329,0.9,0.279
322,7,0.6,0.65,1.0,0.6,0.6,0.65,1.0,0.6
323,,0.45,0.5,0.85,0.45,0.45,0.5,0.85,0.45
324,,0.3,0.35,0.7,0.3,0.3,0.35,0.7,0.3
325,,0.15,0.2,0.55,0.15,0.15,0.2,0.55,0.15
326,,0.0,0.05,0.4,0.0,0.0,0.05,0.4,0.0
327,,-0.15,-0.1,0.25,-0.15,-0.15,-0.1,0.25,-0.15
328,4,0.029,0.15,0.571,0.85,0.171,0.15,0.429,0.0
329,4,0.208,0.4,0.892,1.0,0.492,0.4,0.608,0.15
330,,0.058,0.25,0.742,0.85,0.342,0.25,0.458,0.0
331,,-0.092,0.1,0.592,0.7,0.192,0.1,0.308,-0.15
332,8,0.229,0.35,0.771,0.85,0.371,0.35,0.629,0.85
333,8,0.55,0.6,0.95,1.0,0.55,0.6,0.95,1.0
334,,0.4,0.45,0.8,0.85,0.4,0.45,0.8,0.85
335,,0.25,0.3,0.65,0.7,0.25,0.3,0.65,0.7
336,,0.1,0.15,0.5,0.55,0.1,0.15,0.5,0.55
337,,-0.05,0.0,0.35,0.4,-0.05,0.0,0.35,0.4
338,1,0.95,0.321,0.6,0.579,0.1,0.179,0.6,0.721
339,1,1.0,0.642,0.85,0.758,0.25,0.358,0.85,1.0
340,,0.85,0.492,0.7,0.608,0.1,0.208,0.7,0.85
341,,0.7,0.342,0.55,0.458,-0.05,0.058,0.55,0.7
342,5,0.85,0.521,0.8,0.779,0.95,0.379,0.8,0.879
343,5,1.0,0.7,1.0,1.0,1.0,0.7,1.0,1.0
344,,0.85,0.55,0.85,0.85,0.85,0.55,0.85,0.85
345,,0.7,0.4,0.7,0.7,0.7,0.4,0.7,0.7
346,,0.55,0.25,0.55,0.55,0.55,0.25,0.55,0.55
347,,0.4,0.1,0.4,0.4,0.4,0.1,0.4,0.4
348,,0.25,-0.05,0.25,0.25,0.25,-0.05,0.25,0.25
349,6,0.429,0.1,0.429,0.5,0.571,0.95,0.571,0.5
350,6,0.608,0.25,0.608,0.75,0.892,1.0,0.892,0.75
351,,0.458,0.1,0.458,0.6,0.742,0.85,0.742,0.6
352,,0.308,-0.05,0.308,0.45,0.592,0.7,0.592,0.45
353,2,0.629,0.95,0.629,0.7,0.771,0.85,0.771,0.7
354,2,0.95,1.0,0.95,0.95,0.95,1.0,0.95,0.95
355,,0.8,0.85,0.8,0.8,0.8,0.85,0.8,0.8
356,,0.65,0.7,0.65,0.65,0.65,0.7,0.65,0.65
357,,0.5,0.55,0.5,0.5,0.5,0.55,0.5,0.5
358,,0.35,0.4,0.35,0.35,0.35,0.4,0.35,0.35
359,,0.2,0.25,0.2,0.2,0.2,0.25,0.2,0.2
360,,0.05,0.1,0.05,0.05,0.05,0.1,0.05,0.05
361,,-0.1,-0.05,-0.1,-0.1,-0.1,-0.05,-0.1,-0.1
362,3,0.15,0.271,0.9,0.221,0.15,0.129,0.05,0.079
363,3,0.4,0.592,1.0,0.542,0.4,0.308,0.2,0.258
364,,0.25,0.442,0.85,0.392,0.25,0.158,0.05,0.108
365,,0.1,0.292,0.7,0.242,0.1,0.008,-0.1,-0.042
366,7,0.35,0.471,0.85,0.421,0.35,0.329,0.9,0.279
367,7,0.6,0.65,1.0,0.6,0.6,0.65,1.0,0.6
368,,0.45,0.5,0.85,0.45,0.45,0.5,0.85,0.45
369,,0.3,0.35,0.7,0.3,0.3,0.35,0.7,0.3
370,,0.15,0.2,0.55,0.15,0.15,0.2,0.55,0.15
371,,0.0,0.05,0.4,0.0,0.0,0.05,0.4,0.0
372,,-0.15,-0.1,0.25,-0.15,-0.15,-0.1,0.25,-0.15
373,1,0.85,0.221,0.5,0.029,0.0,0.079,0.5,0.171
374,1,1.0,0.542,0.75,0.208,0.15,0.258,0.75,0.492
375,,0.85,0.392,0.6,0.058,0.0,0.108,0.6,0.342
376,,0.7,0.242,0.45,-0.092,-0.15,-0.042,0.45,0.192
377,5,0.85,0.421,0.7,0.229,0.85,0.279,0.7,0.371
378,5,1.0,0.6,0.95,0.55,1.0,0.6,0.95,0.55
379,,0.85,0.45,0.8,0.4,0.85,0.45,0.8,0.4
380,,0.7,0.3,0.65,0.25,0.7,0.3,0.65,0.25
381,,0.55,0.15,0.5,0.1,0.55,0.15,0.5,0.1
382,,0.4,0.0,0.35,-0.05,0.4,0.0,0.35,-0.05
383,4,0.579,0.25,0.671,0.95,0.721,0.25,0.529,0.1
384,4,0.758,0.5,0.992,1.0,1.0,0.5,0.708,0.25
385,,0.608,0.35,0.842,0.85,0.85,0.35,0.558,0.1
386,,0.458,0.2,0.692,0.7,0.7,0.2,0.408,-0.05
387,8,0.779,0.45,0.871,0.85,0.879,0.45,0.729,0.95
388,8,1.0,0.7,1.0,1.0,1.0,0.7,1.0,1.0
389,,0.85,0.55,0.85,0.85,0.85,0.55,0.85,0.85
390,,0.7,0.4,0.7,0.7,0.7,0.4,0.7,0.7
391,,0.55,0.25,0.55,0.55,0.55,0.25,0.55,0.55
392,,0.4,0.1,0.4,0.4,0.4,0.1,0.4,0.4
393,,0.25,-0.05,0.25,0.25,0.25,-0.05,0.25,0.25
394,2,0.571,0.95,0.571,0.5,0.429,0.1,0.429,0.5
395,2,0.892,1.0,0.892,0.75,0.608,0.25,0.608,0.75
396,,0.742,0.85,0.742,0.6,0.458,0.1,0.458,0.6
397,,0.592,0.7,0.592,0.45,0.308,-0.05,0.308,0.45
398,6,0.771,0.85,0.771,0.7,0.629,0.95,0.629,0.7
399,6,0.95,1.0,0.95,0.95,0.95,1.0,0.95,0.95
400,,0.8,0.85,0.8,0.8,0.8,0.85,0.8,0.8
401,,0.65,0.7,0.65,0.65,0.65,0.7,0.65,0.65
402,,0.5,0.55,0.5,0.5,0.5,0.55,0.5,0.5
403,,0.35,0.4,0.35,0.35,0.35,0.4,0.35,0.35
404,,0.2,0.25,0.2,0.2,0.2,0.25,0.2,0.2
405,,0.05,0.1,0.05,0.05,0.05,0.1,0.05,0.05
406,,-0.1,-0.05,-0.1,-0.1,-0.1,-0.05,-0.1,-0.1
407,7,0.15,0.129,0.05,0.079,0.15,0.271,0.9,0.221
408,7,0.4,0.308,0.2,0.258,0.4,0.592,1.0,0.542
409,,0.25,0.158,0.05,0.108,0.25,0.442,0.85,0.392
410,,0.1,0.008,-0.1,-0.042,0.1,0.292,0.7,0.242
411,3,0.35,0.329,0.9,0.279,0.35,0.471,0.85,0.421
412,3,0.6,0.65,1.0,0.6,0.6,0.65,1.0,0.6
413,,0.45,0.5,0.85,0.45,0.45,0.5,0.85,0.45
414,,0.3,0.35,0.7,0.3,0.3,0.35,0.7,0.3
415,,0.15,0.2,0.55,0.15,0.15,0.2,0.55,0.15
416,,0.0,0.05,0.4,0.0,0.0,0.05,0.4,0.0
417,,-0.15,-0.1,0.25,-0.15,-0.15,-0.1,0.25,-0.15
418,5,0.0,0.079,0.5,0.171,0.85,0.221,0.5,0.029
419,5,0.15,0.258,0.75,0.492,1.0,0.542,0.75,0.208
420,,0.0,0.108,0.6,0.342,0.85,0.392,0.6,0.058
421,,-0.15,-0.042,0.45,0.192,0.7,0.242,0.45,-0.092
422,1,0.85,0.279,0.7,0.371,0.85,0.421,0.7,0.229
423,1,1.0,0.6,0.95,0.55,1.0,0.6,0.95,0.55
424,,0.85,0.45,0.8,0.4,0.85,0.45,0.8,0.4
425,,0.7,0.3,0.65,0.25,0.7,0.3,0.65,0.25
426,,0.55,0.15,0.5,0.1,0.55,0.15,0.5,0.1
427,,0.4,0.0,0.35,-0.05,0.4,0.0,0.35,-0.05
428,4,0.579,0.25,0.671,0.95,0.721,0.25,0.529,0.1
429,4,0.758,0.5,0.992,1.0,1.0,0.5,0.708,0.25
430,,0.608,0.35,0.842,0.85,0.85,0.35,0.558,0.1
431,,0.458,0.2,0.692,0.7,0.7,0.2,0.408,-0.05
432,8,0.779,0.45,0.871,0.85,0.879,0.45,0.729,0.95
433,8,1.0,0.7,1.0,1.0,1.0,0.7,1.0,1.0
434,,0.85,0.55,0.85,0.85,0.85,0.55,0.85,0.85
435,,0.7,0.4,0.7,0.7,0.7,0.4,0.7,0.7
436,,0.55,0.25,0.55,0.55,0.55,0.25,0.55,0.55
437,,0.4,0.1,0.4,0.4,0.4,0.1,0.4,0.4
438,,0.25,-0.05,0.25,0.25,0.25,-0.05,0.25,0.25
439,6,0.429,0.1,0.429,0.5,0.571,0.95,0.571,0.5
440,6,0.608,0.25,0.608,0.75,0.892,1.0,0.892,0.75
441,,0.458,0.1,0.458,0.6,0.742,0.85,0.742,0.6
442,,0.308,-0.05,0.308,0.45,0.592,0.7,0.592,0.45
443,2,0.629,0.95,0.629,0.7,0.771,0.85,0.771,0.7
444,2,0.95,1.0,0.95,0.95,0.95,1.0,0.95,0.95
445,,0.8,0.85,0.8,0.8,0.8,0.85,0.8,0.8
446,,0.65,0.7,0.65,0.65,0.65,0.7,0.65,0.65
447,,0.5,0.55,0.5,0.5,0.5,0.55,0.5,0.5
448,,0.35,0.4,0.35,0.35,0.35,0.4,0.35,0.35
449,,0.2,0.25,0.2,0.2,0.2,0.25,0.2,0.2
450,,0.05,0.1,0.05,0.05,0.05,0.1,0.05,0.05
451,,-0.1,-0.05,-0.1,-0.1,-0.1,-0.05,-0.1,-0.1
452,5,0.05,0.129,0.15,0.221,0.9,0.271,0.15,0.079
453,5,0.2,0.308,0.4,0.542,1.0,0.592,0.4,0.258
454,,0.05,0.158,0.25,0.392,0.85,0.442,0.25,0.108
455,,-0.1,0.008,0.1,0.242,0.7,0.292,0.1,-0.042
456,1,0.9,0.329,0.35,0.421,0.85,0.471,0.35,0.279
457,1,1.0,0.65,0.6,0.6,1.0,0.65,0.6,0.6
458,,0.85,0.5,0.45,0.45,0.85,0.5,0.45,0.45
459,,0.7,0.35,0.3,0.3,0.7,0.35,0.3,0.3
460,,0.55,0.2,0.15,0.15,0.55,0.2,0.15,0.15
461,,0.4,0.05,0.0,0.0,0.4,0.05,0.0,0.0
462,,0.25,-0.1,-0.15,-0.15,0.25,-0.1,-0.15,-0.15
463,3,0.5,0.221,0.85,0.171,0.5,0.079,0.0,0.029
464,3,0.75,0.542,1.0,0.492,0.75,0.258,0.15,0.208
465,,0.6,0.392,0.85,0.342,0.6,0.108,0.0,0.058
466,,0.45,0.242,0.7,0.192,0.45,-0.042,-0.15,-0.092
467,7,0.7,0.421,0.85,0.371,0.7,0.279,0.85,0.229
468,7,0.95,0.6,1.0,0.55,0.95,0.6,1.0,0.55
469,,0.8,0.45,0.85,0.4,0.8,0.45,0.85,0.4
470,,0.65,0.3,0.7,0.25,0.65,0.3,0.7,0.25
471,,0.5,0.15,0.55,0.1,0.5,0.15,0.55,0.1
472,,0.35,0.0,0.4,-0.05,0.35,0.0,0.4,-0.05
473,8,0.671,0.25,0.579,0.1,0.529,0.25,0.721,0.95
474,8,0.992,0.5,0.758,0.25,0.708,0.5,1.0,1.0
475,,0.842,0.35,0.608,0.1,0.558,0.35,0.85,0.85
476,,0.692,0.2,0.458,-0.05,0.408,0.2,0.7,0.7
477,4,0.871,0.45,0.779,0.95,0.729,0.45,0.879,0.85
478,4,1.0,0.7,1.0,1.0,1.0,0.7,1.0,1.0
479,,0.85,0.55,0.85,0.85,0.85,0.55,0.85,0.85
480,,0.7,0.4,0.7,0.7,0.7,0.4,0.7,0.7
481,,0.55,0.25,0.55,0.55,0.55,0.25,0.55,0.55
482,,0.4,0.1,0.4,0.4,0.4,0.1,0.4,0.4
483,,0.25,-0.05,0.25,0.25,0.25,-0.05,0.25,0.25
484,6,0.429,0.1,0.429,0.5,0.571,0.95,0.571,0.5
485,6,0.608,0.25,0.608,0.75,0.892,1.0,0.892,0.75
486,,0.458,0.1,0.458,0.6,0.742,0.85,0.742,0.6
487,,0.308,-0.05,0.308,0.45,0.592,0.7,0.592,0.45
488,2,0.629,0.95,0.629,0.7,0.771,0.85,0.771,0.7
489,2,0.95,1.0,0.95,0.95,0.95,1.0,0.95,0.95
490,,0.8,0.85,0.8,0.8,0.8,0.85,0.8,0.8
491,,0.65,0.7,0.65,0.65,0.65,0.7,0.65,0.65
492,,0.5,0.55,0.5,0.5,0.5,0.55,0.5,0.5
493,,0.35,0.4,0.35,0.35,0.35,0.4,0.35,0.35
494,,0.2,0.25,0.2,0.2,0.2,0.25,0.2,0.2
495,,0.05,0.1,0.05,0.05,0.05,0.1,0.05,0.05
496,,-0.1,-0.05,-0.1,-0.1,-0.1,-0.05,-0.1,-0.1
497,5,0.05,0.129,0.15,0.221,0.9,0.271,0.15,0.079
498,5,0.2,0.308,0.4,0.542,1.0,0.592,0.4,0.258
499,,0.05,0.158,0.25,0.392,0.85,0.442,0.25,0.108
