step,active_motive,motive_1,motive_2,motive_3,motive_4,motive_5,motive_6,motive_7,motive_8
0,,0.08164,0.0968,0.00884,0.07918,0.059,0.048,0.04205,0.07847
1,,-0.06836,-0.0532,-0.14116,-0.07082,-0.091,-0.102,-0.10795,-0.07153
2,3,0.18164,0.2678,0.85884,0.25018,0.159,0.077,0.04205,0.10747
3,3,0.43164,0.5888,1.0,0.57118,0.409,0.256,0.19205,0.28647
4,,0.28164,0.4388,0.85,0.42118,0.259,0.106,0.04205,0.13647
5,,0.13164,0.2888,0.7,0.27118,0.109,-0.044,-0.10795,-0.01353
6,7,0.38164,0.4678,0.85,0.45018,0.359,0.277,0.89205,0.30747
7,7,0.63164,0.6468,1.0,0.62918,0.609,0.598,1.0,0.62847
8,,0.48164,0.4968,0.85,0.47918,0.459,0.448,0.85,0.47847
9,,0.33164,0.3468,0.7,0.32918,0.309,0.298,0.7,0.32847
10,,0.18164,0.1968,0.55,0.17918,0.159,0.148,0.55,0.17847
11,,0.03164,0.0468,0.4,0.02918,0.009,-0.002,0.4,0.02847
12,6,0.21064,0.1968,0.579,0.27918,0.33,0.998,0.721,0.27847
13,6,0.38964,0.3468,0.758,0.52918,0.651,1.0,1.0,0.52847
14,,0.23964,0.1968,0.608,0.37918,0.501,0.85,0.85,0.37847
15,,0.08964,0.0468,0.458,0.22918,0.351,0.7,0.7,0.22847
16,,-0.06036,-0.1032,0.308,0.07918,0.201,0.55,0.55,0.07847
17,2,0.26064,0.8968,0.629,0.32918,0.38,0.7,0.729,0.32847
18,2,0.58164,1.0,0.95,0.57918,0.559,0.85,0.908,0.57847
19,,0.43164,0.85,0.8,0.42918,0.409,0.7,0.758,0.42847
20,,0.28164,0.7,0.65,0.27918,0.259,0.55,0.608,0.27847
21,,0.13164,0.55,0.5,0.12918,0.109,0.4,0.458,0.12847
22,,-0.01836,0.4,0.35,-0.02082,-0.041,0.25,0.308,-0.02153
23,5,0.13164,0.579,0.6,0.30018,0.959,0.571,0.558,0.15747
24,5,0.28164,0.758,0.85,0.62118,1.0,0.892,0.808,0.33647
25,,0.13164,0.608,0.7,0.47118,0.85,0.742,0.658,0.18647
26,,-0.01836,0.458,0.55,0.32118,0.7,0.592,0.508,0.03647
27,1,0.98164,0.779,0.8,0.50018,0.85,0.771,0.758,0.35747
28,1,1.0,1.0,1.0,0.67918,1.0,0.95,1.0,0.67847
29,,0.85,0.85,0.85,0.52918,0.85,0.8,0.85,0.52847
30,,0.7,0.7,0.7,0.37918,0.7,0.65,0.7,0.37847
31,,0.55,0.55,0.55,0.22918,0.55,0.5,0.55,0.22847
32,,0.4,0.4,0.4,0.07918,0.4,0.35,0.4,0.07847
33,,0.25,0.25,0.25,-0.07082,0.25,0.2,0.25,-0.07153
34,8,0.571,0.5,0.429,0.07918,0.429,0.45,0.571,0.92847
35,8,0.892,0.75,0.608,0.22918,0.608,0.7,0.892,1.0
36,,0.742,0.6,0.458,0.07918,0.458,0.55,0.742,0.85
37,,0.592,0.45,0.308,-0.07082,0.308,0.4,0.592,0.7
38,4,0.771,0.7,0.629,0.92918,0.629,0.65,0.771,0.85
39,4,0.95,0.95,0.95,1.0,0.95,0.9,0.95,1.0
40,,0.8,0.8,0.8,0.85,0.8,0.75,0.8,0.85
41,,0.65,0.65,0.65,0.7,0.65,0.6,0.65,0.7
42,,0.5,0.5,0.5,0.55,0.5,0.45,0.5,0.55
43,,0.35,0.35,0.35,0.4,0.35,0.3,0.35,0.4
44,,0.2,0.2,0.2,0.25,0.2,0.15,0.2,0.25
45,,0.05,0.05,0.05,0.1,0.05,0.0,0.05,0.1
46,,-0.1,-0.1,-0.1,-0.05,-0.1,-0.15,-0.1,-0.05
47,6,0.079,0.05,0.079,0.2,0.221,0.85,0.221,0.2
48,6,0.258,0.2,0.258,0.45,0.542,1.0,0.542,0.45
49,,0.108,0.05,0.108,0.3,0.392,0.85,0.392,0.3
50,,-0.042,-0.1,-0.042,0.15,0.242,0.7,0.242,0.15
51,2,0.279,0.9,0.279,0.4,0.421,0.85,0.421,0.4
52,2,0.6,1.0,0.6,0.65,0.6,1.0,0.6,0.65
53,,0.45,0.85,0.45,0.5,0.45,0.85,0.45,0.5
54,,0.3,0.7,0.3,0.35,0.3,0.7,0.3,0.35
55,,0.15,0.55,0.15,0.2,0.15,0.55,0.15,0.2
56,,0.0,0.4,0.0,0.05,0.0,0.4,0.0,0.05
57,,-0.15,0.25,-0.15,-0.1,-0.15,0.25,-0.15,-0.1
58,3,0.1,0.571,0.85,0.221,0.1,0.429,0.0,0.079
59,3,0.35,0.892,1.0,0.542,0.35,0.608,0.15,0.258
60,,0.2,0.742,0.85,0.392,0.2,0.458,0.0,0.108
61,,0.05,0.592,0.7,0.242,0.05,0.308,-0.15,-0.042
62,7,0.3,0.771,0.85,0.421,0.3,0.629,0.85,0.279
63,7,0.55,0.95,1.0,0.6,0.55,0.95,1.0,0.6
64,,0.4,0.8,0.85,0.45,0.4,0.8,0.85,0.45
65,,0.25,0.65,0.7,0.3,0.25,0.65,0.7,0.3
66,,0.1,0.5,0.55,0.15,0.1,0.5,0.55,0.15
67,,-0.05,0.35,0.4,0.0,-0.05,0.35,0.4,0.0
68,5,0.1,0.529,0.65,0.321,0.95,0.671,0.65,0.179
69,5,0.25,0.708,0.9,0.642,1.0,0.992,0.9,0.358
70,,0.1,0.558,0.75,0.492,0.85,0.842,0.75,0.208
71,,-0.05,0.408,0.6,0.342,0.7,0.692,0.6,0.058
72,1,0.95,0.729,0.85,0.521,0.85,0.871,0.85,0.379
73,1,1.0,1.0,1.0,0.7,1.0,1.0,1.0,0.7
74,,0.85,0.85,0.85,0.55,0.85,0.85,0.85,0.55
75,,0.7,0.7,0.7,0.4,0.7,0.7,0.7,0.4
76,,0.55,0.55,0.55,0.25,0.55,0.55,0.55,0.25
77,,0.4,0.4,0.4,0.1,0.4,0.4,0.4,0.1
78,,0.25,0.25,0.25,-0.05,0.25,0.25,0.25,-0.05
79,4,0.429,0.5,0.571,0.95,0.571,0.5,0.429,0.1
80,4,0.608,0.75,0.892,1.0,0.892,0.75,0.608,0.25
81,,0.458,0.6,0.742,0.85,0.742,0.6,0.458,0.1
82,,0.308,0.45,0.592,0.7,0.592,0.45,0.308,-0.05
83,8,0.629,0.7,0.771,0.85,0.771,0.7,0.629,0.95
84,8,0.95,0.95,0.95,1.0,0.95,0.95,0.95,1.0
85,,0.8,0.8,0.8,0.85,0.8,0.8,0.8,0.85
86,,0.65,0.65,0.65,0.7,0.65,0.65,0.65,0.7
87,,0.5,0.5,0.5,0.55,0.5,0.5,0.5,0.55
88,,0.35,0.35,0.35,0.4,0.35,0.35,0.35,0.4
89,,0.2,0.2,0.2,0.25,0.2,0.2,0.2,0.25
90,,0.05,0.05,0.05,0.1,0.05,0.05,0.05,0.1
91,,-0.1,-0.1,-0.1,-0.05,-0.1,-0.1,-0.1,-0.05
92,3,0.15,0.221,0.9,0.271,0.15,0.079,0.05,0.129
93,3,0.4,0.542,1.0,0.592,0.4,0.258,0.2,0.308
94,,0.25,0.392,0.85,0.442,0.25,0.108,0.05,0.158
95,,0.1,0.242,0.7,0.292,0.1,-0.042,-0.1,0.008
96,7,0.35,0.421,0.85,0.471,0.35,0.279,0.9,0.329
97,7,0.6,0.6,1.0,0.65,0.6,0.6,1.0,0.65
98,,0.45,0.45,0.85,0.5,0.45,0.45,0.85,0.5
99,,0.3,0.3,0.7,0.35,0.3,0.3,0.7,0.35
100,,0.15,0.15,0.55,0.2,0.15,0.15,0.55,0.2
101,,0.0,0.0,0.4,0.05,0.0,0.0,0.4,0.05
102,,-0.15,-0.15,0.25,-0.1,-0.15,-0.15,0.25,-0.1
103,5,0.0,0.029,0.5,0.221,0.85,0.171,0.5,0.079
104,5,0.15,0.208,0.75,0.542,1.0,0.492,0.75,0.258
105,,0.0,0.058,0.6,0.392,0.85,0.342,0.6,0.108
106,,-0.15,-0.092,0.45,0.242,0.7,0.192,0.45,-0.042
107,1,0.85,0.229,0.7,0.421,0.85,0.371,0.7,0.279
108,1,1.0,0.55,0.95,0.6,1.0,0.55,0.95,0.6
109,,0.85,0.4,0.8,0.45,0.85,0.4,0.8,0.45
110,,0.7,0.25,0.65,0.3,0.7,0.25,0.65,0.3
111,,0.55,0.1,0.5,0.15,0.55,0.1,0.5,0.15
112,,0.4,-0.05,0.35,0.0,0.4,-0.05,0.35,0.0
113,6,0.579,0.1,0.529,0.25,0.721,0.95,0.671,0.25
114,6,0.758,0.25,0.708,0.5,1.0,1.0,0.992,0.5
115,,0.608,0.1,0.558,0.35,0.85,0.85,0.842,0.35
116,,0.458,-0.05,0.408,0.2,0.7,0.7,0.692,0.2
117,2,0.779,0.95,0.729,0.45,0.879,0.85,0.871,0.45
118,2,1.0,1.0,1.0,0.7,1.0,1.0,1.0,0.7
119,,0.85,0.85,0.85,0.55,0.85,0.85,0.85,0.55
120,,0.7,0.7,0.7,0.4,0.7,0.7,0.7,0.4
121,,0.55,0.55,0.55,0.25,0.55,0.55,0.55,0.25
122,,0.4,0.4,0.4,0.1,0.4,0.4,0.4,0.1
123,,0.25,0.25,0.25,-0.05,0.25,0.25,0.25,-0.05
124,8,0.571,0.5,0.429,0.1,0.429,0.5,0.571,0.95
125,8,0.892,0.75,0.608,0.25,0.608,0.75,0.892,1.0
126,,0.742,0.6,0.458,0.1,0.458,0.6,0.742,0.85
127,,0.592,0.45,0.308,-0.05,0.308,0.45,0.592,0.7
128,4,0.771,0.7,0.629,0.95,0.629,0.7,0.771,0.85
129,4,0.95,0.95,0.95,1.0,0.95,0.95,0.95,1.0
130,,0.8,0.8,0.8,0.85,0.8,0.8,0.8,0.85
131,,0.65,0.65,0.65,0.7,0.65,0.65,0.65,0.7
132,,0.5,0.5,0.5,0.55,0.5,0.5,0.5,0.55
133,,0.35,0.35,0.35,0.4,0.35,0.35,0.35,0.4
134,,0.2,0.2,0.2,0.25,0.2,0.2,0.2,0.25
135,,0.05,0.05,0.05,0.1,0.05,0.05,0.05,0.1
136,,-0.1,-0.1,-0.1,-0.05,-0.1,-0.1,-0.1,-0.05
137,5,0.05,0.079,0.15,0.271,0.9,0.221,0.15,0.129
138,5,0.2,0.258,0.4,0.592,1.0,0.542,0.4,0.308
139,,0.05,0.108,0.25,0.442,0.85,0.392,0.25,0.158
140,,-0.1,-0.042,0.1,0.292,0.7,0.242,0.1,0.008
141,1,0.9,0.279,0.35,0.471,0.85,0.421,0.35,0.329
142,1,1.0,0.6,0.6,0.65,1.0,0.6,0.6,0.65
143,,0.85,0.45,0.45,0.5,0.85,0.45,0.45,0.5
144,,0.7,0.3,0.3,0.35,0.7,0.3,0.3,0.35
145,,0.55,0.15,0.15,0.2,0.55,0.15,0.15,0.2
146,,0.4,0.0,0.0,0.05,0.4,0.0,0.0,0.05
147,,0.25,-0.15,-0.15,-0.1,0.25,-0.15,-0.15,-0.1
148,3,0.5,0.171,0.85,0.221,0.5,0.029,0.0,0.079
149,3,0.75,0.492,1.0,0.542,0.75,0.208,0.15,0.258
150,,0.6,0.342,0.85,0.392,0.6,0.058,0.0,0.108
151,,0.45,0.192,0.7,0.242,0.45,-0.092,-0.15,-0.042
152,7,0.7,0.371,0.85,0.421,0.7,0.229,0.85,0.279
153,7,0.95,0.55,1.0,0.6,0.95,0.55,1.0,0.6
154,,0.8,0.4,0.85,0.45,0.8,0.4,0.85,0.45
155,,0.65,0.25,0.7,0.3,0.65,0.25,0.7,0.3
156,,0.5,0.1,0.55,0.15,0.5,0.1,0.55,0.15
157,,0.35,-0.05,0.4,0.0,0.35,-0.05,0.4,0.0
158,6,0.529,0.1,0.579,0.25,0.671,0.95,0.721,0.25
159,6,0.708,0.25,0.758,0.5,0.992,1.0,1.0,0.5
160,,0.558,0.1,0.608,0.35,0.842,0.85,0.85,0.35
161,,0.408,-0.05,0.458,0.2,0.692,0.7,0.7,0.2
162,2,0.729,0.95,0.779,0.45,0.871,0.85,0.879,0.45
163,2,1.0,1.0,1.0,0.7,1.0,1.0,1.0,0.7
164,,0.85,0.85,0.85,0.55,0.85,0.85,0.85,0.55
165,,0.7,0.7,0.7,0.4,0.7,0.7,0.7,0.4
166,,0.55,0.55,0.55,0.25,0.55,0.55,0.55,0.25
167,,0.4,0.4,0.4,0.1,0.4,0.4,0.4,0.1
168,,0.25,0.25,0.25,-0.05,0.25,0.25,0.25,-0.05
169,8,0.571,0.5,0.429,0.1,0.429,0.5,0.571,0.95
170,8,0.892,0.75,0.608,0.25,0.608,0.75,0.892,1.0
171,,0.742,0.6,0.458,0.1,0.458,0.6,0.742,0.85
172,,0.592,0.45,0.308,-0.05,0.308,0.45,0.592,0.7
173,4,0.771,0.7,0.629,0.95,0.629,0.7,0.771,0.85
174,4,0.95,0.95,0.95,1.0,0.95,0.95,0.95,1.0
175,,0.8,0.8,0.8,0.85,0.8,0.8,0.8,0.85
176,,0.65,0.65,0.65,0.7,0.65,0.65,0.65,0.7
177,,0.5,0.5,0.5,0.55,0.5,0.5,0.5,0.55
178,,0.35,0.35,0.35,0.4,0.35,0.35,0.35,0.4
179,,0.2,0.2,0.2,0.25,0.2,0.2,0.2,0.25
180,,0.05,0.05,0.05,0.1,0.05,0.05,0.05,0.1
181,,-0.1,-0.1,-0.1,-0.05,-0.1,-0.1,-0.1,-0.05
182,2,0.221,0.9,0.221,0.2,0.079,0.05,0.079,0.2
183,2,0.542,1.0,0.542,0.45,0.258,0.2,0.258,0.45
184,,0.392,0.85,0.392,0.3,0.108,0.05,0.108,0.3
185,,0.242,0.7,0.242,0.15,-0.042,-0.1,-0.042,0.15
186,6,0.421,0.85,0.421,0.4,0.279,0.9,0.279,0.4
187,6,0.6,1.0,0.6,0.65,0.6,1.0,0.6,0.65
188,,0.45,0.85,0.45,0.5,0.45,0.85,0.45,0.5
189,,0.3,0.7,0.3,0.35,0.3,0.7,0.3,0.35
190,,0.15,0.55,0.15,0.2,0.15,0.55,0.15,0.2
191,,0.0,0.4,0.0,0.05,0.0,0.4,0.0,0.05
192,,-0.15,0.25,-0.15,-0.1,-0.15,0.25,-0.15,-0.1
193,3,0.1,0.571,0.85,0.221,0.1,0.429,0.0,0.079
194,3,0.35,0.892,1.0,0.542,0.35,0.608,0.15,0.258
195,,0.2,0.742,0.85,0.392,0.2,0.458,0.0,0.108
196,,0.05,0.592,0.7,0.242,0.05,0.308,-0.15,-0.042
197,7,0.3,0.771,0.85,0.421,0.3,0.629,0.85,0.279
198,7,0.55,0.95,1.0,0.6,0.55,0.95,1.0,0.6
199,,0.4,0.8,0.85,0.45,0.4,0.8,0.85,0.45
200,,0.25,0.65,0.7,0.3,0.25,0.65,0.7,0.3
201,,0.1,0.5,0.55,0.15,0.1,0.5,0.55,0.15
202,,-0.05,0.35,0.4,0.0,-0.05,0.35,0.4,0.0
203,5,0.1,0.529,0.65,0.321,0.95,0.671,0.65,0.179
204,5,0.25,0.708,0.9,0.642,1.0,0.992,0.9,0.358
205,,0.1,0.558,0.75,0.492,0.85,0.842,0.75,0.208
206,,-0.05,0.408,0.6,0.342,0.7,0.692,0.6,0.058
207,1,0.95,0.729,0.85,0.521,0.85,0.871,0.85,0.379
208,1,1.0,1.0,1.0,0.7,1.0,1.0,1.0,0.7
209,,0.85,0.85,0.85,0.55,0.85,0.85,0.85,0.55
210,,0.7,0.7,0.7,0.4,0.7,0.7,0.7,0.4
211,,0.55,0.55,0.55,0.25,0.55,0.55,0.55,0.25
212,,0.4,0.4,0.4,0.1,0.4,0.4,0.4,0.1
213,,0.25,0.25,0.25,-0.05,0.25,0.25,0.25,-0.05
214,4,0.429,0.5,0.571,0.95,0.571,0.5,0.429,0.1
215,4,0.608,0.75,0.892,1.0,0.892,0.75,0.608,0.25
216,,0.458,0.6,0.742,0.85,0.742,0.6,0.458,0.1
217,,0.308,0.45,0.592,0.7,0.592,0.45,0.308,-0.05
218,8,0.629,0.7,0.771,0.85,0.771,0.7,0.629,0.95
219,8,0.95,0.95,0.95,1.0,0.95,0.95,0.95,1.0
220,,0.8,0.8,0.8,0.85,0.8,0.8,0.8,0.85
221,,0.65,0.65,0.65,0.7,0.65,0.65,0.65,0.7
222,,0.5,0.5,0.5,0.55,0.5,0.5,0.5,0.55
223,,0.35,0.35,0.35,0.4,0.35,0.35,0.35,0.4
224,,0.2,0.2,0.2,0.25,0.2,0.2,0.2,0.25
225,,0.05,0.05,0.05,0.1,0.05,0.05,0.05,0.1
226,,-0.1,-0.1,-0.1,-0.05,-0.1,-0.1,-0.1,-0.05
227,3,0.15,0.221,0.9,0.271,0.15,0.079,0.05,0.129
228,3,0.4,0.542,1.0,0.592,0.4,0.258,0.2,0.308
229,,0.25,0.392,0.85,0.442,0.25,0.108,0.05,0.158
230,,0.1,0.242,0.7,0.292,0.1,-0.042,-0.1,0.008
231,7,0.35,0.421,0.85,0.471,0.35,0.279,0.9,0.329
232,7,0.6,0.6,1.0,0.65,0.6,0.6,1.0,0.65
233,,0.45,0.45,0.85,0.5,0.45,0.45,0.85,0.5
234,,0.3,0.3,0.7,0.35,0.3,0.3,0.7,0.35
235,,0.15,0.15,0.55,0.2,0.15,0.15,0.55,0.2
236,,0.0,0.0,0.4,0.05,0.0,0.0,0.4,0.05
237,,-0.15,-0.15,0.25,-0.1,-0.15,-0.15,0.25,-0.1
238,5,0.0,0.029,0.5,0.221,0.85,0.171,0.5,0.079
239,5,0.15,0.208,0.75,0.542,1.0,0.492,0.75,0.258
240,,0.0,0.058,0.6,0.392,0.85,0.342,0.6,0.108
241,,-0.15,-0.092,0.45,0.242,0.7,0.192,0.45,-0.042
242,1,0.85,0.229,0.7,0.421,0.85,0.371,0.7,0.279
243,1,1.0,0.55,0.95,0.6,1.0,0.55,0.95,0.6
244,,0.85,0.4,0.8,0.45,0.85,0.4,0.8,0.45
245,,0.7,0.25,0.65,0.3,0.7,0.25,0.65,0.3
246,,0.55,0.1,0.5,0.15,0.55,0.1,0.5,0.15
247,,0.4,-0.05,0.35,0.0,0.4,-0.05,0.35,0.0
248,2,0.721,0.95,0.671,0.25,0.579,0.1,0.529,0.25
249,2,1.0,1.0,0.992,0.5,0.758,0.25,0.708,0.5
250,,0.85,0.85,0.842,0.35,0.608,0.1,0.558,0.35
251,,0.7,0.7,0.692,0.2,0.458,-0.05,0.408,0.2
252,6,0.879,0.85,0.871,0.45,0.779,0.95,0.729,0.45
253,6,1.0,1.0,1.0,0.7,1.0,1.0,1.0,0.7
254,,0.85,0.85,0.85,0.55,0.85,0.85,0.85,0.55
255,,0.7,0.7,0.7,0.4,0.7,0.7,0.7,0.4
256,,0.55,0.55,0.55,0.25,0.55,0.55,0.55,0.25
257,,0.4,0.4,0.4,0.1,0.4,0.4,0.4,0.1
258,,0.25,0.25,0.25,-0.05,0.25,0.25,0.25,-0.05
259,8,0.571,0.5,0.429,0.1,0.429,0.5,0.571,0.95
260,8,0.892,0.75,0.608,0.25,0.608,0.75,0.892,1.0
261,,0.742,0.6,0.458,0.1,0.458,0.6,0.742,0.85
262,,0.592,0.45,0.308,-0.05,0.308,0.45,0.592,0.7
263,4,0.771,0.7,0.629,0.95,0.629,0.7,0.771,0.85
264,4,0.95,0.95,0.95,1.0,0.95,0.95,0.95,1.0
265,,0.8,0.8,0.8,0.85,0.8,0.8,0.8,0.85
266,,0.65,0.65,0.65,0.7,0.65,0.65,0.65,0.7
267,,0.5,0.5,0.5,0.55,0.5,0.5,0.5,0.55
268,,0.35,0.35,0.35,0.4,0.35,0.35,0.35,0.4
269,,0.2,0.2,0.2,0.25,0.2,0.2,0.2,0.25
270,,0.05,0.05,0.05,0.1,0.05,0.05,0.05,0.1
271,,-0.1,-0.1,-0.1,-0.05,-0.1,-0.1,-0.1,-0.05
272,5,0.05,0.079,0.15,0.271,0.9,0.221,0.15,0.129
273,5,0.2,0.258,0.4,0.592,1.0,0.542,0.4,0.308
274,,0.05,0.108,0.25,0.442,0.85,0.392,0.25,0.158
275,,-0.1,-0.042,0.1,0.292,0.7,0.242,0.1,0.008
276,1,0.9,0.279,0.35,0.471,0.85,0.421,0.35,0.329
277,1,1.0,0.6,0.6,0.65,1.0,0.6,0.6,0.65
278,,0.85,0.45,0.45,0.5,0.85,0.45,0.45,0.5
279,,0.7,0.3,0.3,0.35,0.7,0.3,0.3,0.35
280,,0.55,0.15,0.15,0.2,0.55,0.15,0.15,0.2
281,,0.4,0.0,0.0,0.05,0.4,0.0,0.0,0.05
282,,0.25,-0.15,-0.15,-0.1,0.25,-0.15,-0.15,-0.1
283,2,0.571,0.85,0.171,0.15,0.429,0.0,0.029,0.15
284,2,0.892,1.0,0.492,0.4,0.608,0.15,0.208,0.4
285,,0.742,0.85,0.342,0.25,0.458,0.0,0.058,0.25
286,,0.592,0.7,0.192,0.1,0.308,-0.15,-0.092,0.1
287,6,0.771,0.85,0.371,0.35,0.629,0.85,0.229,0.35
288,6,0.95,1.0,0.55,0.6,0.95,1.0,0.55,0.6
289,,0.8,0.85,0.4,0.45,0.8,0.85,0.4,0.45
290,,0.65,0.7,0.25,0.3,0.65,0.7,0.25,0.3
291,,0.5,0.55,0.1,0.15,0.5,0.55,0.1,0.15
292,,0.35,0.4,-0.05,0.0,0.35,0.4,-0.05,0.0
293,7,0.6,0.579,0.1,0.179,0.6,0.721,0.95,0.321
294,7,0.85,0.758,0.25,0.358,0.85,1.0,1.0,0.642
295,,0.7,0.608,0.1,0.208,0.7,0.85,0.85,0.492
296,,0.55,0.458,-0.05,0.058,0.55,0.7,0.7,0.342
297,3,0.8,0.779,0.95,0.379,0.8,0.879,0.85,0.521
298,3,1.0,1.0,1.0,0.7,1.0,1.0,1.0,0.7
299,,0.85,0.85,0.85,0.55,0.85,0.85,0.85,0.55
300,,0.7,0.7,0.7,0.4,0.7,0.7,0.7,0.4
301,,0.55,0.55,0.55,0.25,0.55,0.55,0.55,0.25
302,,0.4,0.4,0.4,0.1,0.4,0.4,0.4,0.1
303,,0.25,0.25,0.25,-0.05,0.25,0.25,0.25,-0.05
304,4,0.429,0.5,0.571,0.95,0.571,0.5,0.429,0.1
305,4,0.608,0.75,0.892,1.0,0.892,0.75,0.608,0.25
306,,0.458,0.6,0.742,0.85,0.742,0.6,0.458,0.1
307,,0.308,0.45,0.592,0.7,0.592,0.45,0.308,-0.05
308,8,0.629,0.7,0.771,0.85,0.771,0.7,0.629,0.95
309,8,0.95,0.95,0.95,1.0,0.95,0.95,0.95,1.0
310,,0.8,0.8,0.8,0.85,0.8,0.8,0.8,0.85
311,,0.65,0.65,0.65,0.7,0.65,0.65,0.65,0.7
312,,0.5,0.5,0.5,0.55,0.5,0.5,0.5,0.55
313,,0.35,0.35,0.35,0.4,0.35,0.35,0.35,0.4
314,,0.2,0.2,0.2,0.25,0.2,0.2,0.2,0.25
315,,0.05,0.05,0.05,0.1,0.05,0.05,0.05,0.1
316,,-0.1,-0.1,-0.1,-0.05,-0.1,-0.1,-0.1,-0.05
317,5,0.05,0.079,0.15,0.271,0.9,0.221,0.15,0.129
318,5,0.2,0.258,0.4,0.592,1.0,0.542,0.4,0.308
319,,0.05,0.108,0.25,0.442,0.85,0.392,0.25,0.158
320,,-0.1,-0.042,0.1,0.292,0.7,0.242,0.1,0.008
321,1,0.9,0.279,0.35,0.471,0.85,0.421,0.35,0.329
322,1,1.0,0.6,0.6,0.65,1.0,0.6,0.6,0.65
323,,0.85,0.45,0.45,0.5,0.85,0.45,0.45,0.5
324,,0.7,0.3,0.3,0.35,0.7,0.3,0.3,0.35
325,,0.55,0.15,0.15,0.2,0.55,0.15,0.15,0.2
326,,0.4,0.0,0.0,0.05,0.4,0.0,0.0,0.05
327,,0.25,-0.15,-0.15,-0.1,0.25,-0.15,-0.15,-0.1
328,3,0.5,0.171,0.85,0.221,0.5,0.029,0.0,0.079
329,3,0.75,0.492,1.0,0.542,0.75,0.208,0.15,0.258
330,,0.6,0.342,0.85,0.392,0.6,0.058,0.0,0.108
331,,0.45,0.192,0.7,0.242,0.45,-0.092,-0.15,-0.042
332,7,0.7,0.371,0.85,0.421,0.7,0.229,0.85,0.279
333,7,0.95,0.55,1.0,0.6,0.95,0.55,1.0,0.6
334,,0.8,0.4,0.85,0.45,0.8,0.4,0.85,0.45
335,,0.65,0.25,0.7,0.3,0.65,0.25,0.7,0.3
336,,0.5,0.1,0.55,0.15,0.5,0.1,0.55,0.15
337,,0.35,-0.05,0.4,0.0,0.35,-0.05,0.4,0.0
338,2,0.671,0.95,0.721,0.25,0.529,0.1,0.579,0.25
339,2,0.992,1.0,1.0,0.5,0.708,0.25,0.758,0.5
340,,0.842,0.85,0.85,0.35,0.558,0.1,0.608,0.35
341,,0.692,0.7,0.7,0.2,0.408,-0.05,0.458,0.2
342,6,0.871,0.85,0.879,0.45,0.729,0.95,0.779,0.45
343,6,1.0,1.0,1.0,0.7,1.0,1.0,1.0,0.7
344,,0.85,0.85,0.85,0.55,0.85,0.85,0.85,0.55
345,,0.7,0.7,0.7,0.4,0.7,0.7,0.7,0.4
346,,0.55,0.55,0.55,0.25,0.55,0.55,0.55,0.25
347,,0.4,0.4,0.4,0.1,0.4,0.4,0.4,0.1
348,,0.25,0.25,0.25,-0.05,0.25,0.25,0.25,-0.05
349,8,0.571,0.5,0.429,0.1,0.429,0.5,0.571,0.95
350,8,0.892,0.75,0.608,0.25,0.608,0.75,0.892,1.0
351,,0.742,0.6,0.458,0.1,0.458,0.6,0.742,0.85
352,,0.592,0.45,0.308,-0.05,0.308,0.45,0.592,0.7
353,4,0.771,0.7,0.629,0.95,0.629,0.7,0.771,0.85
354,4,0.95,0.95,0.95,1.0,0.95,0.95,0.95,1.0
355,,0.8,0.8,0.8,0.85,0.8,0.8,0.8,0.85
356,,0.65,0.65,0.65,0.7,0.65,0.65,0.65,0.7
357,,0.5,0.5,0.5,0.55,0.5,0.5,0.5,0.55
358,,0.35,0.35,0.35,0.4,0.35,0.35,0.35,0.4
359,,0.2,0.2,0.2,0.25,0.2,0.2,0.2,0.25
360,,0.05,0.05,0.05,0.1,0.05,0.05,0.05,0.1
361,,-0.1,-0.1,-0.1,-0.05,-0.1,-0.1,-0.1,-0.05
362,3,0.15,0.221,0.9,0.271,0.15,0.079,0.05,0.129
363,3,0.4,0.542,1.0,0.592,0.4,0.258,0.2,0.308
364,,0.25,0.392,0.85,0.442,0.25,0.108,0.05,0.158
365,,0.1,0.242,0.7,0.292,0.1,-0.042,-0.1,0.008
366,7,0.35,0.421,0.85,0.471,0.35,0.279,0.9,0.329
367,7,0.6,0.6,1.0,0.65,0.6,0.6,1.0,0.65
368,,0.45,0.45,0.85,0.5,0.45,0.45,0.85,0.5
369,,0.3,0.3,0.7,0.35,0.3,0.3,0.7,0.35
370,,0.15,0.15,0.55,0.2,0.15,0.15,0.55,0.2
371,,0.0,0.0,0.4,0.05,0.0,0.0,0.4,0.05
372,,-0.15,-0.15,0.25,-0.1,-0.15,-0.15,0.25,-0.1
373,1,0.85,0.171,0.5,0.079,0.0,0.029,0.5,0.221
374,1,1.0,0.492,0.75,0.258,0.15,0.208,0.75,0.542
375,,0.85,0.342,0.6,0.108,0.0,0.058,0.6,0.392
376,,0.7,0.192,0.45,-0.042,-0.15,-0.092,0.45,0.242
377,5,0.85,0.371,0.7,0.279,0.85,0.229,0.7,0.421
378,5,1.0,0.55,0.95,0.6,1.0,0.55,0.95,0.6
379,,0.85,0.4,0.8,0.45,0.85,0.4,0.8,0.45
380,,0.7,0.25,0.65,0.3,0.7,0.25,0.65,0.3
381,,0.55,0.1,0.5,0.15,0.55,0.1,0.5,0.15
382,,0.4,-0.05,0.35,0.0,0.4,-0.05,0.35,0.0
383,2,0.721,0.95,0.671,0.25,0.579,0.1,0.529,0.25
384,2,1.0,1.0,0.992,0.5,0.758,0.25,0.708,0.5
385,,0.85,0.85,0.842,0.35,0.608,0.1,0.558,0.35
386,,0.7,0.7,0.692,0.2,0.458,-0.05,0.408,0.2
387,6,0.879,0.85,0.871,0.45,0.779,0.95,0.729,0.45
388,6,1.0,1.0,1.0,0.7,1.0,1.0,1.0,0.7
389,,0.85,0.85,0.85,0.55,0.85,0.85,0.85,0.55
390,,0.7,0.7,0.7,0.4,0.7,0.7,0.7,0.4
391,,0.55,0.55,0.55,0.25,0.55,0.55,0.55,0.25
392,,0.4,0.4,0.4,0.1,0.4,0.4,0.4,0.1
393,,0.25,0.25,0.25,-0.05,0.25,0.25,0.25,-0.05
394,4,0.429,0.5,0.571,0.95,0.571,0.5,0.429,0.1
395,4,0.608,0.75,0.892,1.0,0.892,0.75,0.608,0.25
396,,0.458,0.6,0.742,0.85,0.742,0.6,0.458,0.1
397,,0.308,0.45,0.592,0.7,0.592,0.45,0.308,-0.05
398,8,0.629,0.7,0.771,0.85,0.771,0.7,0.629,0.95
399,8,0.95,0.95,0.95,1.0,0.95,0.95,0.95,1.0
400,,0.8,0.8,0.8,0.85,0.8,0.8,0.8,0.85
401,,0.65,0.65,0.65,0.7,0.65,0.65,0.65,0.7
402,,0.5,0.5,0.5,0.55,0.5,0.5,0.5,0.55
403,,0.35,0.35,0.35,0.4,0.35,0.35,0.35,0.4
404,,0.2,0.2,0.2,0.25,0.2,0.2,0.2,0.25
405,,0.05,0.05,0.05,0.1,0.05,0.05,0.05,0.1
406,,-0.1,-0.1,-0.1,-0.05,-0.1,-0.1,-0.1,-0.05
407,5,0.05,0.079,0.15,0.271,0.9,0.221,0.15,0.129
408,5,0.2,0.258,0.4,0.592,1.0,0.542,0.4,0.308
409,,0.05,0.108,0.25,0.442,0.85,0.392,0.25,0.158
410,,-0.1,-0.042,0.1,0.292,0.7,0.242,0.1,0.008
411,1,0.9,0.279,0.35,0.471,0.85,0.421,0.35,0.329
412,1,1.0,0.6,0.6,0.65,1.0,0.6,0.6,0.65
413,,0.85,0.45,0.45,0.5,0.85,0.45,0.45,0.5
414,,0.7,0.3,0.3,0.35,0.7,0.3,0.3,0.35
415,,0.55,0.15,0.15,0.2,0.55,0.15,0.15,0.2
416,,0.4,0.0,0.0,0.05,0.4,0.0,0.0,0.05
417,,0.25,-0.15,-0.15,-0.1,0.25,-0.15,-0.15,-0.1
418,3,0.5,0.171,0.85,0.221,0.5,0.029,0.0,0.079
419,3,0.75,0.492,1.0,0.542,0.75,0.208,0.15,0.258
420,,0.6,0.342,0.85,0.392,0.6,0.058,0.0,0.108
421,,0.45,0.192,0.7,0.242,0.45,-0.092,-0.15,-0.042
422,7,0.7,0.371,0.85,0.421,0.7,0.229,0.85,0.279
423,7,0.95,0.55,1.0,0.6,0.95,0.55,1.0,0.6
424,,0.8,0.4,0.85,0.45,0.8,0.4,0.85,0.45
425,,0.65,0.25,0.7,0.3,0.65,0.25,0.7,0.3
426,,0.5,0.1,0.55,0.15,0.5,0.1,0.55,0.15
427,,0.35,-0.05,0.4,0.0,0.35,-0.05,0.4,0.0
428,6,0.529,0.1,0.579,0.25,0.671,0.95,0.721,0.25
429,6,0.708,0.25,0.758,0.5,0.992,1.0,1.0,0.5
430,,0.558,0.1,0.608,0.35,0.842,0.85,0.85,0.35
431,,0.408,-0.05,0.458,0.2,0.692,0.7,0.7,0.2
432,2,0.729,0.95,0.779,0.45,0.871,0.85,0.879,0.45
433,2,1.0,1.0,1.0,0.7,1.0,1.0,1.0,0.7
434,,0.85,0.85,0.85,0.55,0.85,0.85,0.85,0.55
435,,0.7,0.7,0.7,0.4,0.7,0.7,0.7,0.4
436,,0.55,0.55,0.55,0.25,0.55,0.55,0.55,0.25
437,,0.4,0.4,0.4,0.1,0.4,0.4,0.4,0.1
438,,0.25,0.25,0.25,-0.05,0.25,0.25,0.25,-0.05
439,4,0.429,0.5,0.571,0.95,0.571,0.5,0.429,0.1
440,4,0.608,0.75,0.892,1.0,0.892,0.75,0.608,0.25
441,,0.458,0.6,0.742,0.85,0.742,0.6,0.458,0.1
442,,0.308,0.45,0.592,0.7,0.592,0.45,0.308,-0.05
443,8,0.629,0.7,0.771,0.85,0.771,0.7,0.629,0.95
444,8,0.95,0.95,0.95,1.0,0.95,0.95,0.95,1.0
445,,0.8,0.8,0.8,0.85,0.8,0.8,0.8,0.85
446,,0.65,0.65,0.65,0.7,0.65,0.65,0.65,0.7
447,,0.5,0.5,0.5,0.55,0.5,0.5,0.5,0.55
448,,0.35,0.35,0.35,0.4,0.35,0.35,0.35,0.4
449,,0.2,0.2,0.2,0.25,0.2,0.2,0.2,0.25
450,,0.05,0.05,0.05,0.1,0.05,0.05,0.05,0.1
451,,-0.1,-0.1,-0.1,-0.05,-0.1,-0.1,-0.1,-0.05
452,2,0.221,0.9,0.221,0.2,0.079,0.05,0.079,0.2
453,2,0.542,1.0,0.542,0.45,0.258,0.2,0.258,0.45
454,,0.392,0.85,0.392,0.3,0.108,0.05,0.108,0.3
455,,0.242,0.7,0.242,0.15,-0.042,-0.1,-0.042,0.15
456,6,0.421,0.85,0.421,0.4,0.279,0.9,0.279,0.4
457,6,0.6,1.0,0.6,0.65,0.6,1.0,0.6,0.65
458,,0.45,0.85,0.45,0.5,0.45,0.85,0.45,0.5
459,,0.3,0.7,0.3,0.35,0.3,0.7,0.3,0.35
460,,0.15,0.55,0.15,0.2,0.15,0.55,0.15,0.2
461,,0.0,0.4,0.0,0.05,0.0,0.4,0.0,0.05
462,,-0.15,0.25,-0.15,-0.1,-0.15,0.25,-0.15,-0.1
463,1,0.85,0.571,0.1,0.079,0.0,0.429,0.1,0.221
464,1,1.0,0.892,0.35,0.258,0.15,0.608,0.35,0.542
465,,0.85,0.742,0.2,0.108,0.0,0.458,0.2,0.392
466,,0.7,0.592,0.05,-0.042,-0.15,0.308,0.05,0.242
467,5,0.85,0.771,0.3,0.279,0.85,0.629,0.3,0.421
468,5,1.0,0.95,0.55,0.6,1.0,0.95,0.55,0.6
469,,0.85,0.8,0.4,0.45,0.85,0.8,0.4,0.45
470,,0.7,0.65,0.25,0.3,0.7,0.65,0.25,0.3
471,,0.55,0.5,0.1,0.15,0.55,0.5,0.1,0.15
472,,0.4,0.35,-0.05,0.0,0.4,0.35,-0.05,0.0
473,7,0.65,0.529,0.1,0.179,0.65,0.671,0.95,0.321
474,7,0.9,0.708,0.25,0.358,0.9,0.992,1.0,0.642
475,,0.75,0.558,0.1,0.208,0.75,0.842,0.85,0.492
476,,0.6,0.408,-0.05,0.058,0.6,0.692,0.7,0.342
477,3,0.85,0.729,0.95,0.379,0.85,0.871,0.85,0.521
478,3,1.0,1.0,1.0,0.7,1.0,1.0,1.0,0.7
479,,0.85,0.85,0.85,0.55,0.85,0.85,0.85,0.55
480,,0.7,0.7,0.7,0.4,0.7,0.7,0.7,0.4
481,,0.55,0.55,0.55,0.25,0.55,0.55,0.55,0.25
482,,0.4,0.4,0.4,0.1,0.4,0.4,0.4,0.1
483,,0.25,0.25,0.25,-0.05,0.25,0.25,0.25,-0.05
484,8,0.571,0.5,0.429,0.1,0.429,0.5,0.571,0.95
485,8,0.892,0.75,0.608,0.25,0.608,0.75,0.892,1.0
486,,0.742,0.6,0.458,0.1,0.458,0.6,0.742,0.85
487,,0.592,0.45,0.308,-0.05,0.308,0.45,0.592,0.7
488,4,0.771,0.7,0.629,0.95,0.629,0.7,0.771,0.85
489,4,0.95,0.95,0.95,1.0,0.95,0.95,0.95,1.0
490,,0.8,0.8,0.8,0.85,0.8,0.8,0.8,0.85
491,,0.65,0.65,0.65,0.7,0.65,0.65,0.65,0.7
492,,0.5,0.5,0.5,0.55,0.5,0.5,0.5,0.55
493,,0.35,0.35,0.35,0.4,0.35,0.35,0.35,0.4
494,,0.2,0.2,0.2,0.25,0.2,0.2,0.2,0.25
495,,0.05,0.05,0.05,0.1,0.05,0.05,0.05,0.1
496,,-0.1,-0.1,-0.1,-0.05,-0.1,-0.1,-0.1,-0.05
497,6,0.079,0.05,0.079,0.2,0.221,0.9,0.221,0.2
498,6,0.258,0.2,0.258,0.45,0.542,1.0,0.542,0.45
499,,0.108,0.05,0.108,0.3,0.392,0.85,0.392,0.3
