step,active_motive,motive_1,motive_2,motive_3,motive_4,motive_5,motive_6,motive_7,motive_8
0,,0.02322,0.08996,0.03839,0.05436,0.09065,0.06242,0.01169,0.09398
1,,-0.12678,-0.06004,-0.11161,-0.09564,-0.05935,-0.08758,-0.13831,-0.05602
2,7,0.12322,0.11896,0.03839,0.08336,0.19065,0.23342,0.86169,0.26498
3,7,0.37322,0.29796,0.18839,0.26236,0.44065,0.55442,1.0,0.58598
4,,0.22322,0.14796,0.03839,0.11236,0.29065,0.40442,0.85,0.43598
5,,0.07322,-0.00204,-0.11161,-0.03764,0.14065,0.25442,0.7,0.28598
6,3,0.32322,0.31896,0.88839,0.28336,0.39065,0.43342,0.85,0.46498
7,3,0.57322,0.63996,1.0,0.60436,0.64065,0.61242,1.0,0.64398
8,,0.42322,0.48996,0.85,0.45436,0.49065,0.46242,0.85,0.49398
9,,0.27322,0.33996,0.7,0.30436,0.34065,0.31242,0.7,0.34398
10,,0.12322,0.18996,0.55,0.15436,0.19065,0.16242,0.55,0.19398
11,,-0.02678,0.03996,0.4,0.00436,0.04065,0.01242,0.4,0.04398
12,1,0.97322,0.36096,0.65,0.18336,0.19065,0.19142,0.65,0.36498
13,1,1.0,0.68196,0.9,0.36236,0.34065,0.37042,0.9,0.68598
14,,0.85,0.53196,0.75,0.21236,0.19065,0.22042,0.75,0.53598
15,,0.7,0.38196,0.6,0.06236,0.04065,0.07042,0.6,0.38598
16,,0.55,0.23196,0.45,-0.08764,-0.10935,-0.07958,0.45,0.23598
17,5,0.7,0.41096,0.7,0.23336,0.89065,0.24142,0.7,0.41498
18,5,0.85,0.58996,0.95,0.55436,1.0,0.56242,0.95,0.59398
19,,0.7,0.43996,0.8,0.40436,0.85,0.41242,0.8,0.44398
20,,0.55,0.28996,0.65,0.25436,0.7,0.26242,0.65,0.29398
21,,0.4,0.13996,0.5,0.10436,0.55,0.11242,0.5,0.14398
22,,0.25,-0.01004,0.35,-0.04564,0.4,-0.03758,0.35,-0.00602
23,4,0.429,0.23996,0.671,0.95436,0.721,0.21242,0.529,0.14398
24,4,0.608,0.48996,0.992,1.0,1.0,0.46242,0.708,0.29398
25,,0.458,0.33996,0.842,0.85,0.85,0.31242,0.558,0.14398
26,,0.308,0.18996,0.692,0.7,0.7,0.16242,0.408,-0.00602
27,8,0.629,0.43996,0.871,0.85,0.879,0.41242,0.729,0.99398
28,8,0.95,0.68996,1.0,1.0,1.0,0.66242,1.0,1.0
29,,0.8,0.53996,0.85,0.85,0.85,0.51242,0.85,0.85
30,,0.65,0.38996,0.7,0.7,0.7,0.36242,0.7,0.7
31,,0.5,0.23996,0.55,0.55,0.55,0.21242,0.55,0.55
32,,0.35,0.08996,0.4,0.4,0.4,0.06242,0.4,0.4
33,,0.2,-0.06004,0.25,0.25,0.25,-0.08758,0.25,0.25
34,6,0.379,0.08996,0.429,0.5,0.571,0.91242,0.571,0.5
35,6,0.558,0.23996,0.608,0.75,0.892,1.0,0.892,0.75
36,,0.408,0.08996,0.458,0.6,0.742,0.85,0.742,0.6
37,,0.258,-0.06004,0.308,0.45,0.592,0.7,0.592,0.45
38,2,0.579,0.93996,0.629,0.7,0.771,0.85,0.771,0.7
39,2,0.9,1.0,0.95,0.95,0.95,1.0,0.95,0.95
40,,0.75,0.85,0.8,0.8,0.8,0.85,0.8,0.8
41,,0.6,0.7,0.65,0.65,0.65,0.7,0.65,0.65
42,,0.45,0.55,0.5,0.5,0.5,0.55,0.5,0.5
43,,0.3,0.4,0.35,0.35,0.35,0.4,0.35,0.35
44,,0.15,0.25,0.2,0.2,0.2,0.25,0.2,0.2
45,,0.0,0.1,0.05,0.05,0.05,0.1,0.05,0.05
46,,-0.15,-0.05,-0.1,-0.1,-0.1,-0.05,-0.1,-0.1
47,1,0.85,0.271,0.15,0.079,0.05,0.129,0.15,0.221
48,1,1.0,0.592,0.4,0.258,0.2,0.308,0.4,0.542
49,,0.85,0.442,0.25,0.108,0.05,0.158,0.25,0.392
50,,0.7,0.292,0.1,-0.042,-0.1,0.008,0.1,0.242
51,5,0.85,0.471,0.35,0.279,0.9,0.329,0.35,0.421
52,5,1.0,0.65,0.6,0.6,1.0,0.65,0.6,0.6
53,,0.85,0.5,0.45,0.45,0.85,0.5,0.45,0.45
54,,0.7,0.35,0.3,0.3,0.7,0.35,0.3,0.3
55,,0.55,0.2,0.15,0.15,0.55,0.2,0.15,0.15
56,,0.4,0.05,0.0,0.0,0.4,0.05,0.0,0.0
57,,0.25,-0.1,-0.15,-0.15,0.25,-0.1,-0.15,-0.15
58,7,0.5,0.079,0.0,0.029,0.5,0.221,0.85,0.171
59,7,0.75,0.258,0.15,0.208,0.75,0.542,1.0,0.492
60,,0.6,0.108,0.0,0.058,0.6,0.392,0.85,0.342
61,,0.45,-0.042,-0.15,-0.092,0.45,0.242,0.7,0.192
62,3,0.7,0.279,0.85,0.229,0.7,0.421,0.85,0.371
63,3,0.95,0.6,1.0,0.55,0.95,0.6,1.0,0.55
64,,0.8,0.45,0.85,0.4,0.8,0.45,0.85,0.4
65,,0.65,0.3,0.7,0.25,0.65,0.3,0.7,0.25
66,,0.5,0.15,0.55,0.1,0.5,0.15,0.55,0.1
67,,0.35,0.0,0.4,-0.05,0.35,0.0,0.4,-0.05
68,4,0.529,0.25,0.721,0.95,0.671,0.25,0.579,0.1
69,4,0.708,0.5,1.0,1.0,0.992,0.5,0.758,0.25
70,,0.558,0.35,0.85,0.85,0.842,0.35,0.608,0.1
71,,0.408,0.2,0.7,0.7,0.692,0.2,0.458,-0.05
72,8,0.729,0.45,0.879,0.85,0.871,0.45,0.779,0.95
73,8,1.0,0.7,1.0,1.0,1.0,0.7,1.0,1.0
74,,0.85,0.55,0.85,0.85,0.85,0.55,0.85,0.85
75,,0.7,0.4,0.7,0.7,0.7,0.4,0.7,0.7
76,,0.55,0.25,0.55,0.55,0.55,0.25,0.55,0.55
77,,0.4,0.1,0.4,0.4,0.4,0.1,0.4,0.4
78,,0.25,-0.05,0.25,0.25,0.25,-0.05,0.25,0.25
79,6,0.429,0.1,0.429,0.5,0.571,0.95,0.571,0.5
80,6,0.608,0.25,0.608,0.75,0.892,1.0,0.892,0.75
81,,0.458,0.1,0.458,0.6,0.742,0.85,0.742,0.6
82,,0.308,-0.05,0.308,0.45,0.592,0.7,0.592,0.45
83,2,0.629,0.95,0.629,0.7,0.771,0.85,0.771,0.7
84,2,0.95,1.0,0.95,0.95,0.95,1.0,0.95,0.95
85,,0.8,0.85,0.8,0.8,0.8,0.85,0.8,0.8
86,,0.65,0.7,0.65,0.65,0.65,0.7,0.65,0.65
87,,0.5,0.55,0.5,0.5,0.5,0.55,0.5,0.5
88,,0.35,0.4,0.35,0.35,0.35,0.4,0.35,0.35
89,,0.2,0.25,0.2,0.2,0.2,0.25,0.2,0.2
90,,0.05,0.1,0.05,0.05,0.05,0.1,0.05,0.05
91,,-0.1,-0.05,-0.1,-0.1,-0.1,-0.05,-0.1,-0.1
92,3,0.15,0.271,0.9,0.221,0.15,0.129,0.05,0.079
93,3,0.4,0.592,1.0,0.542,0.4,0.308,0.2,0.258
94,,0.25,0.442,0.85,0.392,0.25,0.158,0.05,0.108
95,,0.1,0.292,0.7,0.242,0.1,0.008,-0.1,-0.042
96,7,0.35,0.471,0.85,0.421,0.35,0.329,0.9,0.279
97,7,0.6,0.65,1.0,0.6,0.6,0.65,1.0,0.6
98,,0.45,0.5,0.85,0.45,0.45,0.5,0.85,0.45
99,,0.3,0.35,0.7,0.3,0.3,0.35,0.7,0.3
100,,0.15,0.2,0.55,0.15,0.15,0.2,0.55,0.15
101,,0.0,0.05,0.4,0.0,0.0,0.05,0.4,0.0
102,,-0.15,-0.1,0.25,-0.15,-0.15,-0.1,0.25,-0.15
103,8,0.171,0.15,0.429,0.0,0.029,0.15,0.571,0.85
104,8,0.492,0.4,0.608,0.15,0.208,0.4,0.892,1.0
105,,0.342,0.25,0.458,0.0,0.058,0.25,0.742,0.85
106,,0.192,0.1,0.308,-0.15,-0.092,0.1,0.592,0.7
107,4,0.371,0.35,0.629,0.85,0.229,0.35,0.771,0.85
108,4,0.55,0.6,0.95,1.0,0.55,0.6,0.95,1.0
109,,0.4,0.45,0.8,0.85,0.4,0.45,0.8,0.85
110,,0.25,0.3,0.65,0.7,0.25,0.3,0.65,0.7
111,,0.1,0.15,0.5,0.55,0.1,0.15,0.5,0.55
112,,-0.05,0.0,0.35,0.4,-0.05,0.0,0.35,0.4
113,5,0.1,0.179,0.6,0.721,0.95,0.321,0.6,0.579
114,5,0.25,0.358,0.85,1.0,1.0,0.642,0.85,0.758
115,,0.1,0.208,0.7,0.85,0.85,0.492,0.7,0.608
116,,-0.05,0.058,0.55,0.7,0.7,0.342,0.55,0.458
117,1,0.95,0.379,0.8,0.879,0.85,0.521,0.8,0.779
118,1,1.0,0.7,1.0,1.0,1.0,0.7,1.0,1.0
119,,0.85,0.55,0.85,0.85,0.85,0.55,0.85,0.85
120,,0.7,0.4,0.7,0.7,0.7,0.4,0.7,0.7
121,,0.55,0.25,0.55,0.55,0.55,0.25,0.55,0.55
122,,0.4,0.1,0.4,0.4,0.4,0.1,0.4,0.4
123,,0.25,-0.05,0.25,0.25,0.25,-0.05,0.25,0.25
124,2,0.571,0.95,0.571,0.5,0.429,0.1,0.429,0.5
125,2,0.892,1.0,0.892,0.75,0.608,0.25,0.608,0.75
126,,0.742,0.85,0.742,0.6,0.458,0.1,0.458,0.6
127,,0.592,0.7,0.592,0.45,0.308,-0.05,0.308,0.45
128,6,0.771,0.85,0.771,0.7,0.629,0.95,0.629,0.7
129,6,0.95,1.0,0.95,0.95,0.95,1.0,0.95,0.95
130,,0.8,0.85,0.8,0.8,0.8,0.85,0.8,0.8
131,,0.65,0.7,0.65,0.65,0.65,0.7,0.65,0.65
132,,0.5,0.55,0.5,0.5,0.5,0.55,0.5,0.5
133,,0.35,0.4,0.35,0.35,0.35,0.4,0.35,0.35
134,,0.2,0.25,0.2,0.2,0.2,0.25,0.2,0.2
135,,0.05,0.1,0.05,0.05,0.05,0.1,0.05,0.05
136,,-0.1,-0.05,-0.1,-0.1,-0.1,-0.05,-0.1,-0.1
137,7,0.15,0.129,0.05,0.079,0.15,0.271,0.9,0.221
138,7,0.4,0.308,0.2,0.258,0.4,0.592,1.0,0.542
139,,0.25,0.158,0.05,0.108,0.25,0.442,0.85,0.392
140,,0.1,0.008,-0.1,-0.042,0.1,0.292,0.7,0.242
141,3,0.35,0.329,0.9,0.279,0.35,0.471,0.85,0.421
142,3,0.6,0.65,1.0,0.6,0.6,0.65,1.0,0.6
143,,0.45,0.5,0.85,0.45,0.45,0.5,0.85,0.45
144,,0.3,0.35,0.7,0.3,0.3,0.35,0.7,0.3
145,,0.15,0.2,0.55,0.15,0.15,0.2,0.55,0.15
146,,0.0,0.05,0.4,0.0,0.0,0.05,0.4,0.0
147,,-0.15,-0.1,0.25,-0.15,-0.15,-0.1,0.25,-0.15
148,1,0.85,0.221,0.5,0.029,0.0,0.079,0.5,0.171
149,1,1.0,0.542,0.75,0.208,0.15,0.258,0.75,0.492
150,,0.85,0.392,0.6,0.058,0.0,0.108,0.6,0.342
151,,0.7,0.242,0.45,-0.092,-0.15,-0.042,0.45,0.192
152,5,0.85,0.421,0.7,0.229,0.85,0.279,0.7,0.371
153,5,1.0,0.6,0.95,0.55,1.0,0.6,0.95,0.55
154,,0.85,0.45,0.8,0.4,0.85,0.45,0.8,0.4
155,,0.7,0.3,0.65,0.25,0.7,0.3,0.65,0.25
156,,0.55,0.15,0.5,0.1,0.55,0.15,0.5,0.1
157,,0.4,0.0,0.35,-0.05,0.4,0.0,0.35,-0.05
158,8,0.721,0.25,0.529,0.1,0.579,0.25,0.671,0.95
159,8,1.0,0.5,0.708,0.25,0.758,0.5,0.992,1.0
160,,0.85,0.35,0.558,0.1,0.608,0.35,0.842,0.85
161,,0.7,0.2,0.408,-0.05,0.458,0.2,0.692,0.7
162,4,0.879,0.45,0.729,0.95,0.779,0.45,0.871,0.85
163,4,1.0,0.7,1.0,1.0,1.0,0.7,1.0,1.0
164,,0.85,0.55,0.85,0.85,0.85,0.55,0.85,0.85
165,,0.7,0.4,0.7,0.7,0.7,0.4,0.7,0.7
166,,0.55,0.25,0.55,0.55,0.55,0.25,0.55,0.55
167,,0.4,0.1,0.4,0.4,0.4,0.1,0.4,0.4
168,,0.25,-0.05,0.25,0.25,0.25,-0.05,0.25,0.25
169,6,0.429,0.1,0.429,0.5,0.571,0.95,0.571,0.5
170,6,0.608,0.25,0.608,0.75,0.892,1.0,0.892,0.75
171,,0.458,0.1,0.458,0.6,0.742,0.85,0.742,0.6
172,,0.308,-0.05,0.308,0.45,0.592,0.7,0.592,0.45
173,2,0.629,0.95,0.629,0.7,0.771,0.85,0.771,0.7
174,2,0.95,1.0,0.95,0.95,0.95,1.0,0.95,0.95
175,,0.8,0.85,0.8,0.8,0.8,0.85,0.8,0.8
176,,0.65,0.7,0.65,0.65,0.65,0.7,0.65,0.65
177,,0.5,0.55,0.5,0.5,0.5,0.55,0.5,0.5
178,,0.35,0.4,0.35,0.35,0.35,0.4,0.35,0.35
179,,0.2,0.25,0.2,0.2,0.2,0.25,0.2,0.2
180,,0.05,0.1,0.05,0.05,0.05,0.1,0.05,0.05
181,,-0.1,-0.05,-0.1,-0.1,-0.1,-0.05,-0.1,-0.1
182,4,0.079,0.2,0.221,0.9,0.221,0.2,0.079,0.05
183,4,0.258,0.45,0.542,1.0,0.542,0.45,0.258,0.2
184,,0.108,0.3,0.392,0.85,0.392,0.3,0.108,0.05
185,,-0.042,0.15,0.242,0.7,0.242,0.15,-0.042,-0.1
186,8,0.279,0.4,0.421,0.85,0.421,0.4,0.279,0.9
187,8,0.6,0.65,0.6,1.0,0.6,0.65,0.6,1.0
188,,0.45,0.5,0.45,0.85,0.45,0.5,0.45,0.85
189,,0.3,0.35,0.3,0.7,0.3,0.35,0.3,0.7
190,,0.15,0.2,0.15,0.55,0.15,0.2,0.15,0.55
191,,0.0,0.05,0.0,0.4,0.0,0.05,0.0,0.4
192,,-0.15,-0.1,-0.15,0.25,-0.15,-0.1,-0.15,0.25
193,7,0.1,0.079,0.0,0.429,0.1,0.221,0.85,0.571
194,7,0.35,0.258,0.15,0.608,0.35,0.542,1.0,0.892
195,,0.2,0.108,0.0,0.458,0.2,0.392,0.85,0.742
196,,0.05,-0.042,-0.15,0.308,0.05,0.242,0.7,0.592
197,3,0.3,0.279,0.85,0.629,0.3,0.421,0.85,0.771
198,3,0.55,0.6,1.0,0.95,0.55,0.6,1.0,0.95
199,,0.4,0.45,0.85,0.8,0.4,0.45,0.85,0.8
200,,0.25,0.3,0.7,0.65,0.25,0.3,0.7,0.65
201,,0.1,0.15,0.55,0.5,0.1,0.15,0.55,0.5
202,,-0.05,0.0,0.4,0.35,-0.05,0.0,0.4,0.35
203,1,0.95,0.321,0.65,0.529,0.1,0.179,0.65,0.671
204,1,1.0,0.642,0.9,0.708,0.25,0.358,0.9,0.992
205,,0.85,0.492,0.75,0.558,0.1,0.208,0.75,0.842
206,,0.7,0.342,0.6,0.408,-0.05,0.058,0.6,0.692
207,5,0.85,0.521,0.85,0.729,0.95,0.379,0.85,0.871
208,5,1.0,0.7,1.0,1.0,1.0,0.7,1.0,1.0
209,,0.85,0.55,0.85,0.85,0.85,0.55,0.85,0.85
210,,0.7,0.4,0.7,0.7,0.7,0.4,0.7,0.7
211,,0.55,0.25,0.55,0.55,0.55,0.25,0.55,0.55
212,,0.4,0.1,0.4,0.4,0.4,0.1,0.4,0.4
213,,0.25,-0.05,0.25,0.25,0.25,-0.05,0.25,0.25
214,6,0.429,0.1,0.429,0.5,0.571,0.95,0.571,0.5
215,6,0.608,0.25,0.608,0.75,0.892,1.0,0.892,0.75
216,,0.458,0.1,0.458,0.6,0.742,0.85,0.742,0.6
217,,0.308,-0.05,0.308,0.45,0.592,0.7,0.592,0.45
218,2,0.629,0.95,0.629,0.7,0.771,0.85,0.771,0.7
219,2,0.95,1.0,0.95,0.95,0.95,1.0,0.95,0.95
220,,0.8,0.85,0.8,0.8,0.8,0.85,0.8,0.8
221,,0.65,0.7,0.65,0.65,0.65,0.7,0.65,0.65
222,,0.5,0.55,0.5,0.5,0.5,0.55,0.5,0.5
223,,0.35,0.4,0.35,0.35,0.35,0.4,0.35,0.35
224,,0.2,0.25,0.2,0.2,0.2,0.25,0.2,0.2
225,,0.05,0.1,0.05,0.05,0.05,0.1,0.05,0.05
226,,-0.1,-0.05,-0.1,-0.1,-0.1,-0.05,-0.1,-0.1
227,1,0.9,0.271,0.15,0.079,0.05,0.129,0.15,0.221
228,1,1.0,0.592,0.4,0.258,0.2,0.308,0.4,0.542
229,,0.85,0.442,0.25,0.108,0.05,0.158,0.25,0.392
230,,0.7,0.292,0.1,-0.042,-0.1,0.008,0.1,0.242
231,5,0.85,0.471,0.35,0.279,0.9,0.329,0.35,0.421
232,5,1.0,0.65,0.6,0.6,1.0,0.65,0.6,0.6
233,,0.85,0.5,0.45,0.45,0.85,0.5,0.45,0.45
234,,0.7,0.35,0.3,0.3,0.7,0.35,0.3,0.3
235,,0.55,0.2,0.15,0.15,0.55,0.2,0.15,0.15
236,,0.4,0.05,0.0,0.0,0.4,0.05,0.0,0.0
237,,0.25,-0.1,-0.15,-0.15,0.25,-0.1,-0.15,-0.15
238,3,0.5,0.221,0.85,0.171,0.5,0.079,0.0,0.029
239,3,0.75,0.542,1.0,0.492,0.75,0.258,0.15,0.208
240,,0.6,0.392,0.85,0.342,0.6,0.108,0.0,0.058
241,,0.45,0.242,0.7,0.192,0.45,-0.042,-0.15,-0.092
242,7,0.7,0.421,0.85,0.371,0.7,0.279,0.85,0.229
243,7,0.95,0.6,1.0,0.55,0.95,0.6,1.0,0.55
244,,0.8,0.45,0.85,0.4,0.8,0.45,0.85,0.4
245,,0.65,0.3,0.7,0.25,0.65,0.3,0.7,0.25
246,,0.5,0.15,0.55,0.1,0.5,0.15,0.55,0.1
247,,0.35,0.0,0.4,-0.05,0.35,0.0,0.4,-0.05
248,4,0.529,0.25,0.721,0.95,0.671,0.25,0.579,0.1
249,4,0.708,0.5,1.0,1.0,0.992,0.5,0.758,0.25
250,,0.558,0.35,0.85,0.85,0.842,0.35,0.608,0.1
251,,0.408,0.2,0.7,0.7,0.692,0.2,0.458,-0.05
252,8,0.729,0.45,0.879,0.85,0.871,0.45,0.779,0.95
253,8,1.0,0.7,1.0,1.0,1.0,0.7,1.0,1.0
254,,0.85,0.55,0.85,0.85,0.85,0.55,0.85,0.85
255,,0.7,0.4,0.7,0.7,0.7,0.4,0.7,0.7
256,,0.55,0.25,0.55,0.55,0.55,0.25,0.55,0.55
257,,0.4,0.1,0.4,0.4,0.4,0.1,0.4,0.4
258,,0.25,-0.05,0.25,0.25,0.25,-0.05,0.25,0.25
259,2,0.571,0.95,0.571,0.5,0.429,0.1,0.429,0.5
260,2,0.892,1.0,0.892,0.75,0.608,0.25,0.608,0.75
261,,0.742,0.85,0.742,0.6,0.458,0.1,0.458,0.6
262,,0.592,0.7,0.592,0.45,0.308,-0.05,0.308,0.45
263,6,0.771,0.85,0.771,0.7,0.629,0.95,0.629,0.7
264,6,0.95,1.0,0.95,0.95,0.95,1.0,0.95,0.95
265,,0.8,0.85,0.8,0.8,0.8,0.85,0.8,0.8
266,,0.65,0.7,0.65,0.65,0.65,0.7,0.65,0.65
267,,0.5,0.55,0.5,0.5,0.5,0.55,0.5,0.5
268,,0.35,0.4,0.35,0.35,0.35,0.4,0.35,0.35
269,,0.2,0.25,0.2,0.2,0.2,0.25,0.2,0.2
270,,0.05,0.1,0.05,0.05,0.05,0.1,0.05,0.05
271,,-0.1,-0.05,-0.1,-0.1,-0.1,-0.05,-0.1,-0.1
272,4,0.079,0.2,0.221,0.9,0.221,0.2,0.079,0.05
273,4,0.258,0.45,0.542,1.0,0.542,0.45,0.258,0.2
274,,0.108,0.3,0.392,0.85,0.392,0.3,0.108,0.05
275,,-0.042,0.15,0.242,0.7,0.242,0.15,-0.042,-0.1
276,8,0.279,0.4,0.421,0.85,0.421,0.4,0.279,0.9
277,8,0.6,0.65,0.6,1.0,0.6,0.65,0.6,1.0
278,,0.45,0.5,0.45,0.85,0.45,0.5,0.45,0.85
279,,0.3,0.35,0.3,0.7,0.3,0.35,0.3,0.7
280,,0.15,0.2,0.15,0.55,0.15,0.2,0.15,0.55
281,,0.0,0.05,0.0,0.4,0.0,0.05,0.0,0.4
282,,-0.15,-0.1,-0.15,0.25,-0.15,-0.1,-0.15,0.25
283,5,0.0,0.079,0.1,0.571,0.85,0.221,0.1,0.429
284,5,0.15,0.258,0.35,0.892,1.0,0.542,0.35,0.608
285,,0.0,0.108,0.2,0.742,0.85,0.392,0.2,0.458
286,,-0.15,-0.042,0.05,0.592,0.7,0.242,0.05,0.308
287,1,0.85,0.279,0.3,0.771,0.85,0.421,0.3,0.629
288,1,1.0,0.6,0.55,0.95,1.0,0.6,0.55,0.95
289,,0.85,0.45,0.4,0.8,0.85,0.45,0.4,0.8
290,,0.7,0.3,0.25,0.65,0.7,0.3,0.25,0.65
291,,0.55,0.15,0.1,0.5,0.55,0.15,0.1,0.5
292,,0.4,0.0,-0.05,0.35,0.4,0.0,-0.05,0.35
293,3,0.65,0.321,0.95,0.671,0.65,0.179,0.1,0.529
294,3,0.9,0.642,1.0,0.992,0.9,0.358,0.25,0.708
295,,0.75,0.492,0.85,0.842,0.75,0.208,0.1,0.558
296,,0.6,0.342,0.7,0.692,0.6,0.058,-0.05,0.408
297,7,0.85,0.521,0.85,0.871,0.85,0.379,0.95,0.729
298,7,1.0,0.7,1.0,1.0,1.0,0.7,1.0,1.0
299,,0.85,0.55,0.85,0.85,0.85,0.55,0.85,0.85
300,,0.7,0.4,0.7,0.7,0.7,0.4,0.7,0.7
301,,0.55,0.25,0.55,0.55,0.55,0.25,0.55,0.55
302,,0.4,0.1,0.4,0.4,0.4,0.1,0.4,0.4
303,,0.25,-0.05,0.25,0.25,0.25,-0.05,0.25,0.25
304,6,0.429,0.1,0.429,0.5,0.571,0.95,0.571,0.5
305,6,0.608,0.25,0.608,0.75,0.892,1.0,0.892,0.75
306,,0.458,0.1,0.458,0.6,0.742,0.85,0.742,0.6
307,,0.308,-0.05,0.308,0.45,0.592,0.7,0.592,0.45
308,2,0.629,0.95,0.629,0.7,0.771,0.85,0.771,0.7
309,2,0.95,1.0,0.95,0.95,0.95,1.0,0.95,0.95
310,,0.8,0.85,0.8,0.8,0.8,0.85,0.8,0.8
311,,0.65,0.7,0.65,0.65,0.65,0.7,0.65,0.65
312,,0.5,0.55,0.5,0.5,0.5,0.55,0.5,0.5
313,,0.35,0.4,0.35,0.35,0.35,0.4,0.35,0.35
314,,0.2,0.25,0.2,0.2,0.2,0.25,0.2,0.2
315,,0.05,0.1,0.05,0.05,0.05,0.1,0.05,0.05
316,,-0.1,-0.05,-0.1,-0.1,-0.1,-0.05,-0.1,-0.1
317,5,0.05,0.129,0.15,0.221,0.9,0.271,0.15,0.079
318,5,0.2,0.308,0.4,0.542,1.0,0.592,0.4,0.258
319,,0.05,0.158,0.25,0.392,0.85,0.442,0.25,0.108
320,,-0.1,0.008,0.1,0.242,0.7,0.292,0.1,-0.042
321,1,0.9,0.329,0.35,0.421,0.85,0.471,0.35,0.279
322,1,1.0,0.65,0.6,0.6,1.0,0.65,0.6,0.6
323,,0.85,0.5,0.45,0.45,0.85,0.5,0.45,0.45
324,,0.7,0.35,0.3,0.3,0.7,0.35,0.3,0.3
325,,0.55,0.2,0.15,0.15,0.55,0.2,0.15,0.15
326,,0.4,0.05,0.0,0.0,0.4,0.05,0.0,0.0
327,,0.25,-0.1,-0.15,-0.15,0.25,-0.1,-0.15,-0.15
328,4,0.429,0.15,0.171,0.85,0.571,0.15,0.029,0.0
329,4,0.608,0.4,0.492,1.0,0.892,0.4,0.208,0.15
330,,0.458,0.25,0.342,0.85,0.742,0.25,0.058,0.0
331,,0.308,0.1,0.192,0.7,0.592,0.1,-0.092,-0.15
332,8,0.629,0.35,0.371,0.85,0.771,0.35,0.229,0.85
333,8,0.95,0.6,0.55,1.0,0.95,0.6,0.55,1.0
334,,0.8,0.45,0.4,0.85,0.8,0.45,0.4,0.85
335,,0.65,0.3,0.25,0.7,0.65,0.3,0.25,0.7
336,,0.5,0.15,0.1,0.55,0.5,0.15,0.1,0.55
337,,0.35,0.0,-0.05,0.4,0.35,0.0,-0.05,0.4
338,7,0.6,0.179,0.1,0.579,0.6,0.321,0.95,0.721
339,7,0.85,0.358,0.25,0.758,0.85,0.642,1.0,1.0
340,,0.7,0.208,0.1,0.608,0.7,0.492,0.85,0.85
341,,0.55,0.058,-0.05,0.458,0.55,0.342,0.7,0.7
342,3,0.8,0.379,0.95,0.779,0.8,0.521,0.85,0.879
343,3,1.0,0.7,1.0,1.0,1.0,0.7,1.0,1.0
344,,0.85,0.55,0.85,0.85,0.85,0.55,0.85,0.85
345,,0.7,0.4,0.7,0.7,0.7,0.4,0.7,0.7
346,,0.55,0.25,0.55,0.55,0.55,0.25,0.55,0.55
347,,0.4,0.1,0.4,0.4,0.4,0.1,0.4,0.4
348,,0.25,-0.05,0.25,0.25,0.25,-0.05,0.25,0.25
349,6,0.429,0.1,0.429,0.5,0.571,0.95,0.571,0.5
350,6,0.608,0.25,0.608,0.75,0.892,1.0,0.892,0.75
351,,0.458,0.1,0.458,0.6,0.742,0.85,0.742,0.6
352,,0.308,-0.05,0.308,0.45,0.592,0.7,0.592,0.45
353,2,0.629,0.95,0.629,0.7,0.771,0.85,0.771,0.7
354,2,0.95,1.0,0.95,0.95,0.95,1.0,0.95,0.95
355,,0.8,0.85,0.8,0.8,0.8,0.85,0.8,0.8
356,,0.65,0.7,0.65,0.65,0.65,0.7,0.65,0.65
357,,0.5,0.55,0.5,0.5,0.5,0.55,0.5,0.5
358,,0.35,0.4,0.35,0.35,0.35,0.4,0.35,0.35
359,,0.2,0.25,0.2,0.2,0.2,0.25,0.2,0.2
360,,0.05,0.1,0.05,0.05,0.05,0.1,0.05,0.05
361,,-0.1,-0.05,-0.1,-0.1,-0.1,-0.05,-0.1,-0.1
362,7,0.15,0.129,0.05,0.079,0.15,0.271,0.9,0.221
363,7,0.4,0.308,0.2,0.258,0.4,0.592,1.0,0.542
364,,0.25,0.158,0.05,0.108,0.25,0.442,0.85,0.392
365,,0.1,0.008,-0.1,-0.042,0.1,0.292,0.7,0.242
366,3,0.35,0.329,0.9,0.279,0.35,0.471,0.85,0.421
367,3,0.6,0.65,1.0,0.6,0.6,0.65,1.0,0.6
368,,0.45,0.5,0.85,0.45,0.45,0.5,0.85,0.45
369,,0.3,0.35,0.7,0.3,0.3,0.35,0.7,0.3
370,,0.15,0.2,0.55,0.15,0.15,0.2,0.55,0.15
371,,0.0,0.05,0.4,0.0,0.0,0.05,0.4,0.0
372,,-0.15,-0.1,0.25,-0.15,-0.15,-0.1,0.25,-0.15
373,5,0.0,0.079,0.5,0.171,0.85,0.221,0.5,0.029
374,5,0.15,0.258,0.75,0.492,1.0,0.542,0.75,0.208
375,,0.0,0.108,0.6,0.342,0.85,0.392,0.6,0.058
376,,-0.15,-0.042,0.45,0.192,0.7,0.242,0.45,-0.092
377,1,0.85,0.279,0.7,0.371,0.85,0.421,0.7,0.229
378,1,1.0,0.6,0.95,0.55,1.0,0.6,0.95,0.55
379,,0.85,0.45,0.8,0.4,0.85,0.45,0.8,0.4
380,,0.7,0.3,0.65,0.25,0.7,0.3,0.65,0.25
381,,0.55,0.15,0.5,0.1,0.55,0.15,0.5,0.1
382,,0.4,0.0,0.35,-0.05,0.4,0.0,0.35,-0.05
383,8,0.721,0.25,0.529,0.1,0.579,0.25,0.671,0.95
384,8,1.0,0.5,0.708,0.25,0.758,0.5,0.992,1.0
385,,0.85,0.35,0.558,0.1,0.608,0.35,0.842,0.85
386,,0.7,0.2,0.408,-0.05,0.458,0.2,0.692,0.7
387,4,0.879,0.45,0.729,0.95,0.779,0.45,0.871,0.85
388,4,1.0,0.7,1.0,1.0,1.0,0.7,1.0,1.0
389,,0.85,0.55,0.85,0.85,0.85,0.55,0.85,0.85
390,,0.7,0.4,0.7,0.7,0.7,0.4,0.7,0.7
391,,0.55,0.25,0.55,0.55,0.55,0.25,0.55,0.55
392,,0.4,0.1,0.4,0.4,0.4,0.1,0.4,0.4
393,,0.25,-0.05,0.25,0.25,0.25,-0.05,0.25,0.25
394,2,0.571,0.95,0.571,0.5,0.429,0.1,0.429,0.5
395,2,0.892,1.0,0.892,0.75,0.608,0.25,0.608,0.75
396,,0.742,0.85,0.742,0.6,0.458,0.1,0.458,0.6
397,,0.592,0.7,0.592,0.45,0.308,-0.05,0.308,0.45
398,6,0.771,0.85,0.771,0.7,0.629,0.95,0.629,0.7
399,6,0.95,1.0,0.95,0.95,0.95,1.0,0.95,0.95
400,,0.8,0.85,0.8,0.8,0.8,0.85,0.8,0.8
401,,0.65,0.7,0.65,0.65,0.65,0.7,0.65,0.65
402,,0.5,0.55,0.5,0.5,0.5,0.55,0.5,0.5
403,,0.35,0.4,0.35,0.35,0.35,0.4,0.35,0.35
404,,0.2,0.25,0.2,0.2,0.2,0.25,0.2,0.2
405,,0.05,0.1,0.05,0.05,0.05,0.1,0.05,0.05
406,,-0.1,-0.05,-0.1,-0.1,-0.1,-0.05,-0.1,-0.1
407,8,0.221,0.2,0.079,0.05,0.079,0.2,0.221,0.9
408,8,0.542,0.45,0.258,0.2,0.258,0.45,0.542,1.0
409,,0.392,0.3,0.108,0.05,0.108,0.3,0.392,0.85
410,,0.242,0.15,-0.042,-0.1,-0.042,0.15,0.242,0.7
411,4,0.421,0.4,0.279,0.9,0.279,0.4,0.421,0.85
412,4,0.6,0.65,0.6,1.0,0.6,0.65,0.6,1.0
413,,0.45,0.5,0.45,0.85,0.45,0.5,0.45,0.85
414,,0.3,0.35,0.3,0.7,0.3,0.35,0.3,0.7
415,,0.15,0.2,0.15,0.55,0.15,0.2,0.15,0.55
416,,0.0,0.05,0.0,0.4,0.0,0.05,0.0,0.4
417,,-0.15,-0.1,-0.15,0.25,-0.15,-0.1,-0.15,0.25
418,3,0.1,0.221,0.85,0.571,0.1,0.079,0.0,0.429
419,3,0.35,0.542,1.0,0.892,0.35,0.258,0.15,0.608
420,,0.2,0.392,0.85,0.742,0.2,0.108,0.0,0.458
421,,0.05,0.242,0.7,0.592,0.05,-0.042,-0.15,0.308
422,7,0.3,0.421,0.85,0.771,0.3,0.279,0.85,0.629
423,7,0.55,0.6,1.0,0.95,0.55,0.6,1.0,0.95
424,,0.4,0.45,0.85,0.8,0.4,0.45,0.85,0.8
425,,0.25,0.3,0.7,0.65,0.25,0.3,0.7,0.65
426,,0.1,0.15,0.55,0.5,0.1,0.15,0.55,0.5
427,,-0.05,0.0,0.4,0.35,-0.05,0.0,0.4,0.35
428,1,0.95,0.321,0.65,0.529,0.1,0.179,0.65,0.671
429,1,1.0,0.642,0.9,0.708,0.25,0.358,0.9,0.992
430,,0.85,0.492,0.75,0.558,0.1,0.208,0.75,0.842
431,,0.7,0.342,0.6,0.408,-0.05,0.058,0.6,0.692
432,5,0.85,0.521,0.85,0.729,0.95,0.379,0.85,0.871
433,5,1.0,0.7,1.0,1.0,1.0,0.7,1.0,1.0
434,,0.85,0.55,0.85,0.85,0.85,0.55,0.85,0.85
435,,0.7,0.4,0.7,0.7,0.7,0.4,0.7,0.7
436,,0.55,0.25,0.55,0.55,0.55,0.25,0.55,0.55
437,,0.4,0.1,0.4,0.4,0.4,0.1,0.4,0.4
438,,0.25,-0.05,0.25,0.25,0.25,-0.05,0.25,0.25
439,2,0.571,0.95,0.571,0.5,0.429,0.1,0.429,0.5
440,2,0.892,1.0,0.892,0.75,0.608,0.25,0.608,0.75
441,,0.742,0.85,0.742,0.6,0.458,0.1,0.458,0.6
442,,0.592,0.7,0.592,0.45,0.308,-0.05,0.308,0.45
443,6,0.771,0.85,0.771,0.7,0.629,0.95,0.629,0.7
444,6,0.95,1.0,0.95,0.95,0.95,1.0,0.95,0.95
445,,0.8,0.85,0.8,0.8,0.8,0.85,0.8,0.8
446,,0.65,0.7,0.65,0.65,0.65,0.7,0.65,0.65
447,,0.5,0.55,0.5,0.5,0.5,0.55,0.5,0.5
448,,0.35,0.4,0.35,0.35,0.35,0.4,0.35,0.35
449,,0.2,0.25,0.2,0.2,0.2,0.25,0.2,0.2
450,,0.05,0.1,0.05,0.05,0.05,0.1,0.05,0.05
451,,-0.1,-0.05,-0.1,-0.1,-0.1,-0.05,-0.1,-0.1
452,5,0.05,0.129,0.15,0.221,0.9,0.271,0.15,0.079
453,5,0.2,0.308,0.4,0.542,1.0,0.592,0.4,0.258
454,,0.05,0.158,0.25,0.392,0.85,0.442,0.25,0.108
455,,-0.1,0.008,0.1,0.242,0.7,0.292,0.1,-0.042
456,1,0.9,0.329,0.35,0.421,0.85,0.471,0.35,0.279
457,1,1.0,0.65,0.6,0.6,1.0,0.65,0.6,0.6
458,,0.85,0.5,0.45,0.45,0.85,0.5,0.45,0.45
459,,0.7,0.35,0.3,0.3,0.7,0.35,0.3,0.3
460,,0.55,0.2,0.15,0.15,0.55,0.2,0.15,0.15
461,,0.4,0.05,0.0,0.0,0.4,0.05,0.0,0.0
462,,0.25,-0.1,-0.15,-0.15,0.25,-0.1,-0.15,-0.15
463,3,0.5,0.221,0.85,0.171,0.5,0.079,0.0,0.029
464,3,0.75,0.542,1.0,0.492,0.75,0.258,0.15,0.208
465,,0.6,0.392,0.85,0.342,0.6,0.108,0.0,0.058
466,,0.45,0.242,0.7,0.192,0.45,-0.042,-0.15,-0.092
467,7,0.7,0.421,0.85,0.371,0.7,0.279,0.85,0.229
468,7,0.95,0.6,1.0,0.55,0.95,0.6,1.0,0.55
469,,0.8,0.45,0.85,0.4,0.8,0.45,0.85,0.4
470,,0.65,0.3,0.7,0.25,0.65,0.3,0.7,0.25
471,,0.5,0.15,0.55,0.1,0.5,0.15,0.55,0.1
472,,0.35,0.0,0.4,-0.05,0.35,0.0,0.4,-0.05
473,8,0.671,0.25,0.579,0.1,0.529,0.25,0.721,0.95
474,8,0.992,0.5,0.758,0.25,0.708,0.5,1.0,1.0
475,,0.842,0.35,0.608,0.1,0.558,0.35,0.85,0.85
476,,0.692,0.2,0.458,-0.05,0.408,0.2,0.7,0.7
477,4,0.871,0.45,0.779,0.95,0.729,0.45,0.879,0.85
478,4,1.0,0.7,1.0,1.0,1.0,0.7,1.0,1.0
479,,0.85,0.55,0.85,0.85,0.85,0.55,0.85,0.85
480,,0.7,0.4,0.7,0.7,0.7,0.4,0.7,0.7
481,,0.55,0.25,0.55,0.55,0.55,0.25,0.55,0.55
482,,0.4,0.1,0.4,0.4,0.4,0.1,0.4,0.4
483,,0.25,-0.05,0.25,0.25,0.25,-0.05,0.25,0.25
484,6,0.429,0.1,0.429,0.5,0.571,0.95,0.571,0.5
485,6,0.608,0.25,0.608,0.75,0.892,1.0,0.892,0.75
486,,0.458,0.1,0.458,0.6,0.742,0.85,0.742,0.6
487,,0.308,-0.05,0.308,0.45,0.592,0.7,0.592,0.45
488,2,0.629,0.95,0.629,0.7,0.771,0.85,0.771,0.7
489,2,0.95,1.0,0.95,0.95,0.95,1.0,0.95,0.95
490,,0.8,0.85,0.8,0.8,0.8,0.85,0.8,0.8
491,,0.65,0.7,0.65,0.65,0.65,0.7,0.65,0.65
492,,0.5,0.55,0.5,0.5,0.5,0.55,0.5,0.5
493,,0.35,0.4,0.35,0.35,0.35,0.4,0.35,0.35
494,,0.2,0.25,0.2,0.2,0.2,0.25,0.2,0.2
495,,0.05,0.1,0.05,0.05,0.05,0.1,0.05,0.05
496,,-0.1,-0.05,-0.1,-0.1,-0.1,-0.05,-0.1,-0.1
497,7,0.15,0.129,0.05,0.079,0.15,0.271,0.9,0.221
498,7,0.4,0.308,0.2,0.258,0.4,0.592,1.0,0.542
499,,0.25,0.158,0.05,0.108,0.25,0.442,0.85,0.392
