step,active_motive,motive_1,motive_2,motive_3,motive_4,motive_5,motive_6,motive_7,motive_8
0,,0.05031,0.08565,0.06587,0.01629,0.00706,0.06424,0.00265,0.05858
1,,-0.09969,-0.06435,-0.08413,-0.13371,-0.14294,-0.08576,-0.14735,-0.09142
2,7,0.15031,0.11465,0.06587,0.04529,0.10706,0.23524,0.85265,0.22958
3,7,0.40031,0.29365,0.21587,0.22429,0.35706,0.55624,1.0,0.55058
4,,0.25031,0.14365,0.06587,0.07429,0.20706,0.40624,0.85,0.40058
5,,0.10031,-0.00635,-0.08413,-0.07571,0.05706,0.25624,0.7,0.25058
6,3,0.35031,0.31465,0.91587,0.24529,0.30706,0.43524,0.85,0.42958
7,3,0.60031,0.63565,1.0,0.56629,0.55706,0.61424,1.0,0.60858
8,,0.45031,0.48565,0.85,0.41629,0.40706,0.46424,0.85,0.45858
9,,0.30031,0.33565,0.7,0.26629,0.25706,0.31424,0.7,0.30858
10,,0.15031,0.18565,0.55,0.11629,0.10706,0.16424,0.55,0.15858
11,,0.00031,0.03565,0.4,-0.03371,-0.04294,0.01424,0.4,0.00858
12,5,0.15031,0.21465,0.65,0.28729,0.95706,0.33524,0.65,0.18758
13,5,0.30031,0.39365,0.9,0.60829,1.0,0.65624,0.9,0.36658
14,,0.15031,0.24365,0.75,0.45829,0.85,0.50624,0.75,0.21658
15,,0.00031,0.09365,0.6,0.30829,0.7,0.35624,0.6,0.06658
16,,-0.14969,-0.05635,0.45,0.15829,0.55,0.20624,0.45,-0.08342
17,1,0.85031,0.26465,0.7,0.33729,0.7,0.38524,0.7,0.23758
18,1,1.0,0.58565,0.95,0.51629,0.85,0.56424,0.95,0.55858
19,,0.85,0.43565,0.8,0.36629,0.7,0.41424,0.8,0.40858
20,,0.7,0.28565,0.65,0.21629,0.55,0.26424,0.65,0.25858
21,,0.55,0.13565,0.5,0.06629,0.4,0.11424,0.5,0.10858
22,,0.4,-0.01435,0.35,-0.08371,0.25,-0.03576,0.35,-0.04142
23,4,0.579,0.23565,0.671,0.91629,0.571,0.21424,0.529,0.10858
24,4,0.758,0.48565,0.992,1.0,0.892,0.46424,0.708,0.25858
25,,0.608,0.33565,0.842,0.85,0.742,0.31424,0.558,0.10858
26,,0.458,0.18565,0.692,0.7,0.592,0.16424,0.408,-0.04142
27,8,0.779,0.43565,0.871,0.85,0.771,0.41424,0.729,0.95858
28,8,1.0,0.68565,1.0,1.0,0.95,0.66424,1.0,1.0
29,,0.85,0.53565,0.85,0.85,0.8,0.51424,0.85,0.85
30,,0.7,0.38565,0.7,0.7,0.65,0.36424,0.7,0.7
31,,0.55,0.23565,0.55,0.55,0.5,0.21424,0.55,0.55
32,,0.4,0.08565,0.4,0.4,0.35,0.06424,0.4,0.4
33,,0.25,-0.06435,0.25,0.25,0.2,-0.08576,0.25,0.25
34,6,0.429,0.08565,0.429,0.5,0.521,0.91424,0.571,0.5
35,6,0.608,0.23565,0.608,0.75,0.842,1.0,0.892,0.75
36,,0.458,0.08565,0.458,0.6,0.692,0.85,0.742,0.6
37,,0.308,-0.06435,0.308,0.45,0.542,0.7,0.592,0.45
38,2,0.629,0.93565,0.629,0.7,0.721,0.85,0.771,0.7
39,2,0.95,1.0,0.95,0.95,0.9,1.0,0.95,0.95
40,,0.8,0.85,0.8,0.8,0.75,0.85,0.8,0.8
41,,0.65,0.7,0.65,0.65,0.6,0.7,0.65,0.65
42,,0.5,0.55,0.5,0.5,0.45,0.55,0.5,0.5
43,,0.35,0.4,0.35,0.35,0.3,0.4,0.35,0.35
44,,0.2,0.25,0.2,0.2,0.15,0.25,0.2,0.2
45,,0.05,0.1,0.05,0.05,0.0,0.1,0.05,0.05
46,,-0.1,-0.05,-0.1,-0.1,-0.15,-0.05,-0.1,-0.1
47,5,0.05,0.129,0.15,0.221,0.85,0.271,0.15,0.079
48,5,0.2,0.308,0.4,0.542,1.0,0.592,0.4,0.258
49,,0.05,0.158,0.25,0.392,0.85,0.442,0.25,0.108
50,,-0.1,0.008,0.1,0.242,0.7,0.292,0.1,-0.042
51,1,0.9,0.329,0.35,0.421,0.85,0.471,0.35,0.279
52,1,1.0,0.65,0.6,0.6,1.0,0.65,0.6,0.6
53,,0.85,0.5,0.45,0.45,0.85,0.5,0.45,0.45
54,,0.7,0.35,0.3,0.3,0.7,0.35,0.3,0.3
55,,0.55,0.2,0.15,0.15,0.55,0.2,0.15,0.15
56,,0.4,0.05,0.0,0.0,0.4,0.05,0.0,0.0
57,,0.25,-0.1,-0.15,-0.15,0.25,-0.1,-0.15,-0.15
58,7,0.5,0.079,0.0,0.029,0.5,0.221,0.85,0.171
59,7,0.75,0.258,0.15,0.208,0.75,0.542,1.0,0.492
60,,0.6,0.108,0.0,0.058,0.6,0.392,0.85,0.342
61,,0.45,-0.042,-0.15,-0.092,0.45,0.242,0.7,0.192
62,3,0.7,0.279,0.85,0.229,0.7,0.421,0.85,0.371
63,3,0.95,0.6,1.0,0.55,0.95,0.6,1.0,0.55
64,,0.8,0.45,0.85,0.4,0.8,0.45,0.85,0.4
65,,0.65,0.3,0.7,0.25,0.65,0.3,0.7,0.25
66,,0.5,0.15,0.55,0.1,0.5,0.15,0.55,0.1
67,,0.35,0.0,0.4,-0.05,0.35,0.0,0.4,-0.05
68,8,0.671,0.25,0.579,0.1,0.529,0.25,0.721,0.95
69,8,0.992,0.5,0.758,0.25,0.708,0.5,1.0,1.0
70,,0.842,0.35,0.608,0.1,0.558,0.35,0.85,0.85
71,,0.692,0.2,0.458,-0.05,0.408,0.2,0.7,0.7
72,4,0.871,0.45,0.779,0.95,0.729,0.45,0.879,0.85
73,4,1.0,0.7,1.0,1.0,1.0,0.7,1.0,1.0
74,,0.85,0.55,0.85,0.85,0.85,0.55,0.85,0.85
75,,0.7,0.4,0.7,0.7,0.7,0.4,0.7,0.7
76,,0.55,0.25,0.55,0.55,0.55,0.25,0.55,0.55
77,,0.4,0.1,0.4,0.4,0.4,0.1,0.4,0.4
78,,0.25,-0.05,0.25,0.25,0.25,-0.05,0.25,0.25
79,6,0.429,0.1,0.429,0.5,0.571,0.95,0.571,0.5
80,6,0.608,0.25,0.608,0.75,0.892,1.0,0.892,0.75
81,,0.458,0.1,0.458,0.6,0.742,0.85,0.742,0.6
82,,0.308,-0.05,0.308,0.45,0.592,0.7,0.592,0.45
83,2,0.629,0.95,0.629,0.7,0.771,0.85,0.771,0.7
84,2,0.95,1.0,0.95,0.95,0.95,1.0,0.95,0.95
85,,0.8,0.85,0.8,0.8,0.8,0.85,0.8,0.8
86,,0.65,0.7,0.65,0.65,0.65,0.7,0.65,0.65
87,,0.5,0.55,0.5,0.5,0.5,0.55,0.5,0.5
88,,0.35,0.4,0.35,0.35,0.35,0.4,0.35,0.35
89,,0.2,0.25,0.2,0.2,0.2,0.25,0.2,0.2
90,,0.05,0.1,0.05,0.05,0.05,0.1,0.05,0.05
91,,-0.1,-0.05,-0.1,-0.1,-0.1,-0.05,-0.1,-0.1
92,5,0.05,0.129,0.15,0.221,0.9,0.271,0.15,0.079
93,5,0.2,0.308,0.4,0.542,1.0,0.592,0.4,0.258
94,,0.05,0.158,0.25,0.392,0.85,0.442,0.25,0.108
95,,-0.1,0.008,0.1,0.242,0.7,0.292,0.1,-0.042
96,1,0.9,0.329,0.35,0.421,0.85,0.471,0.35,0.279
97,1,1.0,0.65,0.6,0.6,1.0,0.65,0.6,0.6
98,,0.85,0.5,0.45,0.45,0.85,0.5,0.45,0.45
99,,0.7,0.35,0.3,0.3,0.7,0.35,0.3,0.3
100,,0.55,0.2,0.15,0.15,0.55,0.2,0.15,0.15
101,,0.4,0.05,0.0,0.0,0.4,0.05,0.0,0.0
102,,0.25,-0.1,-0.15,-0.15,0.25,-0.1,-0.15,-0.15
103,4,0.429,0.15,0.171,0.85,0.571,0.15,0.029,0.0
104,4,0.608,0.4,0.492,1.0,0.892,0.4,0.208,0.15
105,,0.458,0.25,0.342,0.85,0.742,0.25,0.058,0.0
106,,0.308,0.1,0.192,0.7,0.592,0.1,-0.092,-0.15
107,8,0.629,0.35,0.371,0.85,0.771,0.35,0.229,0.85
108,8,0.95,0.6,0.55,1.0,0.95,0.6,0.55,1.0
109,,0.8,0.45,0.4,0.85,0.8,0.45,0.4,0.85
110,,0.65,0.3,0.25,0.7,0.65,0.3,0.25,0.7
111,,0.5,0.15,0.1,0.55,0.5,0.15,0.1,0.55
112,,0.35,0.0,-0.05,0.4,0.35,0.0,-0.05,0.4
113,3,0.6,0.321,0.95,0.721,0.6,0.179,0.1,0.579
114,3,0.85,0.642,1.0,1.0,0.85,0.358,0.25,0.758
115,,0.7,0.492,0.85,0.85,0.7,0.208,0.1,0.608
116,,0.55,0.342,0.7,0.7,0.55,0.058,-0.05,0.458
117,7,0.8,0.521,0.85,0.879,0.8,0.379,0.95,0.779
118,7,1.0,0.7,1.0,1.0,1.0,0.7,1.0,1.0
119,,0.85,0.55,0.85,0.85,0.85,0.55,0.85,0.85
120,,0.7,0.4,0.7,0.7,0.7,0.4,0.7,0.7
121,,0.55,0.25,0.55,0.55,0.55,0.25,0.55,0.55
122,,0.4,0.1,0.4,0.4,0.4,0.1,0.4,0.4
123,,0.25,-0.05,0.25,0.25,0.25,-0.05,0.25,0.25
124,6,0.429,0.1,0.429,0.5,0.571,0.95,0.571,0.5
125,6,0.608,0.25,0.608,0.75,0.892,1.0,0.892,0.75
126,,0.458,0.1,0.458,0.6,0.742,0.85,0.742,0.6
127,,0.308,-0.05,0.308,0.45,0.592,0.7,0.592,0.45
128,2,0.629,0.95,0.629,0.7,0.771,0.85,0.771,0.7
129,2,0.95,1.0,0.95,0.95,0.95,1.0,0.95,0.95
130,,0.8,0.85,0.8,0.8,0.8,0.85,0.8,0.8
131,,0.65,0.7,0.65,0.65,0.65,0.7,0.65,0.65
132,,0.5,0.55,0.5,0.5,0.5,0.55,0.5,0.5
133,,0.35,0.4,0.35,0.35,0.35,0.4,0.35,0.35
134,,0.2,0.25,0.2,0.2,0.2,0.25,0.2,0.2
135,,0.05,0.1,0.05,0.05,0.05,0.1,0.05,0.05
136,,-0.1,-0.05,-0.1,-0.1,-0.1,-0.05,-0.1,-0.1
137,1,0.9,0.271,0.15,0.079,0.05,0.129,0.15,0.221
138,1,1.0,0.592,0.4,0.258,0.2,0.308,0.4,0.542
139,,0.85,0.442,0.25,0.108,0.05,0.158,0.25,0.392
140,,0.7,0.292,0.1,-0.042,-0.1,0.008,0.1,0.242
141,5,0.85,0.471,0.35,0.279,0.9,0.329,0.35,0.421
142,5,1.0,0.65,0.6,0.6,1.0,0.65,0.6,0.6
143,,0.85,0.5,0.45,0.45,0.85,0.5,0.45,0.45
144,,0.7,0.35,0.3,0.3,0.7,0.35,0.3,0.3
145,,0.55,0.2,0.15,0.15,0.55,0.2,0.15,0.15
146,,0.4,0.05,0.0,0.0,0.4,0.05,0.0,0.0
147,,0.25,-0.1,-0.15,-0.15,0.25,-0.1,-0.15,-0.15
148,3,0.5,0.221,0.85,0.171,0.5,0.079,0.0,0.029
149,3,0.75,0.542,1.0,0.492,0.75,0.258,0.15,0.208
150,,0.6,0.392,0.85,0.342,0.6,0.108,0.0,0.058
151,,0.45,0.242,0.7,0.192,0.45,-0.042,-0.15,-0.092
152,7,0.7,0.421,0.85,0.371,0.7,0.279,0.85,0.229
153,7,0.95,0.6,1.0,0.55,0.95,0.6,1.0,0.55
154,,0.8,0.45,0.85,0.4,0.8,0.45,0.85,0.4
155,,0.65,0.3,0.7,0.25,0.65,0.3,0.7,0.25
156,,0.5,0.15,0.55,0.1,0.5,0.15,0.55,0.1
157,,0.35,0.0,0.4,-0.05,0.35,0.0,0.4,-0.05
158,4,0.529,0.25,0.721,0.95,0.671,0.25,0.579,0.1
159,4,0.708,0.5,1.0,1.0,0.992,0.5,0.758,0.25
160,,0.558,0.35,0.85,0.85,0.842,0.35,0.608,0.1
161,,0.408,0.2,0.7,0.7,0.692,0.2,0.458,-0.05
162,8,0.729,0.45,0.879,0.85,0.871,0.45,0.779,0.95
163,8,1.0,0.7,1.0,1.0,1.0,0.7,1.0,1.0
164,,0.85,0.55,0.85,0.85,0.85,0.55,0.85,0.85
165,,0.7,0.4,0.7,0.7,0.7,0.4,0.7,0.7
166,,0.55,0.25,0.55,0.55,0.55,0.25,0.55,0.55
167,,0.4,0.1,0.4,0.4,0.4,0.1,0.4,0.4
168,,0.25,-0.05,0.25,0.25,0.25,-0.05,0.25,0.25
169,2,0.571,0.95,0.571,0.5,0.429,0.1,0.429,0.5
170,2,0.892,1.0,0.892,0.75,0.608,0.25,0.608,0.75
171,,0.742,0.85,0.742,0.6,0.458,0.1,0.458,0.6
172,,0.592,0.7,0.592,0.45,0.308,-0.05,0.308,0.45
173,6,0.771,0.85,0.771,0.7,0.629,0.95,0.629,0.7
174,6,0.95,1.0,0.95,0.95,0.95,1.0,0.95,0.95
175,,0.8,0.85,0.8,0.8,0.8,0.85,0.8,0.8
176,,0.65,0.7,0.65,0.65,0.65,0.7,0.65,0.65
177,,0.5,0.55,0.5,0.5,0.5,0.55,0.5,0.5
178,,0.35,0.4,0.35,0.35,0.35,0.4,0.35,0.35
179,,0.2,0.25,0.2,0.2,0.2,0.25,0.2,0.2
180,,0.05,0.1,0.05,0.05,0.05,0.1,0.05,0.05
181,,-0.1,-0.05,-0.1,-0.1,-0.1,-0.05,-0.1,-0.1
182,4,0.079,0.2,0.221,0.9,0.221,0.2,0.079,0.05
183,4,0.258,0.45,0.542,1.0,0.542,0.45,0.258,0.2
184,,0.108,0.3,0.392,0.85,0.392,0.3,0.108,0.05
185,,-0.042,0.15,0.242,0.7,0.242,0.15,-0.042,-0.1
186,8,0.279,0.4,0.421,0.85,0.421,0.4,0.279,0.9
187,8,0.6,0.65,0.6,1.0,0.6,0.65,0.6,1.0
188,,0.45,0.5,0.45,0.85,0.45,0.5,0.45,0.85
189,,0.3,0.35,0.3,0.7,0.3,0.35,0.3,0.7
190,,0.15,0.2,0.15,0.55,0.15,0.2,0.15,0.55
191,,0.0,0.05,0.0,0.4,0.0,0.05,0.0,0.4
192,,-0.15,-0.1,-0.15,0.25,-0.15,-0.1,-0.15,0.25
193,1,0.85,0.221,0.1,0.429,0.0,0.079,0.1,0.571
194,1,1.0,0.542,0.35,0.608,0.15,0.258,0.35,0.892
195,,0.85,0.392,0.2,0.458,0.0,0.108,0.2,0.742
196,,0.7,0.242,0.05,0.308,-0.15,-0.042,0.05,0.592
197,5,0.85,0.421,0.3,0.629,0.85,0.279,0.3,0.771
198,5,1.0,0.6,0.55,0.95,1.0,0.6,0.55,0.95
199,,0.85,0.45,0.4,0.8,0.85,0.45,0.4,0.8
200,,0.7,0.3,0.25,0.65,0.7,0.3,0.25,0.65
201,,0.55,0.15,0.1,0.5,0.55,0.15,0.1,0.5
202,,0.4,0.0,-0.05,0.35,0.4,0.0,-0.05,0.35
203,7,0.65,0.179,0.1,0.529,0.65,0.321,0.95,0.671
204,7,0.9,0.358,0.25,0.708,0.9,0.642,1.0,0.992
205,,0.75,0.208,0.1,0.558,0.75,0.492,0.85,0.842
206,,0.6,0.058,-0.05,0.408,0.6,0.342,0.7,0.692
207,3,0.85,0.379,0.95,0.729,0.85,0.521,0.85,0.871
208,3,1.0,0.7,1.0,1.0,1.0,0.7,1.0,1.0
209,,0.85,0.55,0.85,0.85,0.85,0.55,0.85,0.85
210,,0.7,0.4,0.7,0.7,0.7,0.4,0.7,0.7
211,,0.55,0.25,0.55,0.55,0.55,0.25,0.55,0.55
212,,0.4,0.1,0.4,0.4,0.4,0.1,0.4,0.4
213,,0.25,-0.05,0.25,0.25,0.25,-0.05,0.25,0.25
214,2,0.571,0.95,0.571,0.5,0.429,0.1,0.429,0.5
215,2,0.892,1.0,0.892,0.75,0.608,0.25,0.608,0.75
216,,0.742,0.85,0.742,0.6,0.458,0.1,0.458,0.6
217,,0.592,0.7,0.592,0.45,0.308,-0.05,0.308,0.45
218,6,0.771,0.85,0.771,0.7,0.629,0.95,0.629,0.7
219,6,0.95,1.0,0.95,0.95,0.95,1.0,0.95,0.95
220,,0.8,0.85,0.8,0.8,0.8,0.85,0.8,0.8
221,,0.65,0.7,0.65,0.65,0.65,0.7,0.65,0.65
222,,0.5,0.55,0.5,0.5,0.5,0.55,0.5,0.5
223,,0.35,0.4,0.35,0.35,0.35,0.4,0.35,0.35
224,,0.2,0.25,0.2,0.2,0.2,0.25,0.2,0.2
225,,0.05,0.1,0.05,0.05,0.05,0.1,0.05,0.05
226,,-0.1,-0.05,-0.1,-0.1,-0.1,-0.05,-0.1,-0.1
227,1,0.9,0.271,0.15,0.079,0.05,0.129,0.15,0.221
228,1,1.0,0.592,0.4,0.258,0.2,0.308,0.4,0.542
229,,0.85,0.442,0.25,0.108,0.05,0.158,0.25,0.392
230,,0.7,0.292,0.1,-0.042,-0.1,0.008,0.1,0.242
231,5,0.85,0.471,0.35,0.279,0.9,0.329,0.35,0.421
232,5,1.0,0.65,0.6,0.6,1.0,0.65,0.6,0.6
233,,0.85,0.5,0.45,0.45,0.85,0.5,0.45,0.45
234,,0.7,0.35,0.3,0.3,0.7,0.35,0.3,0.3
235,,0.55,0.2,0.15,0.15,0.55,0.2,0.15,0.15
236,,0.4,0.05,0.0,0.0,0.4,0.05,0.0,0.0
237,,0.25,-0.1,-0.15,-0.15,0.25,-0.1,-0.15,-0.15
238,3,0.5,0.221,0.85,0.171,0.5,0.079,0.0,0.029
239,3,0.75,0.542,1.0,0.492,0.75,0.258,0.15,0.208
240,,0.6,0.392,0.85,0.342,0.6,0.108,0.0,0.058
241,,0.45,0.242,0.7,0.192,0.45,-0.042,-0.15,-0.092
242,7,0.7,0.421,0.85,0.371,0.7,0.279,0.85,0.229
243,7,0.95,0.6,1.0,0.55,0.95,0.6,1.0,0.55
244,,0.8,0.45,0.85,0.4,0.8,0.45,0.85,0.4
245,,0.65,0.3,0.7,0.25,0.65,0.3,0.7,0.25
246,,0.5,0.15,0.55,0.1,0.5,0.15,0.55,0.1
247,,0.35,0.0,0.4,-0.05,0.35,0.0,0.4,-0.05
248,8,0.671,0.25,0.579,0.1,0.529,0.25,0.721,0.95
249,8,0.992,0.5,0.758,0.25,0.708,0.5,1.0,1.0
250,,0.842,0.35,0.608,0.1,0.558,0.35,0.85,0.85
251,,0.692,0.2,0.458,-0.05,0.408,0.2,0.7,0.7
252,4,0.871,0.45,0.779,0.95,0.729,0.45,0.879,0.85
253,4,1.0,0.7,1.0,1.0,1.0,0.7,1.0,1.0
254,,0.85,0.55,0.85,0.85,0.85,0.55,0.85,0.85
255,,0.7,0.4,0.7,0.7,0.7,0.4,0.7,0.7
256,,0.55,0.25,0.55,0.55,0.55,0.25,0.55,0.55
257,,0.4,0.1,0.4,0.4,0.4,0.1,0.4,0.4
258,,0.25,-0.05,0.25,0.25,0.25,-0.05,0.25,0.25
259,6,0.429,0.1,0.429,0.5,0.571,0.95,0.571,0.5
260,6,0.608,0.25,0.608,0.75,0.892,1.0,0.892,0.75
261,,0.458,0.1,0.458,0.6,0.742,0.85,0.742,0.6
262,,0.308,-0.05,0.308,0.45,0.592,0.7,0.592,0.45
263,2,0.629,0.95,0.629,0.7,0.771,0.85,0.771,0.7
264,2,0.95,1.0,0.95,0.95,0.95,1.0,0.95,0.95
265,,0.8,0.85,0.8,0.8,0.8,0.85,0.8,0.8
266,,0.65,0.7,0.65,0.65,0.65,0.7,0.65,0.65
267,,0.5,0.55,0.5,0.5,0.5,0.55,0.5,0.5
268,,0.35,0.4,0.35,0.35,0.35,0.4,0.35,0.35
269,,0.2,0.25,0.2,0.2,0.2,0.25,0.2,0.2
270,,0.05,0.1,0.05,0.05,0.05,0.1,0.05,0.05
271,,-0.1,-0.05,-0.1,-0.1,-0.1,-0.05,-0.1,-0.1
272,4,0.079,0.2,0.221,0.9,0.221,0.2,0.079,0.05
273,4,0.258,0.45,0.542,1.0,0.542,0.45,0.258,0.2
274,,0.108,0.3,0.392,0.85,0.392,0.3,0.108,0.05
275,,-0.042,0.15,0.242,0.7,0.242,0.15,-0.042,-0.1
276,8,0.279,0.4,0.421,0.85,0.421,0.4,0.279,0.9
277,8,0.6,0.65,0.6,1.0,0.6,0.65,0.6,1.0
278,,0.45,0.5,0.45,0.85,0.45,0.5,0.45,0.85
279,,0.3,0.35,0.3,0.7,0.3,0.35,0.3,0.7
280,,0.15,0.2,0.15,0.55,0.15,0.2,0.15,0.55
281,,0.0,0.05,0.0,0.4,0.0,0.05,0.0,0.4
282,,-0.15,-0.1,-0.15,0.25,-0.15,-0.1,-0.15,0.25
283,7,0.1,0.079,0.0,0.429,0.1,0.221,0.85,0.571
284,7,0.35,0.258,0.15,0.608,0.35,0.542,1.0,0.892
285,,0.2,0.108,0.0,0.458,0.2,0.392,0.85,0.742
286,,0.05,-0.042,-0.15,0.308,0.05,0.242,0.7,0.592
287,3,0.3,0.279,0.85,0.629,0.3,0.421,0.85,0.771
288,3,0.55,0.6,1.0,0.95,0.55,0.6,1.0,0.95
289,,0.4,0.45,0.85,0.8,0.4,0.45,0.85,0.8
290,,0.25,0.3,0.7,0.65,0.25,0.3,0.7,0.65
291,,0.1,0.15,0.55,0.5,0.1,0.15,0.55,0.5
292,,-0.05,0.0,0.4,0.35,-0.05,0.0,0.4,0.35
293,1,0.95,0.321,0.65,0.529,0.1,0.179,0.65,0.671
294,1,1.0,0.642,0.9,0.708,0.25,0.358,0.9,0.992
295,,0.85,0.492,0.75,0.558,0.1,0.208,0.75,0.842
296,,0.7,0.342,0.6,0.408,-0.05,0.058,0.6,0.692
297,5,0.85,0.521,0.85,0.729,0.95,0.379,0.85,0.871
298,5,1.0,0.7,1.0,1.0,1.0,0.7,1.0,1.0
299,,0.85,0.55,0.85,0.85,0.85,0.55,0.85,0.85
300,,0.7,0.4,0.7,0.7,0.7,0.4,0.7,0.7
301,,0.55,0.25,0.55,0.55,0.55,0.25,0.55,0.55
302,,0.4,0.1,0.4,0.4,0.4,0.1,0.4,0.4
303,,0.25,-0.05,0.25,0.25,0.25,-0.05,0.25,0.25
304,2,0.571,0.95,0.571,0.5,0.429,0.1,0.429,0.5
305,2,0.892,1.0,0.892,0.75,0.608,0.25,0.608,0.75
306,,0.742,0.85,0.742,0.6,0.458,0.1,0.458,0.6
307,,0.592,0.7,0.592,0.45,0.308,-0.05,0.308,0.45
308,6,0.771,0.85,0.771,0.7,0.629,0.95,0.629,0.7
309,6,0.95,1.0,0.95,0.95,0.95,1.0,0.95,0.95
310,,0.8,0.85,0.8,0.8,0.8,0.85,0.8,0.8
311,,0.65,0.7,0.65,0.65,0.65,0.7,0.65,0.65
312,,0.5,0.55,0.5,0.5,0.5,0.55,0.5,0.5
313,,0.35,0.4,0.35,0.35,0.35,0.4,0.35,0.35
314,,0.2,0.25,0.2,0.2,0.2,0.25,0.2,0.2
315,,0.05,0.1,0.05,0.05,0.05,0.1,0.05,0.05
316,,-0.1,-0.05,-0.1,-0.1,-0.1,-0.05,-0.1,-0.1
317,5,0.05,0.129,0.15,0.221,0.9,0.271,0.15,0.079
318,5,0.2,0.308,0.4,0.542,1.0,0.592,0.4,0.258
319,,0.05,0.158,0.25,0.392,0.85,0.442,0.25,0.108
320,,-0.1,0.008,0.1,0.242,0.7,0.292,0.1,-0.042
321,1,0.9,0.329,0.35,0.421,0.85,0.471,0.35,0.279
322,1,1.0,0.65,0.6,0.6,1.0,0.65,0.6,0.6
323,,0.85,0.5,0.45,0.45,0.85,0.5,0.45,0.45
324,,0.7,0.35,0.3,0.3,0.7,0.35,0.3,0.3
325,,0.55,0.2,0.15,0.15,0.55,0.2,0.15,0.15
326,,0.4,0.05,0.0,0.0,0.4,0.05,0.0,0.0
327,,0.25,-0.1,-0.15,-0.15,0.25,-0.1,-0.15,-0.15
328,7,0.5,0.079,0.0,0.029,0.5,0.221,0.85,0.171
329,7,0.75,0.258,0.15,0.208,0.75,0.542,1.0,0.492
330,,0.6,0.108,0.0,0.058,0.6,0.392,0.85,0.342
331,,0.45,-0.042,-0.15,-0.092,0.45,0.242,0.7,0.192
332,3,0.7,0.279,0.85,0.229,0.7,0.421,0.85,0.371
333,3,0.95,0.6,1.0,0.55,0.95,0.6,1.0,0.55
334,,0.8,0.45,0.85,0.4,0.8,0.45,0.85,0.4
335,,0.65,0.3,0.7,0.25,0.65,0.3,0.7,0.25
336,,0.5,0.15,0.55,0.1,0.5,0.15,0.55,0.1
337,,0.35,0.0,0.4,-0.05,0.35,0.0,0.4,-0.05
338,8,0.671,0.25,0.579,0.1,0.529,0.25,0.721,0.95
339,8,0.992,0.5,0.758,0.25,0.708,0.5,1.0,1.0
340,,0.842,0.35,0.608,0.1,0.558,0.35,0.85,0.85
341,,0.692,0.2,0.458,-0.05,0.408,0.2,0.7,0.7
342,4,0.871,0.45,0.779,0.95,0.729,0.45,0.879,0.85
343,4,1.0,0.7,1.0,1.0,1.0,0.7,1.0,1.0
344,,0.85,0.55,0.85,0.85,0.85,0.55,0.85,0.85
345,,0.7,0.4,0.7,0.7,0.7,0.4,0.7,0.7
346,,0.55,0.25,0.55,0.55,0.55,0.25,0.55,0.55
347,,0.4,0.1,0.4,0.4,0.4,0.1,0.4,0.4
348,,0.25,-0.05,0.25,0.25,0.25,-0.05,0.25,0.25
349,6,0.429,0.1,0.429,0.5,0.571,0.95,0.571,0.5
350,6,0.608,0.25,0.608,0.75,0.892,1.0,0.892,0.75
351,,0.458,0.1,0.458,0.6,0.742,0.85,0.742,0.6
352,,0.308,-0.05,0.308,0.45,0.592,0.7,0.592,0.45
353,2,0.629,0.95,0.629,0.7,0.771,0.85,0.771,0.7
354,2,0.95,1.0,0.95,0.95,0.95,1.0,0.95,0.95
355,,0.8,0.85,0.8,0.8,0.8,0.85,0.8,0.8
356,,0.65,0.7,0.65,0.65,0.65,0.7,0.65,0.65
357,,0.5,0.55,0.5,0.5,0.5,0.55,0.5,0.5
358,,0.35,0.4,0.35,0.35,0.35,0.4,0.35,0.35
359,,0.2,0.25,0.2,0.2,0.2,0.25,0.2,0.2
360,,0.05,0.1,0.05,0.05,0.05,0.1,0.05,0.05
361,,-0.1,-0.05,-0.1,-0.1,-0.1,-0.05,-0.1,-0.1
362,7,0.15,0.129,0.05,0.079,0.15,0.271,0.9,0.221
363,7,0.4,0.308,0.2,0.258,0.4,0.592,1.0,0.542
364,,0.25,0.158,0.05,0.108,0.25,0.442,0.85,0.392
365,,0.1,0.008,-0.1,-0.042,0.1,0.292,0.7,0.242
366,3,0.35,0.329,0.9,0.279,0.35,0.471,0.85,0.421
367,3,0.6,0.65,1.0,0.6,0.6,0.65,1.0,0.6
368,,0.45,0.5,0.85,0.45,0.45,0.5,0.85,0.45
369,,0.3,0.35,0.7,0.3,0.3,0.35,0.7,0.3
370,,0.15,0.2,0.55,0.15,0.15,0.2,0.55,0.15
371,,0.0,0.05,0.4,0.0,0.0,0.05,0.4,0.0
372,,-0.15,-0.1,0.25,-0.15,-0.15,-0.1,0.25,-0.15
373,5,0.0,0.079,0.5,0.171,0.85,0.221,0.5,0.029
374,5,0.15,0.258,0.75,0.492,1.0,0.542,0.75,0.208
375,,0.0,0.108,0.6,0.342,0.85,0.392,0.6,0.058
376,,-0.15,-0.042,0.45,0.192,0.7,0.242,0.45,-0.092
377,1,0.85,0.279,0.7,0.371,0.85,0.421,0.7,0.229
378,1,1.0,0.6,0.95,0.55,1.0,0.6,0.95,0.55
379,,0.85,0.45,0.8,0.4,0.85,0.45,0.8,0.4
380,,0.7,0.3,0.65,0.25,0.7,0.3,0.65,0.25
381,,0.55,0.15,0.5,0.1,0.55,0.15,0.5,0.1
382,,0.4,0.0,0.35,-0.05,0.4,0.0,0.35,-0.05
383,8,0.721,0.25,0.529,0.1,0.579,0.25,0.671,0.95
384,8,1.0,0.5,0.708,0.25,0.758,0.5,0.992,1.0
385,,0.85,0.35,0.558,0.1,0.608,0.35,0.842,0.85
386,,0.7,0.2,0.408,-0.05,0.458,0.2,0.692,0.7
387,4,0.879,0.45,0.729,0.95,0.779,0.45,0.871,0.85
388,4,1.0,0.7,1.0,1.0,1.0,0.7,1.0,1.0
389,,0.85,0.55,0.85,0.85,0.85,0.55,0.85,0.85
390,,0.7,0.4,0.7,0.7,0.7,0.4,0.7,0.7
391,,0.55,0.25,0.55,0.55,0.55,0.25,0.55,0.55
392,,0.4,0.1,0.4,0.4,0.4,0.1,0.4,0.4
393,,0.25,-0.05,0.25,0.25,0.25,-0.05,0.25,0.25
394,2,0.571,0.95,0.571,0.5,0.429,0.1,0.429,0.5
395,2,0.892,1.0,0.892,0.75,0.608,0.25,0.608,0.75
396,,0.742,0.85,0.742,0.6,0.458,0.1,0.458,0.6
397,,0.592,0.7,0.592,0.45,0.308,-0.05,0.308,0.45
398,6,0.771,0.85,0.771,0.7,0.629,0.95,0.629,0.7
399,6,0.95,1.0,0.95,0.95,0.95,1.0,0.95,0.95
400,,0.8,0.85,0.8,0.8,0.8,0.85,0.8,0.8
401,,0.65,0.7,0.65,0.65,0.65,0.7,0.65,0.65
402,,0.5,0.55,0.5,0.5,0.5,0.55,0.5,0.5
403,,0.35,0.4,0.35,0.35,0.35,0.4,0.35,0.35
404,,0.2,0.25,0.2,0.2,0.2,0.25,0.2,0.2
405,,0.05,0.1,0.05,0.05,0.05,0.1,0.05,0.05
406,,-0.1,-0.05,-0.1,-0.1,-0.1,-0.05,-0.1,-0.1
407,1,0.9,0.271,0.15,0.079,0.05,0.129,0.15,0.221
408,1,1.0,0.592,0.4,0.258,0.2,0.308,0.4,0.542
409,,0.85,0.442,0.25,0.108,0.05,0.158,0.25,0.392
410,,0.7,0.292,0.1,-0.042,-0.1,0.008,0.1,0.242
411,5,0.85,0.471,0.35,0.279,0.9,0.329,0.35,0.421
412,5,1.0,0.65,0.6,0.6,1.0,0.65,0.6,0.6
413,,0.85,0.5,0.45,0.45,0.85,0.5,0.45,0.45
414,,0.7,0.35,0.3,0.3,0.7,0.35,0.3,0.3
415,,0.55,0.2,0.15,0.15,0.55,0.2,0.15,0.15
416,,0.4,0.05,0.0,0.0,0.4,0.05,0.0,0.0
417,,0.25,-0.1,-0.15,-0.15,0.25,-0.1,-0.15,-0.15
418,4,0.429,0.15,0.171,0.85,0.571,0.15,0.029,0.0
419,4,0.608,0.4,0.492,1.0,0.892,0.4,0.208,0.15
420,,0.458,0.25,0.342,0.85,0.742,0.25,0.058,0.0
421,,0.308,0.1,0.192,0.7,0.592,0.1,-0.092,-0.15
422,8,0.629,0.35,0.371,0.85,0.771,0.35,0.229,0.85
423,8,0.95,0.6,0.55,1.0,0.95,0.6,0.55,1.0
424,,0.8,0.45,0.4,0.85,0.8,0.45,0.4,0.85
425,,0.65,0.3,0.25,0.7,0.65,0.3,0.25,0.7
426,,0.5,0.15,0.1,0.55,0.5,0.15,0.1,0.55
427,,0.35,0.0,-0.05,0.4,0.35,0.0,-0.05,0.4
428,7,0.6,0.179,0.1,0.579,0.6,0.321,0.95,0.721
429,7,0.85,0.358,0.25,0.758,0.85,0.642,1.0,1.0
430,,0.7,0.208,0.1,0.608,0.7,0.492,0.85,0.85
431,,0.55,0.058,-0.05,0.458,0.55,0.342,0.7,0.7
432,3,0.8,0.379,0.95,0.779,0.8,0.521,0.85,0.879
433,3,1.0,0.7,1.0,1.0,1.0,0.7,1.0,1.0
434,,0.85,0.55,0.85,0.85,0.85,0.55,0.85,0.85
435,,0.7,0.4,0.7,0.7,0.7,0.4,0.7,0.7
436,,0.55,0.25,0.55,0.55,0.55,0.25,0.55,0.55
437,,0.4,0.1,0.4,0.4,0.4,0.1,0.4,0.4
438,,0.25,-0.05,0.25,0.25,0.25,-0.05,0.25,0.25
439,2,0.571,0.95,0.571,0.5,0.429,0.1,0.429,0.5
440,2,0.892,1.0,0.892,0.75,0.608,0.25,0.608,0.75
441,,0.742,0.85,0.742,0.6,0.458,0.1,0.458,0.6
442,,0.592,0.7,0.592,0.45,0.308,-0.05,0.308,0.45
443,6,0.771,0.85,0.771,0.7,0.629,0.95,0.629,0.7
444,6,0.95,1.0,0.95,0.95,0.95,1.0,0.95,0.95
445,,0.8,0.85,0.8,0.8,0.8,0.85,0.8,0.8
446,,0.65,0.7,0.65,0.65,0.65,0.7,0.65,0.65
447,,0.5,0.55,0.5,0.5,0.5,0.55,0.5,0.5
448,,0.35,0.4,0.35,0.35,0.35,0.4,0.35,0.35
449,,0.2,0.25,0.2,0.2,0.2,0.25,0.2,0.2
450,,0.05,0.1,0.05,0.05,0.05,0.1,0.05,0.05
451,,-0.1,-0.05,-0.1,-0.1,-0.1,-0.05,-0.1,-0.1
452,3,0.15,0.271,0.9,0.221,0.15,0.129,0.05,0.079
453,3,0.4,0.592,1.0,0.542,0.4,0.308,0.2,0.258
454,,0.25,0.442,0.85,0.392,0.25,0.158,0.05,0.108
455,,0.1,0.292,0.7,0.242,0.1,0.008,-0.1,-0.042
456,7,0.35,0.471,0.85,0.421,0.35,0.329,0.9,0.279
457,7,0.6,0.65,1.0,0.6,0.6,0.65,1.0,0.6
458,,0.45,0.5,0.85,0.45,0.45,0.5,0.85,0.45
459,,0.3,0.35,0.7,0.3,0.3,0.35,0.7,0.3
460,,0.15,0.2,0.55,0.15,0.15,0.2,0.55,0.15
461,,0.0,0.05,0.4,0.0,0.0,0.05,0.4,0.0
462,,-0.15,-0.1,0.25,-0.15,-0.15,-0.1,0.25,-0.15
463,4,0.029,0.15,0.571,0.85,0.171,0.15,0.429,0.0
464,4,0.208,0.4,0.892,1.0,0.492,0.4,0.608,0.15
465,,0.058,0.25,0.742,0.85,0.342,0.25,0.458,0.0
466,,-0.092,0.1,0.592,0.7,0.192,0.1,0.308,-0.15
467,8,0.229,0.35,0.771,0.85,0.371,0.35,0.629,0.85
468,8,0.55,0.6,0.95,1.0,0.55,0.6,0.95,1.0
469,,0.4,0.45,0.8,0.85,0.4,0.45,0.8,0.85
470,,0.25,0.3,0.65,0.7,0.25,0.3,0.65,0.7
471,,0.1,0.15,0.5,0.55,0.1,0.15,0.5,0.55
472,,-0.05,0.0,0.35,0.4,-0.05,0.0,0.35,0.4
473,5,0.1,0.179,0.6,0.721,0.95,0.321,0.6,0.579
474,5,0.25,0.358,0.85,1.0,1.0,0.642,0.85,0.758
475,,0.1,0.208,0.7,0.85,0.85,0.492,0.7,0.608
476,,-0.05,0.058,0.55,0.7,0.7,0.342,0.55,0.458
477,1,0.95,0.379,0.8,0.879,0.85,0.521,0.8,0.779
478,1,1.0,0.7,1.0,1.0,1.0,0.7,1.0,1.0
479,,0.85,0.55,0.85,0.85,0.85,0.55,0.85,0.85
480,,0.7,0.4,0.7,0.7,0.7,0.4,0.7,0.7
481,,0.55,0.25,0.55,0.55,0.55,0.25,0.55,0.55
482,,0.4,0.1,0.4,0.4,0.4,0.1,0.4,0.4
483,,0.25,-0.05,0.25,0.25,0.25,-0.05,0.25,0.25
484,6,0.429,0.1,0.429,0.5,0.571,0.95,0.571,0.5
485,6,0.608,0.25,0.608,0.75,0.892,1.0,0.892,0.75
486,,0.458,0.1,0.458,0.6,0.742,0.85,0.742,0.6
487,,0.308,-0.05,0.308,0.45,0.592,0.7,0.592,0.45
488,2,0.629,0.95,0.629,0.7,0.771,0.85,0.771,0.7
489,2,0.95,1.0,0.95,0.95,0.95,1.0,0.95,0.95
490,,0.8,0.85,0.8,0.8,0.8,0.85,0.8,0.8
491,,0.65,0.7,0.65,0.65,0.65,0.7,0.65,0.65
492,,0.5,0.55,0.5,0.5,0.5,0.55,0.5,0.5
493,,0.35,0.4,0.35,0.35,0.35,0.4,0.35,0.35
494,,0.2,0.25,0.2,0.2,0.2,0.25,0.2,0.2
495,,0.05,0.1,0.05,0.05,0.05,0.1,0.05,0.05
496,,-0.1,-0.05,-0.1,-0.1,-0.1,-0.05,-0.1,-0.1
497,3,0.15,0.271,0.9,0.221,0.15,0.129,0.05,0.079
498,3,0.4,0.592,1.0,0.542,0.4,0.308,0.2,0.258
499,,0.25,0.442,0.85,0.392,0.25,0.158,0.05,0.108
