step,active_motive,motive_1,motive_2,motive_3,motive_4,motive_5,motive_6,motive_7,motive_8
0,,0.09699,0.08421,0.08383,0.04687,0.04148,0.02734,0.00564,0.08647
1,,-0.05301,-0.06579,-0.06617,-0.10313,-0.10852,-0.12266,-0.14436,-0.06353
2,7,0.19699,0.11321,0.08383,0.07587,0.14148,0.19834,0.85564,0.25747
3,7,0.44699,0.29221,0.23383,0.25487,0.39148,0.51934,1.0,0.57847
4,,0.29699,0.14221,0.08383,0.10487,0.24148,0.36934,0.85,0.42847
5,,0.14699,-0.00779,-0.06617,-0.04513,0.09148,0.21934,0.7,0.27847
6,3,0.39699,0.31321,0.93383,0.27587,0.34148,0.39834,0.85,0.45747
7,3,0.64699,0.63421,1.0,0.59687,0.59148,0.57734,1.0,0.63647
8,,0.49699,0.48421,0.85,0.44687,0.44148,0.42734,0.85,0.48647
9,,0.34699,0.33421,0.7,0.29687,0.29148,0.27734,0.7,0.33647
10,,0.19699,0.18421,0.55,0.14687,0.14148,0.12734,0.55,0.18647
11,,0.04699,0.03421,0.4,-0.00313,-0.00852,-0.02266,0.4,0.03647
12,6,0.22599,0.18421,0.579,0.24687,0.31248,0.97734,0.721,0.28647
13,6,0.40499,0.33421,0.758,0.49687,0.63348,1.0,1.0,0.53647
14,,0.25499,0.18421,0.608,0.34687,0.48348,0.85,0.85,0.38647
15,,0.10499,0.03421,0.458,0.19687,0.33348,0.7,0.7,0.23647
16,,-0.04501,-0.11579,0.308,0.04687,0.18348,0.55,0.55,0.08647
17,2,0.27599,0.88421,0.629,0.29687,0.36248,0.7,0.729,0.33647
18,2,0.59699,1.0,0.95,0.54687,0.54148,0.85,0.908,0.58647
19,,0.44699,0.85,0.8,0.39687,0.39148,0.7,0.758,0.43647
20,,0.29699,0.7,0.65,0.24687,0.24148,0.55,0.608,0.28647
21,,0.14699,0.55,0.5,0.09687,0.09148,0.4,0.458,0.13647
22,,-0.00301,0.4,0.35,-0.05313,-0.05852,0.25,0.308,-0.01353
23,5,0.14699,0.579,0.6,0.26787,0.94148,0.571,0.558,0.16547
24,5,0.29699,0.758,0.85,0.58887,1.0,0.892,0.808,0.34447
25,,0.14699,0.608,0.7,0.43887,0.85,0.742,0.658,0.19447
26,,-0.00301,0.458,0.55,0.28887,0.7,0.592,0.508,0.04447
27,1,0.99699,0.779,0.8,0.46787,0.85,0.771,0.758,0.36547
28,1,1.0,1.0,1.0,0.64687,1.0,0.95,1.0,0.68647
29,,0.85,0.85,0.85,0.49687,0.85,0.8,0.85,0.53647
30,,0.7,0.7,0.7,0.34687,0.7,0.65,0.7,0.38647
31,,0.55,0.55,0.55,0.19687,0.55,0.5,0.55,0.23647
32,,0.4,0.4,0.4,0.04687,0.4,0.35,0.4,0.08647
33,,0.25,0.25,0.25,-0.10313,0.25,0.2,0.25,-0.06353
34,4,0.429,0.5,0.571,0.89687,0.571,0.45,0.429,0.08647
35,4,0.608,0.75,0.892,1.0,0.892,0.7,0.608,0.23647
36,,0.458,0.6,0.742,0.85,0.742,0.55,0.458,0.08647
37,,0.308,0.45,0.592,0.7,0.592,0.4,0.308,-0.06353
38,8,0.629,0.7,0.771,0.85,0.771,0.65,0.629,0.93647
39,8,0.95,0.95,0.95,1.0,0.95,0.9,0.95,1.0
40,,0.8,0.8,0.8,0.85,0.8,0.75,0.8,0.85
41,,0.65,0.65,0.65,0.7,0.65,0.6,0.65,0.7
42,,0.5,0.5,0.5,0.55,0.5,0.45,0.5,0.55
43,,0.35,0.35,0.35,0.4,0.35,0.3,0.35,0.4
44,,0.2,0.2,0.2,0.25,0.2,0.15,0.2,0.25
45,,0.05,0.05,0.05,0.1,0.05,0.0,0.05,0.1
46,,-0.1,-0.1,-0.1,-0.05,-0.1,-0.15,-0.1,-0.05
47,6,0.079,0.05,0.079,0.2,0.221,0.85,0.221,0.2
48,6,0.258,0.2,0.258,0.45,0.542,1.0,0.542,0.45
49,,0.108,0.05,0.108,0.3,0.392,0.85,0.392,0.3
50,,-0.042,-0.1,-0.042,0.15,0.242,0.7,0.242,0.15
51,2,0.279,0.9,0.279,0.4,0.421,0.85,0.421,0.4
52,2,0.6,1.0,0.6,0.65,0.6,1.0,0.6,0.65
53,,0.45,0.85,0.45,0.5,0.45,0.85,0.45,0.5
54,,0.3,0.7,0.3,0.35,0.3,0.7,0.3,0.35
55,,0.15,0.55,0.15,0.2,0.15,0.55,0.15,0.2
56,,0.0,0.4,0.0,0.05,0.0,0.4,0.0,0.05
57,,-0.15,0.25,-0.15,-0.1,-0.15,0.25,-0.15,-0.1
58,1,0.85,0.571,0.1,0.079,0.0,0.429,0.1,0.221
59,1,1.0,0.892,0.35,0.258,0.15,0.608,0.35,0.542
60,,0.85,0.742,0.2,0.108,0.0,0.458,0.2,0.392
61,,0.7,0.592,0.05,-0.042,-0.15,0.308,0.05,0.242
62,5,0.85,0.771,0.3,0.279,0.85,0.629,0.3,0.421
63,5,1.0,0.95,0.55,0.6,1.0,0.95,0.55,0.6
64,,0.85,0.8,0.4,0.45,0.85,0.8,0.4,0.45
65,,0.7,0.65,0.25,0.3,0.7,0.65,0.25,0.3
66,,0.55,0.5,0.1,0.15,0.55,0.5,0.1,0.15
67,,0.4,0.35,-0.05,0.0,0.4,0.35,-0.05,0.0
68,3,0.65,0.671,0.95,0.321,0.65,0.529,0.1,0.179
69,3,0.9,0.992,1.0,0.642,0.9,0.708,0.25,0.358
70,,0.75,0.842,0.85,0.492,0.75,0.558,0.1,0.208
71,,0.6,0.692,0.7,0.342,0.6,0.408,-0.05,0.058
72,7,0.85,0.871,0.85,0.521,0.85,0.729,0.95,0.379
73,7,1.0,1.0,1.0,0.7,1.0,1.0,1.0,0.7
74,,0.85,0.85,0.85,0.55,0.85,0.85,0.85,0.55
75,,0.7,0.7,0.7,0.4,0.7,0.7,0.7,0.4
76,,0.55,0.55,0.55,0.25,0.55,0.55,0.55,0.25
77,,0.4,0.4,0.4,0.1,0.4,0.4,0.4,0.1
78,,0.25,0.25,0.25,-0.05,0.25,0.25,0.25,-0.05
79,4,0.429,0.5,0.571,0.95,0.571,0.5,0.429,0.1
80,4,0.608,0.75,0.892,1.0,0.892,0.75,0.608,0.25
81,,0.458,0.6,0.742,0.85,0.742,0.6,0.458,0.1
82,,0.308,0.45,0.592,0.7,0.592,0.45,0.308,-0.05
83,8,0.629,0.7,0.771,0.85,0.771,0.7,0.629,0.95
84,8,0.95,0.95,0.95,1.0,0.95,0.95,0.95,1.0
85,,0.8,0.8,0.8,0.85,0.8,0.8,0.8,0.85
86,,0.65,0.65,0.65,0.7,0.65,0.65,0.65,0.7
87,,0.5,0.5,0.5,0.55,0.5,0.5,0.5,0.55
88,,0.35,0.35,0.35,0.4,0.35,0.35,0.35,0.4
89,,0.2,0.2,0.2,0.25,0.2,0.2,0.2,0.25
90,,0.05,0.05,0.05,0.1,0.05,0.05,0.05,0.1
91,,-0.1,-0.1,-0.1,-0.05,-0.1,-0.1,-0.1,-0.05
92,6,0.079,0.05,0.079,0.2,0.221,0.9,0.221,0.2
93,6,0.258,0.2,0.258,0.45,0.542,1.0,0.542,0.45
94,,0.108,0.05,0.108,0.3,0.392,0.85,0.392,0.3
95,,-0.042,-0.1,-0.042,0.15,0.242,0.7,0.242,0.15
96,2,0.279,0.9,0.279,0.4,0.421,0.85,0.421,0.4
97,2,0.6,1.0,0.6,0.65,0.6,1.0,0.6,0.65
98,,0.45,0.85,0.45,0.5,0.45,0.85,0.45,0.5
99,,0.3,0.7,0.3,0.35,0.3,0.7,0.3,0.35
100,,0.15,0.55,0.15,0.2,0.15,0.55,0.15,0.2
101,,0.0,0.4,0.0,0.05,0.0,0.4,0.0,0.05
102,,-0.15,0.25,-0.15,-0.1,-0.15,0.25,-0.15,-0.1
103,3,0.1,0.571,0.85,0.221,0.1,0.429,0.0,0.079
104,3,0.35,0.892,1.0,0.542,0.35,0.608,0.15,0.258
105,,0.2,0.742,0.85,0.392,0.2,0.458,0.0,0.108
106,,0.05,0.592,0.7,0.242,0.05,0.308,-0.15,-0.042
107,7,0.3,0.771,0.85,0.421,0.3,0.629,0.85,0.279
108,7,0.55,0.95,1.0,0.6,0.55,0.95,1.0,0.6
109,,0.4,0.8,0.85,0.45,0.4,0.8,0.85,0.45
110,,0.25,0.65,0.7,0.3,0.25,0.65,0.7,0.3
111,,0.1,0.5,0.55,0.15,0.1,0.5,0.55,0.15
112,,-0.05,0.35,0.4,0.0,-0.05,0.35,0.4,0.0
113,1,0.95,0.671,0.65,0.179,0.1,0.529,0.65,0.321
114,1,1.0,0.992,0.9,0.358,0.25,0.708,0.9,0.642
115,,0.85,0.842,0.75,0.208,0.1,0.558,0.75,0.492
116,,0.7,0.692,0.6,0.058,-0.05,0.408,0.6,0.342
117,5,0.85,0.871,0.85,0.379,0.95,0.729,0.85,0.521
118,5,1.0,1.0,1.0,0.7,1.0,1.0,1.0,0.7
119,,0.85,0.85,0.85,0.55,0.85,0.85,0.85,0.55
120,,0.7,0.7,0.7,0.4,0.7,0.7,0.7,0.4
121,,0.55,0.55,0.55,0.25,0.55,0.55,0.55,0.25
122,,0.4,0.4,0.4,0.1,0.4,0.4,0.4,0.1
123,,0.25,0.25,0.25,-0.05,0.25,0.25,0.25,-0.05
124,4,0.429,0.5,0.571,0.95,0.571,0.5,0.429,0.1
125,4,0.608,0.75,0.892,1.0,0.892,0.75,0.608,0.25
126,,0.458,0.6,0.742,0.85,0.742,0.6,0.458,0.1
127,,0.308,0.45,0.592,0.7,0.592,0.45,0.308,-0.05
128,8,0.629,0.7,0.771,0.85,0.771,0.7,0.629,0.95
129,8,0.95,0.95,0.95,1.0,0.95,0.95,0.95,1.0
130,,0.8,0.8,0.8,0.85,0.8,0.8,0.8,0.85
131,,0.65,0.65,0.65,0.7,0.65,0.65,0.65,0.7
132,,0.5,0.5,0.5,0.55,0.5,0.5,0.5,0.55
133,,0.35,0.35,0.35,0.4,0.35,0.35,0.35,0.4
134,,0.2,0.2,0.2,0.25,0.2,0.2,0.2,0.25
135,,0.05,0.05,0.05,0.1,0.05,0.05,0.05,0.1
136,,-0.1,-0.1,-0.1,-0.05,-0.1,-0.1,-0.1,-0.05
137,6,0.079,0.05,0.079,0.2,0.221,0.9,0.221,0.2
138,6,0.258,0.2,0.258,0.45,0.542,1.0,0.542,0.45
139,,0.108,0.05,0.108,0.3,0.392,0.85,0.392,0.3
140,,-0.042,-0.1,-0.042,0.15,0.242,0.7,0.242,0.15
141,2,0.279,0.9,0.279,0.4,0.421,0.85,0.421,0.4
142,2,0.6,1.0,0.6,0.65,0.6,1.0,0.6,0.65
143,,0.45,0.85,0.45,0.5,0.45,0.85,0.45,0.5
144,,0.3,0.7,0.3,0.35,0.3,0.7,0.3,0.35
145,,0.15,0.55,0.15,0.2,0.15,0.55,0.15,0.2
146,,0.0,0.4,0.0,0.05,0.0,0.4,0.0,0.05
147,,-0.15,0.25,-0.15,-0.1,-0.15,0.25,-0.15,-0.1
148,1,0.85,0.571,0.1,0.079,0.0,0.429,0.1,0.221
149,1,1.0,0.892,0.35,0.258,0.15,0.608,0.35,0.542
150,,0.85,0.742,0.2,0.108,0.0,0.458,0.2,0.392
151,,0.7,0.592,0.05,-0.042,-0.15,0.308,0.05,0.242
152,5,0.85,0.771,0.3,0.279,0.85,0.629,0.3,0.421
153,5,1.0,0.95,0.55,0.6,1.0,0.95,0.55,0.6
154,,0.85,0.8,0.4,0.45,0.85,0.8,0.4,0.45
155,,0.7,0.65,0.25,0.3,0.7,0.65,0.25,0.3
156,,0.55,0.5,0.1,0.15,0.55,0.5,0.1,0.15
157,,0.4,0.35,-0.05,0.0,0.4,0.35,-0.05,0.0
158,3,0.65,0.671,0.95,0.321,0.65,0.529,0.1,0.179
159,3,0.9,0.992,1.0,0.642,0.9,0.708,0.25,0.358
160,,0.75,0.842,0.85,0.492,0.75,0.558,0.1,0.208
161,,0.6,0.692,0.7,0.342,0.6,0.408,-0.05,0.058
162,7,0.85,0.871,0.85,0.521,0.85,0.729,0.95,0.379
163,7,1.0,1.0,1.0,0.7,1.0,1.0,1.0,0.7
164,,0.85,0.85,0.85,0.55,0.85,0.85,0.85,0.55
165,,0.7,0.7,0.7,0.4,0.7,0.7,0.7,0.4
166,,0.55,0.55,0.55,0.25,0.55,0.55,0.55,0.25
167,,0.4,0.4,0.4,0.1,0.4,0.4,0.4,0.1
168,,0.25,0.25,0.25,-0.05,0.25,0.25,0.25,-0.05
169,8,0.571,0.5,0.429,0.1,0.429,0.5,0.571,0.95
170,8,0.892,0.75,0.608,0.25,0.608,0.75,0.892,1.0
171,,0.742,0.6,0.458,0.1,0.458,0.6,0.742,0.85
172,,0.592,0.45,0.308,-0.05,0.308,0.45,0.592,0.7
173,4,0.771,0.7,0.629,0.95,0.629,0.7,0.771,0.85
174,4,0.95,0.95,0.95,1.0,0.95,0.95,0.95,1.0
175,,0.8,0.8,0.8,0.85,0.8,0.8,0.8,0.85
176,,0.65,0.65,0.65,0.7,0.65,0.65,0.65,0.7
177,,0.5,0.5,0.5,0.55,0.5,0.5,0.5,0.55
178,,0.35,0.35,0.35,0.4,0.35,0.35,0.35,0.4
179,,0.2,0.2,0.2,0.25,0.2,0.2,0.2,0.25
180,,0.05,0.05,0.05,0.1,0.05,0.05,0.05,0.1
181,,-0.1,-0.1,-0.1,-0.05,-0.1,-0.1,-0.1,-0.05
182,2,0.221,0.9,0.221,0.2,0.079,0.05,0.079,0.2
183,2,0.542,1.0,0.542,0.45,0.258,0.2,0.258,0.45
184,,0.392,0.85,0.392,0.3,0.108,0.05,0.108,0.3
185,,0.242,0.7,0.242,0.15,-0.042,-0.1,-0.042,0.15
186,6,0.421,0.85,0.421,0.4,0.279,0.9,0.279,0.4
187,6,0.6,1.0,0.6,0.65,0.6,1.0,0.6,0.65
188,,0.45,0.85,0.45,0.5,0.45,0.85,0.45,0.5
189,,0.3,0.7,0.3,0.35,0.3,0.7,0.3,0.35
190,,0.15,0.55,0.15,0.2,0.15,0.55,0.15,0.2
191,,0.0,0.4,0.0,0.05,0.0,0.4,0.0,0.05
192,,-0.15,0.25,-0.15,-0.1,-0.15,0.25,-0.15,-0.1
193,5,0.0,0.429,0.1,0.221,0.85,0.571,0.1,0.079
194,5,0.15,0.608,0.35,0.542,1.0,0.892,0.35,0.258
195,,0.0,0.458,0.2,0.392,0.85,0.742,0.2,0.108
196,,-0.15,0.308,0.05,0.242,0.7,0.592,0.05,-0.042
197,1,0.85,0.629,0.3,0.421,0.85,0.771,0.3,0.279
198,1,1.0,0.95,0.55,0.6,1.0,0.95,0.55,0.6
199,,0.85,0.8,0.4,0.45,0.85,0.8,0.4,0.45
200,,0.7,0.65,0.25,0.3,0.7,0.65,0.25,0.3
201,,0.55,0.5,0.1,0.15,0.55,0.5,0.1,0.15
202,,0.4,0.35,-0.05,0.0,0.4,0.35,-0.05,0.0
203,3,0.65,0.671,0.95,0.321,0.65,0.529,0.1,0.179
204,3,0.9,0.992,1.0,0.642,0.9,0.708,0.25,0.358
205,,0.75,0.842,0.85,0.492,0.75,0.558,0.1,0.208
206,,0.6,0.692,0.7,0.342,0.6,0.408,-0.05,0.058
207,7,0.85,0.871,0.85,0.521,0.85,0.729,0.95,0.379
208,7,1.0,1.0,1.0,0.7,1.0,1.0,1.0,0.7
209,,0.85,0.85,0.85,0.55,0.85,0.85,0.85,0.55
210,,0.7,0.7,0.7,0.4,0.7,0.7,0.7,0.4
211,,0.55,0.55,0.55,0.25,0.55,0.55,0.55,0.25
212,,0.4,0.4,0.4,0.1,0.4,0.4,0.4,0.1
213,,0.25,0.25,0.25,-0.05,0.25,0.25,0.25,-0.05
214,4,0.429,0.5,0.571,0.95,0.571,0.5,0.429,0.1
215,4,0.608,0.75,0.892,1.0,0.892,0.75,0.608,0.25
216,,0.458,0.6,0.742,0.85,0.742,0.6,0.458,0.1
217,,0.308,0.45,0.592,0.7,0.592,0.45,0.308,-0.05
218,8,0.629,0.7,0.771,0.85,0.771,0.7,0.629,0.95
219,8,0.95,0.95,0.95,1.0,0.95,0.95,0.95,1.0
220,,0.8,0.8,0.8,0.85,0.8,0.8,0.8,0.85
221,,0.65,0.65,0.65,0.7,0.65,0.65,0.65,0.7
222,,0.5,0.5,0.5,0.55,0.5,0.5,0.5,0.55
223,,0.35,0.35,0.35,0.4,0.35,0.35,0.35,0.4
224,,0.2,0.2,0.2,0.25,0.2,0.2,0.2,0.25
225,,0.05,0.05,0.05,0.1,0.05,0.05,0.05,0.1
226,,-0.1,-0.1,-0.1,-0.05,-0.1,-0.1,-0.1,-0.05
227,7,0.15,0.079,0.05,0.129,0.15,0.221,0.9,0.271
228,7,0.4,0.258,0.2,0.308,0.4,0.542,1.0,0.592
229,,0.25,0.108,0.05,0.158,0.25,0.392,0.85,0.442
230,,0.1,-0.042,-0.1,0.008,0.1,0.242,0.7,0.292
231,3,0.35,0.279,0.9,0.329,0.35,0.421,0.85,0.471
232,3,0.6,0.6,1.0,0.65,0.6,0.6,1.0,0.65
233,,0.45,0.45,0.85,0.5,0.45,0.45,0.85,0.5
234,,0.3,0.3,0.7,0.35,0.3,0.3,0.7,0.35
235,,0.15,0.15,0.55,0.2,0.15,0.15,0.55,0.2
236,,0.0,0.0,0.4,0.05,0.0,0.0,0.4,0.05
237,,-0.15,-0.15,0.25,-0.1,-0.15,-0.15,0.25,-0.1
238,1,0.85,0.171,0.5,0.079,0.0,0.029,0.5,0.221
239,1,1.0,0.492,0.75,0.258,0.15,0.208,0.75,0.542
240,,0.85,0.342,0.6,0.108,0.0,0.058,0.6,0.392
241,,0.7,0.192,0.45,-0.042,-0.15,-0.092,0.45,0.242
242,5,0.85,0.371,0.7,0.279,0.85,0.229,0.7,0.421
243,5,1.0,0.55,0.95,0.6,1.0,0.55,0.95,0.6
244,,0.85,0.4,0.8,0.45,0.85,0.4,0.8,0.45
245,,0.7,0.25,0.65,0.3,0.7,0.25,0.65,0.3
246,,0.55,0.1,0.5,0.15,0.55,0.1,0.5,0.15
247,,0.4,-0.05,0.35,0.0,0.4,-0.05,0.35,0.0
248,6,0.579,0.1,0.529,0.25,0.721,0.95,0.671,0.25
249,6,0.758,0.25,0.708,0.5,1.0,1.0,0.992,0.5
250,,0.608,0.1,0.558,0.35,0.85,0.85,0.842,0.35
251,,0.458,-0.05,0.408,0.2,0.7,0.7,0.692,0.2
252,2,0.779,0.95,0.729,0.45,0.879,0.85,0.871,0.45
253,2,1.0,1.0,1.0,0.7,1.0,1.0,1.0,0.7
254,,0.85,0.85,0.85,0.55,0.85,0.85,0.85,0.55
255,,0.7,0.7,0.7,0.4,0.7,0.7,0.7,0.4
256,,0.55,0.55,0.55,0.25,0.55,0.55,0.55,0.25
257,,0.4,0.4,0.4,0.1,0.4,0.4,0.4,0.1
258,,0.25,0.25,0.25,-0.05,0.25,0.25,0.25,-0.05
259,4,0.429,0.5,0.571,0.95,0.571,0.5,0.429,0.1
260,4,0.608,0.75,0.892,1.0,0.892,0.75,0.608,0.25
261,,0.458,0.6,0.742,0.85,0.742,0.6,0.458,0.1
262,,0.308,0.45,0.592,0.7,0.592,0.45,0.308,-0.05
263,8,0.629,0.7,0.771,0.85,0.771,0.7,0.629,0.95
264,8,0.95,0.95,0.95,1.0,0.95,0.95,0.95,1.0
265,,0.8,0.8,0.8,0.85,0.8,0.8,0.8,0.85
266,,0.65,0.65,0.65,0.7,0.65,0.65,0.65,0.7
267,,0.5,0.5,0.5,0.55,0.5,0.5,0.5,0.55
268,,0.35,0.35,0.35,0.4,0.35,0.35,0.35,0.4
269,,0.2,0.2,0.2,0.25,0.2,0.2,0.2,0.25
270,,0.05,0.05,0.05,0.1,0.05,0.05,0.05,0.1
271,,-0.1,-0.1,-0.1,-0.05,-0.1,-0.1,-0.1,-0.05
272,3,0.15,0.221,0.9,0.271,0.15,0.079,0.05,0.129
273,3,0.4,0.542,1.0,0.592,0.4,0.258,0.2,0.308
274,,0.25,0.392,0.85,0.442,0.25,0.108,0.05,0.158
275,,0.1,0.242,0.7,0.292,0.1,-0.042,-0.1,0.008
276,7,0.35,0.421,0.85,0.471,0.35,0.279,0.9,0.329
277,7,0.6,0.6,1.0,0.65,0.6,0.6,1.0,0.65
278,,0.45,0.45,0.85,0.5,0.45,0.45,0.85,0.5
279,,0.3,0.3,0.7,0.35,0.3,0.3,0.7,0.35
280,,0.15,0.15,0.55,0.2,0.15,0.15,0.55,0.2
281,,0.0,0.0,0.4,0.05,0.0,0.0,0.4,0.05
282,,-0.15,-0.15,0.25,-0.1,-0.15,-0.15,0.25,-0.1
283,1,0.85,0.171,0.5,0.079,0.0,0.029,0.5,0.221
284,1,1.0,0.492,0.75,0.258,0.15,0.208,0.75,0.542
285,,0.85,0.342,0.6,0.108,0.0,0.058,0.6,0.392
286,,0.7,0.192,0.45,-0.042,-0.15,-0.092,0.45,0.242
287,5,0.85,0.371,0.7,0.279,0.85,0.229,0.7,0.421
288,5,1.0,0.55,0.95,0.6,1.0,0.55,0.95,0.6
289,,0.85,0.4,0.8,0.45,0.85,0.4,0.8,0.45
290,,0.7,0.25,0.65,0.3,0.7,0.25,0.65,0.3
291,,0.55,0.1,0.5,0.15,0.55,0.1,0.5,0.15
292,,0.4,-0.05,0.35,0.0,0.4,-0.05,0.35,0.0
293,2,0.721,0.95,0.671,0.25,0.579,0.1,0.529,0.25
294,2,1.0,1.0,0.992,0.5,0.758,0.25,0.708,0.5
295,,0.85,0.85,0.842,0.35,0.608,0.1,0.558,0.35
296,,0.7,0.7,0.692,0.2,0.458,-0.05,0.408,0.2
297,6,0.879,0.85,0.871,0.45,0.779,0.95,0.729,0.45
298,6,1.0,1.0,1.0,0.7,1.0,1.0,1.0,0.7
299,,0.85,0.85,0.85,0.55,0.85,0.85,0.85,0.55
300,,0.7,0.7,0.7,0.4,0.7,0.7,0.7,0.4
301,,0.55,0.55,0.55,0.25,0.55,0.55,0.55,0.25
302,,0.4,0.4,0.4,0.1,0.4,0.4,0.4,0.1
303,,0.25,0.25,0.25,-0.05,0.25,0.25,0.25,-0.05
304,8,0.571,0.5,0.429,0.1,0.429,0.5,0.571,0.95
305,8,0.892,0.75,0.608,0.25,0.608,0.75,0.892,1.0
306,,0.742,0.6,0.458,0.1,0.458,0.6,0.742,0.85
307,,0.592,0.45,0.308,-0.05,0.308,0.45,0.592,0.7
308,4,0.771,0.7,0.629,0.95,0.629,0.7,0.771,0.85
309,4,0.95,0.95,0.95,1.0,0.95,0.95,0.95,1.0
310,,0.8,0.8,0.8,0.85,0.8,0.8,0.8,0.85
311,,0.65,0.65,0.65,0.7,0.65,0.65,0.65,0.7
312,,0.5,0.5,0.5,0.55,0.5,0.5,0.5,0.55
313,,0.35,0.35,0.35,0.4,0.35,0.35,0.35,0.4
314,,0.2,0.2,0.2,0.25,0.2,0.2,0.2,0.25
315,,0.05,0.05,0.05,0.1,0.05,0.05,0.05,0.1
316,,-0.1,-0.1,-0.1,-0.05,-0.1,-0.1,-0.1,-0.05
317,7,0.15,0.079,0.05,0.129,0.15,0.221,0.9,0.271
318,7,0.4,0.258,0.2,0.308,0.4,0.542,1.0,0.592
319,,0.25,0.108,0.05,0.158,0.25,0.392,0.85,0.442
320,,0.1,-0.042,-0.1,0.008,0.1,0.242,0.7,0.292
321,3,0.35,0.279,0.9,0.329,0.35,0.421,0.85,0.471
322,3,0.6,0.6,1.0,0.65,0.6,0.6,1.0,0.65
323,,0.45,0.45,0.85,0.5,0.45,0.45,0.85,0.5
324,,0.3,0.3,0.7,0.35,0.3,0.3,0.7,0.35
325,,0.15,0.15,0.55,0.2,0.15,0.15,0.55,0.2
326,,0.0,0.0,0.4,0.05,0.0,0.0,0.4,0.05
327,,-0.15,-0.15,0.25,-0.1,-0.15,-0.15,0.25,-0.1
328,1,0.85,0.171,0.5,0.079,0.0,0.029,0.5,0.221
329,1,1.0,0.492,0.75,0.258,0.15,0.208,0.75,0.542
330,,0.85,0.342,0.6,0.108,0.0,0.058,0.6,0.392
331,,0.7,0.192,0.45,-0.042,-0.15,-0.092,0.45,0.242
332,5,0.85,0.371,0.7,0.279,0.85,0.229,0.7,0.421
333,5,1.0,0.55,0.95,0.6,1.0,0.55,0.95,0.6
334,,0.85,0.4,0.8,0.45,0.85,0.4,0.8,0.45
335,,0.7,0.25,0.65,0.3,0.7,0.25,0.65,0.3
336,,0.55,0.1,0.5,0.15,0.55,0.1,0.5,0.15
337,,0.4,-0.05,0.35,0.0,0.4,-0.05,0.35,0.0
338,2,0.721,0.95,0.671,0.25,0.579,0.1,0.529,0.25
339,2,1.0,1.0,0.992,0.5,0.758,0.25,0.708,0.5
340,,0.85,0.85,0.842,0.35,0.608,0.1,0.558,0.35
341,,0.7,0.7,0.692,0.2,0.458,-0.05,0.408,0.2
342,6,0.879,0.85,0.871,0.45,0.779,0.95,0.729,0.45
343,6,1.0,1.0,1.0,0.7,1.0,1.0,1.0,0.7
344,,0.85,0.85,0.85,0.55,0.85,0.85,0.85,0.55
345,,0.7,0.7,0.7,0.4,0.7,0.7,0.7,0.4
346,,0.55,0.55,0.55,0.25,0.55,0.55,0.55,0.25
347,,0.4,0.4,0.4,0.1,0.4,0.4,0.4,0.1
348,,0.25,0.25,0.25,-0.05,0.25,0.25,0.25,-0.05
349,8,0.571,0.5,0.429,0.1,0.429,0.5,0.571,0.95
350,8,0.892,0.75,0.608,0.25,0.608,0.75,0.892,1.0
351,,0.742,0.6,0.458,0.1,0.458,0.6,0.742,0.85
352,,0.592,0.45,0.308,-0.05,0.308,0.45,0.592,0.7
353,4,0.771,0.7,0.629,0.95,0.629,0.7,0.771,0.85
354,4,0.95,0.95,0.95,1.0,0.95,0.95,0.95,1.0
355,,0.8,0.8,0.8,0.85,0.8,0.8,0.8,0.85
356,,0.65,0.65,0.65,0.7,0.65,0.65,0.65,0.7
357,,0.5,0.5,0.5,0.55,0.5,0.5,0.5,0.55
358,,0.35,0.35,0.35,0.4,0.35,0.35,0.35,0.4
359,,0.2,0.2,0.2,0.25,0.2,0.2,0.2,0.25
360,,0.05,0.05,0.05,0.1,0.05,0.05,0.05,0.1
361,,-0.1,-0.1,-0.1,-0.05,-0.1,-0.1,-0.1,-0.05
362,2,0.221,0.9,0.221,0.2,0.079,0.05,0.079,0.2
363,2,0.542,1.0,0.542,0.45,0.258,0.2,0.258,0.45
364,,0.392,0.85,0.392,0.3,0.108,0.05,0.108,0.3
365,,0.242,0.7,0.242,0.15,-0.042,-0.1,-0.042,0.15
366,6,0.421,0.85,0.421,0.4,0.279,0.9,0.279,0.4
367,6,0.6,1.0,0.6,0.65,0.6,1.0,0.6,0.65
368,,0.45,0.85,0.45,0.5,0.45,0.85,0.45,0.5
369,,0.3,0.7,0.3,0.35,0.3,0.7,0.3,0.35
370,,0.15,0.55,0.15,0.2,0.15,0.55,0.15,0.2
371,,0.0,0.4,0.0,0.05,0.0,0.4,0.0,0.05
372,,-0.15,0.25,-0.15,-0.1,-0.15,0.25,-0.15,-0.1
373,7,0.1,0.429,0.0,0.079,0.1,0.571,0.85,0.221
374,7,0.35,0.608,0.15,0.258,0.35,0.892,1.0,0.542
375,,0.2,0.458,0.0,0.108,0.2,0.742,0.85,0.392
376,,0.05,0.308,-0.15,-0.042,0.05,0.592,0.7,0.242
377,3,0.3,0.629,0.85,0.279,0.3,0.771,0.85,0.421
378,3,0.55,0.95,1.0,0.6,0.55,0.95,1.0,0.6
379,,0.4,0.8,0.85,0.45,0.4,0.8,0.85,0.45
380,,0.25,0.65,0.7,0.3,0.25,0.65,0.7,0.3
381,,0.1,0.5,0.55,0.15,0.1,0.5,0.55,0.15
382,,-0.05,0.35,0.4,0.0,-0.05,0.35,0.4,0.0
383,1,0.95,0.671,0.65,0.179,0.1,0.529,0.65,0.321
384,1,1.0,0.992,0.9,0.358,0.25,0.708,0.9,0.642
385,,0.85,0.842,0.75,0.208,0.1,0.558,0.75,0.492
386,,0.7,0.692,0.6,0.058,-0.05,0.408,0.6,0.342
387,5,0.85,0.871,0.85,0.379,0.95,0.729,0.85,0.521
388,5,1.0,1.0,1.0,0.7,1.0,1.0,1.0,0.7
389,,0.85,0.85,0.85,0.55,0.85,0.85,0.85,0.55
390,,0.7,0.7,0.7,0.4,0.7,0.7,0.7,0.4
391,,0.55,0.55,0.55,0.25,0.55,0.55,0.55,0.25
392,,0.4,0.4,0.4,0.1,0.4,0.4,0.4,0.1
393,,0.25,0.25,0.25,-0.05,0.25,0.25,0.25,-0.05
394,8,0.571,0.5,0.429,0.1,0.429,0.5,0.571,0.95
395,8,0.892,0.75,0.608,0.25,0.608,0.75,0.892,1.0
396,,0.742,0.6,0.458,0.1,0.458,0.6,0.742,0.85
397,,0.592,0.45,0.308,-0.05,0.308,0.45,0.592,0.7
398,4,0.771,0.7,0.629,0.95,0.629,0.7,0.771,0.85
399,4,0.95,0.95,0.95,1.0,0.95,0.95,0.95,1.0
400,,0.8,0.8,0.8,0.85,0.8,0.8,0.8,0.85
401,,0.65,0.65,0.65,0.7,0.65,0.65,0.65,0.7
402,,0.5,0.5,0.5,0.55,0.5,0.5,0.5,0.55
403,,0.35,0.35,0.35,0.4,0.35,0.35,0.35,0.4
404,,0.2,0.2,0.2,0.25,0.2,0.2,0.2,0.25
405,,0.05,0.05,0.05,0.1,0.05,0.05,0.05,0.1
406,,-0.1,-0.1,-0.1,-0.05,-0.1,-0.1,-0.1,-0.05
407,2,0.221,0.9,0.221,0.2,0.079,0.05,0.079,0.2
408,2,0.542,1.0,0.542,0.45,0.258,0.2,0.258,0.45
409,,0.392,0.85,0.392,0.3,0.108,0.05,0.108,0.3
410,,0.242,0.7,0.242,0.15,-0.042,-0.1,-0.042,0.15
411,6,0.421,0.85,0.421,0.4,0.279,0.9,0.279,0.4
412,6,0.6,1.0,0.6,0.65,0.6,1.0,0.6,0.65
413,,0.45,0.85,0.45,0.5,0.45,0.85,0.45,0.5
414,,0.3,0.7,0.3,0.35,0.3,0.7,0.3,0.35
415,,0.15,0.55,0.15,0.2,0.15,0.55,0.15,0.2
416,,0.0,0.4,0.0,0.05,0.0,0.4,0.0,0.05
417,,-0.15,0.25,-0.15,-0.1,-0.15,0.25,-0.15,-0.1
418,3,0.1,0.571,0.85,0.221,0.1,0.429,0.0,0.079
419,3,0.35,0.892,1.0,0.542,0.35,0.608,0.15,0.258
420,,0.2,0.742,0.85,0.392,0.2,0.458,0.0,0.108
421,,0.05,0.592,0.7,0.242,0.05,0.308,-0.15,-0.042
422,7,0.3,0.771,0.85,0.421,0.3,0.629,0.85,0.279
423,7,0.55,0.95,1.0,0.6,0.55,0.95,1.0,0.6
424,,0.4,0.8,0.85,0.45,0.4,0.8,0.85,0.45
425,,0.25,0.65,0.7,0.3,0.25,0.65,0.7,0.3
426,,0.1,0.5,0.55,0.15,0.1,0.5,0.55,0.15
427,,-0.05,0.35,0.4,0.0,-0.05,0.35,0.4,0.0
428,5,0.1,0.529,0.65,0.321,0.95,0.671,0.65,0.179
429,5,0.25,0.708,0.9,0.642,1.0,0.992,0.9,0.358
430,,0.1,0.558,0.75,0.492,0.85,0.842,0.75,0.208
431,,-0.05,0.408,0.6,0.342,0.7,0.692,0.6,0.058
432,1,0.95,0.729,0.85,0.521,0.85,0.871,0.85,0.379
433,1,1.0,1.0,1.0,0.7,1.0,1.0,1.0,0.7
434,,0.85,0.85,0.85,0.55,0.85,0.85,0.85,0.55
435,,0.7,0.7,0.7,0.4,0.7,0.7,0.7,0.4
436,,0.55,0.55,0.55,0.25,0.55,0.55,0.55,0.25
437,,0.4,0.4,0.4,0.1,0.4,0.4,0.4,0.1
438,,0.25,0.25,0.25,-0.05,0.25,0.25,0.25,-0.05
439,8,0.571,0.5,0.429,0.1,0.429,0.5,0.571,0.95
440,8,0.892,0.75,0.608,0.25,0.608,0.75,0.892,1.0
441,,0.742,0.6,0.458,0.1,0.458,0.6,0.742,0.85
442,,0.592,0.45,0.308,-0.05,0.308,0.45,0.592,0.7
443,4,0.771,0.7,0.629,0.95,0.629,0.7,0.771,0.85
444,4,0.95,0.95,0.95,1.0,0.95,0.95,0.95,1.0
445,,0.8,0.8,0.8,0.85,0.8,0.8,0.8,0.85
446,,0.65,0.65,0.65,0.7,0.65,0.65,0.65,0.7
447,,0.5,0.5,0.5,0.55,0.5,0.5,0.5,0.55
448,,0.35,0.35,0.35,0.4,0.35,0.35,0.35,0.4
449,,0.2,0.2,0.2,0.25,0.2,0.2,0.2,0.25
450,,0.05,0.05,0.05,0.1,0.05,0.05,0.05,0.1
451,,-0.1,-0.1,-0.1,-0.05,-0.1,-0.1,-0.1,-0.05
452,7,0.15,0.079,0.05,0.129,0.15,0.221,0.9,0.271
453,7,0.4,0.258,0.2,0.308,0.4,0.542,1.0,0.592
454,,0.25,0.108,0.05,0.158,0.25,0.392,0.85,0.442
455,,0.1,-0.042,-0.1,0.008,0.1,0.242,0.7,0.292
456,3,0.35,0.279,0.9,0.329,0.35,0.421,0.85,0.471
457,3,0.6,0.6,1.0,0.65,0.6,0.6,1.0,0.65
458,,0.45,0.45,0.85,0.5,0.45,0.45,0.85,0.5
459,,0.3,0.3,0.7,0.35,0.3,0.3,0.7,0.35
460,,0.15,0.15,0.55,0.2,0.15,0.15,0.55,0.2
461,,0.0,0.0,0.4,0.05,0.0,0.0,0.4,0.05
462,,-0.15,-0.15,0.25,-0.1,-0.15,-0.15,0.25,-0.1
463,5,0.0,0.029,0.5,0.221,0.85,0.171,0.5,0.079
464,5,0.15,0.208,0.75,0.542,1.0,0.492,0.75,0.258
465,,0.0,0.058,0.6,0.392,0.85,0.342,0.6,0.108
466,,-0.15,-0.092,0.45,0.242,0.7,0.192,0.45,-0.042
467,1,0.85,0.229,0.7,0.421,0.85,0.371,0.7,0.279
468,1,1.0,0.55,0.95,0.6,1.0,0.55,0.95,0.6
469,,0.85,0.4,0.8,0.45,0.85,0.4,0.8,0.45
470,,0.7,0.25,0.65,0.3,0.7,0.25,0.65,0.3
471,,0.55,0.1,0.5,0.15,0.55,0.1,0.5,0.15
472,,0.4,-0.05,0.35,0.0,0.4,-0.05,0.35,0.0
473,2,0.721,0.95,0.671,0.25,0.579,0.1,0.529,0.25
474,2,1.0,1.0,0.992,0.5,0.758,0.25,0.708,0.5
475,,0.85,0.85,0.842,0.35,0.608,0.1,0.558,0.35
476,,0.7,0.7,0.692,0.2,0.458,-0.05,0.408,0.2
477,6,0.879,0.85,0.871,0.45,0.779,0.95,0.729,0.45
478,6,1.0,1.0,1.0,0.7,1.0,1.0,1.0,0.7
479,,0.85,0.85,0.85,0.55,0.85,0.85,0.85,0.55
480,,0.7,0.7,0.7,0.4,0.7,0.7,0.7,0.4
481,,0.55,0.55,0.55,0.25,0.55,0.55,0.55,0.25
482,,0.4,0.4,0.4,0.1,0.4,0.4,0.4,0.1
483,,0.25,0.25,0.25,-0.05,0.25,0.25,0.25,-0.05
484,8,0.571,0.5,0.429,0.1,0.429,0.5,0.571,0.95
485,8,0.892,0.75,0.608,0.25,0.608,0.75,0.892,1.0
486,,0.742,0.6,0.458,0.1,0.458,0.6,0.742,0.85
487,,0.592,0.45,0.308,-0.05,0.308,0.45,0.592,0.7
488,4,0.771,0.7,0.629,0.95,0.629,0.7,0.771,0.85
489,4,0.95,0.95,0.95,1.0,0.95,0.95,0.95,1.0
490,,0.8,0.8,0.8,0.85,0.8,0.8,0.8,0.85
491,,0.65,0.65,0.65,0.7,0.65,0.65,0.65,0.7
492,,0.5,0.5,0.5,0.55,0.5,0.5,0.5,0.55
493,,0.35,0.35,0.35,0.4,0.35,0.35,0.35,0.4
494,,0.2,0.2,0.2,0.25,0.2,0.2,0.2,0.25
495,,0.05,0.05,0.05,0.1,0.05,0.05,0.05,0.1
496,,-0.1,-0.1,-0.1,-0.05,-0.1,-0.1,-0.1,-0.05
497,5,0.05,0.079,0.15,0.271,0.9,0.221,0.15,0.129
498,5,0.2,0.258,0.4,0.592,1.0,0.542,0.4,0.308
499,,0.05,0.108,0.25,0.442,0.85,0.392,0.25,0.158
