step,active_motive,motive_1,motive_2,motive_3,motive_4,motive_5,motive_6,motive_7,motive_8
0,,0.02607,0.0496,0.06929,0.03483,0.09366,0.00392,0.04179,0.09676
1,,-0.12393,-0.1004,-0.08071,-0.11517,-0.05634,-0.14608,-0.10821,-0.05324
2,6,0.05507,0.0496,0.09829,0.13483,0.26466,0.85392,0.21279,0.19676
3,6,0.23407,0.1996,0.27729,0.38483,0.58566,1.0,0.53379,0.44676
4,,0.08407,0.0496,0.12729,0.23483,0.43566,0.85,0.38379,0.29676
5,,-0.06593,-0.1004,-0.02271,0.08483,0.28566,0.7,0.23379,0.14676
6,2,0.25507,0.8996,0.29829,0.33483,0.46466,0.85,0.41279,0.39676
7,2,0.57607,1.0,0.61929,0.58483,0.64366,1.0,0.59179,0.64676
8,,0.42607,0.85,0.46929,0.43483,0.49366,0.85,0.44179,0.49676
9,,0.27607,0.7,0.31929,0.28483,0.34366,0.7,0.29179,0.34676
10,,0.12607,0.55,0.16929,0.13483,0.19366,0.55,0.14179,0.19676
11,,-0.02393,0.4,0.01929,-0.01517,0.04366,0.4,-0.00821,0.04676
12,1,0.97607,0.721,0.26929,0.16383,0.19366,0.579,0.24179,0.36776
13,1,1.0,1.0,0.51929,0.34283,0.34366,0.758,0.49179,0.68876
14,,0.85,0.85,0.36929,0.19283,0.19366,0.608,0.34179,0.53876
15,,0.7,0.7,0.21929,0.04283,0.04366,0.458,0.19179,0.38876
16,,0.55,0.55,0.06929,-0.10717,-0.10634,0.308,0.04179,0.23876
17,4,0.729,0.8,0.39029,0.89283,0.21466,0.558,0.22079,0.38876
18,4,0.908,1.0,0.71129,1.0,0.53566,0.808,0.39979,0.53876
19,,0.758,0.85,0.56129,0.85,0.38566,0.658,0.24979,0.38876
20,,0.608,0.7,0.41129,0.7,0.23566,0.508,0.09979,0.23876
21,,0.458,0.55,0.26129,0.55,0.08566,0.358,-0.05021,0.08876
22,7,0.708,0.729,0.41129,0.729,0.33566,0.679,0.94979,0.40976
23,7,0.958,0.908,0.56129,0.908,0.58566,1.0,1.0,0.73076
24,,0.808,0.758,0.41129,0.758,0.43566,0.85,0.85,0.58076
25,,0.658,0.608,0.26129,0.608,0.28566,0.7,0.7,0.43076
26,,0.508,0.458,0.11129,0.458,0.13566,0.55,0.55,0.28076
27,,0.358,0.308,-0.03871,0.308,-0.01434,0.4,0.4,0.13076
28,3,0.608,0.629,0.96129,0.629,0.23566,0.579,0.55,0.30976
29,3,0.858,0.95,1.0,0.95,0.48566,0.758,0.7,0.48876
30,,0.708,0.8,0.85,0.8,0.33566,0.608,0.55,0.33876
31,,0.558,0.65,0.7,0.65,0.18566,0.458,0.4,0.18876
32,,0.408,0.5,0.55,0.5,0.03566,0.308,0.25,0.03876
33,,0.258,0.35,0.4,0.35,-0.11434,0.158,0.1,-0.11124
34,5,0.408,0.529,0.65,0.671,0.88566,0.479,0.35,0.06776
35,5,0.558,0.708,0.9,0.992,1.0,0.8,0.6,0.24676
36,,0.408,0.558,0.75,0.842,0.85,0.65,0.45,0.09676
37,,0.258,0.408,0.6,0.692,0.7,0.5,0.3,-0.05324
38,8,0.579,0.658,0.779,0.842,0.879,0.75,0.621,0.94676
39,8,0.9,0.908,0.958,0.992,1.0,1.0,0.942,1.0
40,,0.75,0.758,0.808,0.842,0.85,0.85,0.792,0.85
41,,0.6,0.608,0.658,0.692,0.7,0.7,0.642,0.7
42,,0.45,0.458,0.508,0.542,0.55,0.55,0.492,0.55
43,,0.3,0.308,0.358,0.392,0.4,0.4,0.342,0.4
44,,0.15,0.158,0.208,0.242,0.25,0.25,0.192,0.25
45,,0.0,0.008,0.058,0.092,0.1,0.1,0.042,0.1
46,,-0.15,-0.142,-0.092,-0.058,-0.05,-0.05,-0.108,-0.05
47,1,0.85,0.179,0.158,0.121,0.1,0.129,0.142,0.271
48,1,1.0,0.5,0.408,0.3,0.25,0.308,0.392,0.592
49,,0.85,0.35,0.258,0.15,0.1,0.158,0.242,0.442
50,,0.7,0.2,0.108,0.0,-0.05,0.008,0.092,0.292
51,5,0.85,0.379,0.358,0.321,0.95,0.329,0.342,0.471
52,5,1.0,0.558,0.608,0.642,1.0,0.65,0.592,0.65
53,,0.85,0.408,0.458,0.492,0.85,0.5,0.442,0.5
54,,0.7,0.258,0.308,0.342,0.7,0.35,0.292,0.35
55,,0.55,0.108,0.158,0.192,0.55,0.2,0.142,0.2
56,,0.4,-0.042,0.008,0.042,0.4,0.05,-0.008,0.05
57,2,0.721,0.958,0.329,0.292,0.579,0.2,0.171,0.3
58,2,1.0,1.0,0.65,0.542,0.758,0.35,0.35,0.55
59,,0.85,0.85,0.5,0.392,0.608,0.2,0.2,0.4
60,,0.7,0.7,0.35,0.242,0.458,0.05,0.05,0.25
61,,0.55,0.55,0.2,0.092,0.308,-0.1,-0.1,0.1
62,7,0.8,0.729,0.35,0.271,0.558,0.221,0.9,0.421
63,7,1.0,0.908,0.5,0.45,0.808,0.542,1.0,0.742
64,,0.85,0.758,0.35,0.3,0.658,0.392,0.85,0.592
65,,0.7,0.608,0.2,0.15,0.508,0.242,0.7,0.442
66,,0.55,0.458,0.05,0.0,0.358,0.092,0.55,0.292
67,,0.4,0.308,-0.1,-0.15,0.208,-0.058,0.4,0.142
68,4,0.579,0.558,0.221,0.85,0.529,0.192,0.579,0.292
69,4,0.758,0.808,0.542,1.0,0.85,0.442,0.758,0.442
70,,0.608,0.658,0.392,0.85,0.7,0.292,0.608,0.292
71,,0.458,0.508,0.242,0.7,0.55,0.142,0.458,0.142
72,,0.308,0.358,0.092,0.55,0.4,-0.008,0.308,-0.008
73,8,0.629,0.608,0.271,0.7,0.579,0.242,0.629,0.992
74,8,0.95,0.858,0.45,0.85,0.758,0.492,0.95,1.0
75,,0.8,0.708,0.3,0.7,0.608,0.342,0.8,0.85
76,,0.65,0.558,0.15,0.55,0.458,0.192,0.65,0.7
77,,0.5,0.408,0.0,0.4,0.308,0.042,0.5,0.55
78,,0.35,0.258,-0.15,0.25,0.158,-0.108,0.35,0.4
79,3,0.6,0.579,0.85,0.571,0.408,0.071,0.5,0.579
80,3,0.85,0.9,1.0,0.892,0.658,0.25,0.65,0.758
81,,0.7,0.75,0.85,0.742,0.508,0.1,0.5,0.608
82,,0.55,0.6,0.7,0.592,0.358,-0.05,0.35,0.458
83,6,0.729,0.75,0.879,0.842,0.679,0.95,0.671,0.708
84,6,0.908,0.9,1.0,1.0,1.0,1.0,0.992,0.958
85,,0.758,0.75,0.85,0.85,0.85,0.85,0.842,0.808
86,,0.608,0.6,0.7,0.7,0.7,0.7,0.692,0.658
87,,0.458,0.45,0.55,0.55,0.55,0.55,0.542,0.508
88,,0.308,0.3,0.4,0.4,0.4,0.4,0.392,0.358
89,,0.158,0.15,0.25,0.25,0.25,0.25,0.242,0.208
90,,0.008,0.0,0.1,0.1,0.1,0.1,0.092,0.058
91,,-0.142,-0.15,-0.05,-0.05,-0.05,-0.05,-0.058,-0.092
92,2,0.179,0.85,0.271,0.2,0.129,0.1,0.121,0.158
93,2,0.5,1.0,0.592,0.45,0.308,0.25,0.3,0.408
94,,0.35,0.85,0.442,0.3,0.158,0.1,0.15,0.258
95,,0.2,0.7,0.292,0.15,0.008,-0.05,0.0,0.108
96,6,0.379,0.85,0.471,0.4,0.329,0.95,0.321,0.358
97,6,0.558,1.0,0.65,0.65,0.65,1.0,0.642,0.608
98,,0.408,0.85,0.5,0.5,0.5,0.85,0.492,0.458
99,,0.258,0.7,0.35,0.35,0.35,0.7,0.342,0.308
100,,0.108,0.55,0.2,0.2,0.2,0.55,0.192,0.158
101,,-0.042,0.4,0.05,0.05,0.05,0.4,0.042,0.008
102,1,0.958,0.721,0.3,0.229,0.2,0.579,0.292,0.329
103,1,1.0,1.0,0.55,0.408,0.35,0.758,0.542,0.65
104,,0.85,0.85,0.4,0.258,0.2,0.608,0.392,0.5
105,,0.7,0.7,0.25,0.108,0.05,0.458,0.242,0.35
106,,0.55,0.55,0.1,-0.042,-0.1,0.308,0.092,0.2
107,5,0.7,0.729,0.35,0.279,0.9,0.629,0.342,0.379
108,5,0.85,0.908,0.6,0.6,1.0,0.95,0.592,0.558
109,,0.7,0.758,0.45,0.45,0.85,0.8,0.442,0.408
110,,0.55,0.608,0.3,0.3,0.7,0.65,0.292,0.258
111,,0.4,0.458,0.15,0.15,0.55,0.5,0.142,0.108
112,,0.25,0.308,0.0,0.0,0.4,0.35,-0.008,-0.042
113,8,0.571,0.558,0.179,0.15,0.579,0.6,0.313,0.958
114,8,0.892,0.808,0.358,0.3,0.758,0.85,0.634,1.0
115,,0.742,0.658,0.208,0.15,0.608,0.7,0.484,0.85
116,,0.592,0.508,0.058,0.0,0.458,0.55,0.334,0.7
117,,0.442,0.358,-0.092,-0.15,0.308,0.4,0.184,0.55
118,4,0.621,0.608,0.229,0.85,0.629,0.65,0.363,0.7
119,4,0.8,0.858,0.55,1.0,0.95,0.9,0.542,0.85
120,,0.65,0.708,0.4,0.85,0.8,0.75,0.392,0.7
121,,0.5,0.558,0.25,0.7,0.65,0.6,0.242,0.55
122,,0.35,0.408,0.1,0.55,0.5,0.45,0.092,0.4
123,,0.2,0.258,-0.05,0.4,0.35,0.3,-0.058,0.25
124,7,0.45,0.437,0.1,0.579,0.6,0.621,0.942,0.571
125,7,0.7,0.616,0.25,0.758,0.85,0.942,1.0,0.892
126,,0.55,0.466,0.1,0.608,0.7,0.792,0.85,0.742
127,,0.4,0.316,-0.05,0.458,0.55,0.642,0.7,0.592
128,3,0.65,0.637,0.95,0.779,0.8,0.821,0.85,0.771
129,3,0.9,0.958,1.0,1.0,1.0,1.0,1.0,0.95
130,,0.75,0.808,0.85,0.85,0.85,0.85,0.85,0.8
131,,0.6,0.658,0.7,0.7,0.7,0.7,0.7,0.65
132,,0.45,0.508,0.55,0.55,0.55,0.55,0.55,0.5
133,,0.3,0.358,0.4,0.4,0.4,0.4,0.4,0.35
134,,0.15,0.208,0.25,0.25,0.25,0.25,0.25,0.2
135,,0.0,0.058,0.1,0.1,0.1,0.1,0.1,0.05
136,,-0.15,-0.092,-0.05,-0.05,-0.05,-0.05,-0.05,-0.1
137,1,0.85,0.229,0.2,0.129,0.1,0.129,0.2,0.221
138,1,1.0,0.55,0.45,0.308,0.25,0.308,0.45,0.542
139,,0.85,0.4,0.3,0.158,0.1,0.158,0.3,0.392
140,,0.7,0.25,0.15,0.008,-0.05,0.008,0.15,0.242
141,5,0.85,0.429,0.4,0.329,0.95,0.329,0.4,0.421
142,5,1.0,0.608,0.65,0.65,1.0,0.65,0.65,0.6
143,,0.85,0.458,0.5,0.5,0.85,0.5,0.5,0.45
144,,0.7,0.308,0.35,0.35,0.7,0.35,0.35,0.3
145,,0.55,0.158,0.2,0.2,0.55,0.2,0.2,0.15
146,,0.4,0.008,0.05,0.05,0.4,0.05,0.05,0.0
147,,0.25,-0.142,-0.1,-0.1,0.25,-0.1,-0.1,-0.15
148,8,0.571,0.108,0.079,0.05,0.429,0.15,0.221,0.85
149,8,0.892,0.358,0.258,0.2,0.608,0.4,0.542,1.0
150,,0.742,0.208,0.108,0.05,0.458,0.25,0.392,0.85
151,,0.592,0.058,-0.042,-0.1,0.308,0.1,0.242,0.7
152,4,0.771,0.308,0.279,0.9,0.629,0.35,0.421,0.85
153,4,0.95,0.558,0.6,1.0,0.95,0.6,0.6,1.0
154,,0.8,0.408,0.45,0.85,0.8,0.45,0.45,0.85
155,,0.65,0.258,0.3,0.7,0.65,0.3,0.3,0.7
156,,0.5,0.108,0.15,0.55,0.5,0.15,0.15,0.55
157,,0.35,-0.042,0.0,0.4,0.35,0.0,0.0,0.4
158,2,0.671,0.958,0.321,0.65,0.529,0.15,0.179,0.65
159,2,0.992,1.0,0.642,0.9,0.708,0.3,0.358,0.9
160,,0.842,0.85,0.492,0.75,0.558,0.15,0.208,0.75
161,,0.692,0.7,0.342,0.6,0.408,0.0,0.058,0.6
162,,0.542,0.55,0.192,0.45,0.258,-0.15,-0.092,0.45
163,6,0.721,0.7,0.371,0.7,0.579,0.85,0.229,0.7
164,6,0.9,0.85,0.55,0.95,0.9,1.0,0.55,0.95
165,,0.75,0.7,0.4,0.8,0.75,0.85,0.4,0.8
166,,0.6,0.55,0.25,0.65,0.6,0.7,0.25,0.65
167,,0.45,0.4,0.1,0.5,0.45,0.55,0.1,0.5
168,,0.3,0.25,-0.05,0.35,0.3,0.4,-0.05,0.35
169,3,0.55,0.571,0.95,0.671,0.55,0.579,0.1,0.529
170,3,0.8,0.892,1.0,0.992,0.8,0.758,0.25,0.708
171,,0.65,0.742,0.85,0.842,0.65,0.608,0.1,0.558
172,,0.5,0.592,0.7,0.692,0.5,0.458,-0.05,0.408
173,7,0.75,0.771,0.85,0.871,0.75,0.779,0.95,0.729
174,7,1.0,0.95,1.0,1.0,1.0,1.0,1.0,1.0
175,,0.85,0.8,0.85,0.85,0.85,0.85,0.85,0.85
176,,0.7,0.65,0.7,0.7,0.7,0.7,0.7,0.7
177,,0.55,0.5,0.55,0.55,0.55,0.55,0.55,0.55
178,,0.4,0.35,0.4,0.4,0.4,0.4,0.4,0.4
179,,0.25,0.2,0.25,0.25,0.25,0.25,0.25,0.25
180,,0.1,0.05,0.1,0.1,0.1,0.1,0.1,0.1
181,,-0.05,-0.1,-0.05,-0.05,-0.05,-0.05,-0.05,-0.05
182,2,0.271,0.9,0.271,0.2,0.129,0.1,0.129,0.2
183,2,0.592,1.0,0.592,0.45,0.308,0.25,0.308,0.45
184,,0.442,0.85,0.442,0.3,0.158,0.1,0.158,0.3
185,,0.292,0.7,0.292,0.15,0.008,-0.05,0.008,0.15
186,6,0.471,0.85,0.471,0.4,0.329,0.95,0.329,0.4
187,6,0.65,1.0,0.65,0.65,0.65,1.0,0.65,0.65
188,,0.5,0.85,0.5,0.5,0.5,0.85,0.5,0.5
189,,0.35,0.7,0.35,0.35,0.35,0.7,0.35,0.35
190,,0.2,0.55,0.2,0.2,0.2,0.55,0.2,0.2
191,,0.05,0.4,0.05,0.05,0.05,0.4,0.05,0.05
192,,-0.1,0.25,-0.1,-0.1,-0.1,0.25,-0.1,-0.1
193,1,0.9,0.571,0.15,0.079,0.05,0.429,0.15,0.221
194,1,1.0,0.892,0.4,0.258,0.2,0.608,0.4,0.542
195,,0.85,0.742,0.25,0.108,0.05,0.458,0.25,0.392
196,,0.7,0.592,0.1,-0.042,-0.1,0.308,0.1,0.242
197,5,0.85,0.771,0.35,0.279,0.9,0.629,0.35,0.421
198,5,1.0,0.95,0.6,0.6,1.0,0.95,0.6,0.6
199,,0.85,0.8,0.45,0.45,0.85,0.8,0.45,0.45
200,,0.7,0.65,0.3,0.3,0.7,0.65,0.3,0.3
201,,0.55,0.5,0.15,0.15,0.55,0.5,0.15,0.15
202,,0.4,0.35,0.0,0.0,0.4,0.35,0.0,0.0
203,,0.25,0.2,-0.15,-0.15,0.25,0.2,-0.15,-0.15
204,8,0.571,0.45,0.029,0.0,0.429,0.45,0.171,0.85
205,8,0.892,0.7,0.208,0.15,0.608,0.7,0.492,1.0
206,,0.742,0.55,0.058,0.0,0.458,0.55,0.342,0.85
207,,0.592,0.4,-0.092,-0.15,0.308,0.4,0.192,0.7
208,4,0.771,0.65,0.229,0.85,0.629,0.65,0.371,0.85
209,4,0.95,0.9,0.55,1.0,0.95,0.9,0.55,1.0
210,,0.8,0.75,0.4,0.85,0.8,0.75,0.4,0.85
211,,0.65,0.6,0.25,0.7,0.65,0.6,0.25,0.7
212,,0.5,0.45,0.1,0.55,0.5,0.45,0.1,0.55
213,,0.35,0.3,-0.05,0.4,0.35,0.3,-0.05,0.4
214,7,0.6,0.479,0.1,0.579,0.6,0.621,0.95,0.721
215,7,0.85,0.658,0.25,0.758,0.85,0.942,1.0,1.0
216,,0.7,0.508,0.1,0.608,0.7,0.792,0.85,0.85
217,,0.55,0.358,-0.05,0.458,0.55,0.642,0.7,0.7
218,3,0.8,0.679,0.95,0.779,0.8,0.821,0.85,0.879
219,3,1.0,1.0,1.0,1.0,1.0,1.0,1.0,1.0
220,,0.85,0.85,0.85,0.85,0.85,0.85,0.85,0.85
221,,0.7,0.7,0.7,0.7,0.7,0.7,0.7,0.7
222,,0.55,0.55,0.55,0.55,0.55,0.55,0.55,0.55
223,,0.4,0.4,0.4,0.4,0.4,0.4,0.4,0.4
224,,0.25,0.25,0.25,0.25,0.25,0.25,0.25,0.25
225,,0.1,0.1,0.1,0.1,0.1,0.1,0.1,0.1
226,,-0.05,-0.05,-0.05,-0.05,-0.05,-0.05,-0.05,-0.05
227,3,0.2,0.271,0.95,0.271,0.2,0.129,0.1,0.129
228,3,0.45,0.592,1.0,0.592,0.45,0.308,0.25,0.308
229,,0.3,0.442,0.85,0.442,0.3,0.158,0.1,0.158
230,,0.15,0.292,0.7,0.292,0.15,0.008,-0.05,0.008
231,7,0.4,0.471,0.85,0.471,0.4,0.329,0.95,0.329
232,7,0.65,0.65,1.0,0.65,0.65,0.65,1.0,0.65
233,,0.5,0.5,0.85,0.5,0.5,0.5,0.85,0.5
234,,0.35,0.35,0.7,0.35,0.35,0.35,0.7,0.35
235,,0.2,0.2,0.55,0.2,0.2,0.2,0.55,0.2
236,,0.05,0.05,0.4,0.05,0.05,0.05,0.4,0.05
237,,-0.1,-0.1,0.25,-0.1,-0.1,-0.1,0.25,-0.1
238,1,0.9,0.221,0.5,0.079,0.05,0.079,0.5,0.221
239,1,1.0,0.542,0.75,0.258,0.2,0.258,0.75,0.542
240,,0.85,0.392,0.6,0.108,0.05,0.108,0.6,0.392
241,,0.7,0.242,0.45,-0.042,-0.1,-0.042,0.45,0.242
242,5,0.85,0.421,0.7,0.279,0.9,0.279,0.7,0.421
243,5,1.0,0.6,0.95,0.6,1.0,0.6,0.95,0.6
244,,0.85,0.45,0.8,0.45,0.85,0.45,0.8,0.45
245,,0.7,0.3,0.65,0.3,0.7,0.3,0.65,0.3
246,,0.55,0.15,0.5,0.15,0.55,0.15,0.5,0.15
247,,0.4,0.0,0.35,0.0,0.4,0.0,0.35,0.0
248,,0.25,-0.15,0.2,-0.15,0.25,-0.15,0.2,-0.15
249,6,0.429,0.0,0.379,0.1,0.571,0.85,0.521,0.1
250,6,0.608,0.15,0.558,0.35,0.892,1.0,0.842,0.35
251,,0.458,0.0,0.408,0.2,0.742,0.85,0.692,0.2
252,,0.308,-0.15,0.258,0.05,0.592,0.7,0.542,0.05
253,2,0.629,0.85,0.579,0.3,0.771,0.85,0.721,0.3
254,2,0.95,1.0,0.9,0.55,0.95,1.0,0.9,0.55
255,,0.8,0.85,0.75,0.4,0.8,0.85,0.75,0.4
256,,0.65,0.7,0.6,0.25,0.65,0.7,0.6,0.25
257,,0.5,0.55,0.45,0.1,0.5,0.55,0.45,0.1
258,,0.35,0.4,0.3,-0.05,0.35,0.4,0.3,-0.05
259,8,0.671,0.65,0.479,0.1,0.529,0.65,0.621,0.95
260,8,0.992,0.9,0.658,0.25,0.708,0.9,0.942,1.0
261,,0.842,0.75,0.508,0.1,0.558,0.75,0.792,0.85
262,,0.692,0.6,0.358,-0.05,0.408,0.6,0.642,0.7
263,4,0.871,0.85,0.679,0.95,0.729,0.85,0.821,0.85
264,4,1.0,1.0,1.0,1.0,1.0,1.0,1.0,1.0
265,,0.85,0.85,0.85,0.85,0.85,0.85,0.85,0.85
266,,0.7,0.7,0.7,0.7,0.7,0.7,0.7,0.7
267,,0.55,0.55,0.55,0.55,0.55,0.55,0.55,0.55
268,,0.4,0.4,0.4,0.4,0.4,0.4,0.4,0.4
269,,0.25,0.25,0.25,0.25,0.25,0.25,0.25,0.25
270,,0.1,0.1,0.1,0.1,0.1,0.1,0.1,0.1
271,,-0.05,-0.05,-0.05,-0.05,-0.05,-0.05,-0.05,-0.05
272,4,0.129,0.2,0.271,0.95,0.271,0.2,0.129,0.1
273,4,0.308,0.45,0.592,1.0,0.592,0.45,0.308,0.25
274,,0.158,0.3,0.442,0.85,0.442,0.3,0.158,0.1
275,,0.008,0.15,0.292,0.7,0.292,0.15,0.008,-0.05
276,8,0.329,0.4,0.471,0.85,0.471,0.4,0.329,0.95
277,8,0.65,0.65,0.65,1.0,0.65,0.65,0.65,1.0
278,,0.5,0.5,0.5,0.85,0.5,0.5,0.5,0.85
279,,0.35,0.35,0.35,0.7,0.35,0.35,0.35,0.7
280,,0.2,0.2,0.2,0.55,0.2,0.2,0.2,0.55
281,,0.05,0.05,0.05,0.4,0.05,0.05,0.05,0.4
282,,-0.1,-0.1,-0.1,0.25,-0.1,-0.1,-0.1,0.25
283,2,0.221,0.9,0.221,0.5,0.079,0.05,0.079,0.5
284,2,0.542,1.0,0.542,0.75,0.258,0.2,0.258,0.75
285,,0.392,0.85,0.392,0.6,0.108,0.05,0.108,0.6
286,,0.242,0.7,0.242,0.45,-0.042,-0.1,-0.042,0.45
287,6,0.421,0.85,0.421,0.7,0.279,0.9,0.279,0.7
288,6,0.6,1.0,0.6,0.95,0.6,1.0,0.6,0.95
289,,0.45,0.85,0.45,0.8,0.45,0.85,0.45,0.8
290,,0.3,0.7,0.3,0.65,0.3,0.7,0.3,0.65
291,,0.15,0.55,0.15,0.5,0.15,0.55,0.15,0.5
292,,0.0,0.4,0.0,0.35,0.0,0.4,0.0,0.35
293,,-0.15,0.25,-0.15,0.2,-0.15,0.25,-0.15,0.2
294,1,0.85,0.571,0.1,0.379,0.0,0.429,0.1,0.521
295,1,1.0,0.892,0.35,0.558,0.15,0.608,0.35,0.842
296,,0.85,0.742,0.2,0.408,0.0,0.458,0.2,0.692
297,,0.7,0.592,0.05,0.258,-0.15,0.308,0.05,0.542
298,5,0.85,0.771,0.3,0.579,0.85,0.629,0.3,0.721
299,5,1.0,0.95,0.55,0.9,1.0,0.95,0.55,0.9
300,,0.85,0.8,0.4,0.75,0.85,0.8,0.4,0.75
301,,0.7,0.65,0.25,0.6,0.7,0.65,0.25,0.6
302,,0.55,0.5,0.1,0.45,0.55,0.5,0.1,0.45
303,,0.4,0.35,-0.05,0.3,0.4,0.35,-0.05,0.3
304,3,0.65,0.671,0.95,0.621,0.65,0.529,0.1,0.479
305,3,0.9,0.992,1.0,0.942,0.9,0.708,0.25,0.658
306,,0.75,0.842,0.85,0.792,0.75,0.558,0.1,0.508
307,,0.6,0.692,0.7,0.642,0.6,0.408,-0.05,0.358
308,7,0.85,0.871,0.85,0.821,0.85,0.729,0.95,0.679
309,7,1.0,1.0,1.0,1.0,1.0,1.0,1.0,1.0
310,,0.85,0.85,0.85,0.85,0.85,0.85,0.85,0.85
311,,0.7,0.7,0.7,0.7,0.7,0.7,0.7,0.7
312,,0.55,0.55,0.55,0.55,0.55,0.55,0.55,0.55
313,,0.4,0.4,0.4,0.4,0.4,0.4,0.4,0.4
314,,0.25,0.25,0.25,0.25,0.25,0.25,0.25,0.25
315,,0.1,0.1,0.1,0.1,0.1,0.1,0.1,0.1
316,,-0.05,-0.05,-0.05,-0.05,-0.05,-0.05,-0.05,-0.05
317,8,0.271,0.2,0.129,0.1,0.129,0.2,0.271,0.95
318,8,0.592,0.45,0.308,0.25,0.308,0.45,0.592,1.0
319,,0.442,0.3,0.158,0.1,0.158,0.3,0.442,0.85
320,,0.292,0.15,0.008,-0.05,0.008,0.15,0.292,0.7
321,4,0.471,0.4,0.329,0.95,0.329,0.4,0.471,0.85
322,4,0.65,0.65,0.65,1.0,0.65,0.65,0.65,1.0
323,,0.5,0.5,0.5,0.85,0.5,0.5,0.5,0.85
324,,0.35,0.35,0.35,0.7,0.35,0.35,0.35,0.7
325,,0.2,0.2,0.2,0.55,0.2,0.2,0.2,0.55
326,,0.05,0.05,0.05,0.4,0.05,0.05,0.05,0.4
327,,-0.1,-0.1,-0.1,0.25,-0.1,-0.1,-0.1,0.25
328,7,0.15,0.079,0.05,0.429,0.15,0.221,0.9,0.571
329,7,0.4,0.258,0.2,0.608,0.4,0.542,1.0,0.892
330,,0.25,0.108,0.05,0.458,0.25,0.392,0.85,0.742
331,,0.1,-0.042,-0.1,0.308,0.1,0.242,0.7,0.592
332,3,0.35,0.279,0.9,0.629,0.35,0.421,0.85,0.771
333,3,0.6,0.6,1.0,0.95,0.6,0.6,1.0,0.95
334,,0.45,0.45,0.85,0.8,0.45,0.45,0.85,0.8
335,,0.3,0.3,0.7,0.65,0.3,0.3,0.7,0.65
336,,0.15,0.15,0.55,0.5,0.15,0.15,0.55,0.5
337,,0.0,0.0,0.4,0.35,0.0,0.0,0.4,0.35
338,,-0.15,-0.15,0.25,0.2,-0.15,-0.15,0.25,0.2
339,6,0.029,0.0,0.429,0.45,0.171,0.85,0.571,0.45
340,6,0.208,0.15,0.608,0.7,0.492,1.0,0.892,0.7
341,,0.058,0.0,0.458,0.55,0.342,0.85,0.742,0.55
342,,-0.092,-0.15,0.308,0.4,0.192,0.7,0.592,0.4
343,2,0.229,0.85,0.629,0.65,0.371,0.85,0.771,0.65
344,2,0.55,1.0,0.95,0.9,0.55,1.0,0.95,0.9
345,,0.4,0.85,0.8,0.75,0.4,0.85,0.8,0.75
346,,0.25,0.7,0.65,0.6,0.25,0.7,0.65,0.6
347,,0.1,0.55,0.5,0.45,0.1,0.55,0.5,0.45
348,,-0.05,0.4,0.35,0.3,-0.05,0.4,0.35,0.3
349,1,0.95,0.721,0.6,0.479,0.1,0.579,0.6,0.621
350,1,1.0,1.0,0.85,0.658,0.25,0.758,0.85,0.942
351,,0.85,0.85,0.7,0.508,0.1,0.608,0.7,0.792
352,,0.7,0.7,0.55,0.358,-0.05,0.458,0.55,0.642
353,5,0.85,0.879,0.8,0.679,0.95,0.779,0.8,0.821
354,5,1.0,1.0,1.0,1.0,1.0,1.0,1.0,1.0
355,,0.85,0.85,0.85,0.85,0.85,0.85,0.85,0.85
356,,0.7,0.7,0.7,0.7,0.7,0.7,0.7,0.7
357,,0.55,0.55,0.55,0.55,0.55,0.55,0.55,0.55
358,,0.4,0.4,0.4,0.4,0.4,0.4,0.4,0.4
359,,0.25,0.25,0.25,0.25,0.25,0.25,0.25,0.25
360,,0.1,0.1,0.1,0.1,0.1,0.1,0.1,0.1
361,,-0.05,-0.05,-0.05,-0.05,-0.05,-0.05,-0.05,-0.05
362,4,0.129,0.2,0.271,0.95,0.271,0.2,0.129,0.1
363,4,0.308,0.45,0.592,1.0,0.592,0.45,0.308,0.25
364,,0.158,0.3,0.442,0.85,0.442,0.3,0.158,0.1
365,,0.008,0.15,0.292,0.7,0.292,0.15,0.008,-0.05
366,8,0.329,0.4,0.471,0.85,0.471,0.4,0.329,0.95
367,8,0.65,0.65,0.65,1.0,0.65,0.65,0.65,1.0
368,,0.5,0.5,0.5,0.85,0.5,0.5,0.5,0.85
369,,0.35,0.35,0.35,0.7,0.35,0.35,0.35,0.7
370,,0.2,0.2,0.2,0.55,0.2,0.2,0.2,0.55
371,,0.05,0.05,0.05,0.4,0.05,0.05,0.05,0.4
372,,-0.1,-0.1,-0.1,0.25,-0.1,-0.1,-0.1,0.25
373,1,0.9,0.221,0.15,0.429,0.05,0.079,0.15,0.571
374,1,1.0,0.542,0.4,0.608,0.2,0.258,0.4,0.892
375,,0.85,0.392,0.25,0.458,0.05,0.108,0.25,0.742
376,,0.7,0.242,0.1,0.308,-0.1,-0.042,0.1,0.592
377,5,0.85,0.421,0.35,0.629,0.9,0.279,0.35,0.771
378,5,1.0,0.6,0.6,0.95,1.0,0.6,0.6,0.95
379,,0.85,0.45,0.45,0.8,0.85,0.45,0.45,0.8
380,,0.7,0.3,0.3,0.65,0.7,0.3,0.3,0.65
381,,0.55,0.15,0.15,0.5,0.55,0.15,0.15,0.5
382,,0.4,0.0,0.0,0.35,0.4,0.0,0.0,0.35
383,,0.25,-0.15,-0.15,0.2,0.25,-0.15,-0.15,0.2
384,6,0.429,0.0,0.029,0.45,0.571,0.85,0.171,0.45
385,6,0.608,0.15,0.208,0.7,0.892,1.0,0.492,0.7
386,,0.458,0.0,0.058,0.55,0.742,0.85,0.342,0.55
387,,0.308,-0.15,-0.092,0.4,0.592,0.7,0.192,0.4
388,2,0.629,0.85,0.229,0.65,0.771,0.85,0.371,0.65
389,2,0.95,1.0,0.55,0.9,0.95,1.0,0.55,0.9
390,,0.8,0.85,0.4,0.75,0.8,0.85,0.4,0.75
391,,0.65,0.7,0.25,0.6,0.65,0.7,0.25,0.6
392,,0.5,0.55,0.1,0.45,0.5,0.55,0.1,0.45
393,,0.35,0.4,-0.05,0.3,0.35,0.4,-0.05,0.3
394,3,0.6,0.721,0.95,0.621,0.6,0.579,0.1,0.479
395,3,0.85,1.0,1.0,0.942,0.85,0.758,0.25,0.658
396,,0.7,0.85,0.85,0.792,0.7,0.608,0.1,0.508
397,,0.55,0.7,0.7,0.642,0.55,0.458,-0.05,0.358
398,7,0.8,0.879,0.85,0.821,0.8,0.779,0.95,0.679
399,7,1.0,1.0,1.0,1.0,1.0,1.0,1.0,1.0
400,,0.85,0.85,0.85,0.85,0.85,0.85,0.85,0.85
401,,0.7,0.7,0.7,0.7,0.7,0.7,0.7,0.7
402,,0.55,0.55,0.55,0.55,0.55,0.55,0.55,0.55
403,,0.4,0.4,0.4,0.4,0.4,0.4,0.4,0.4
404,,0.25,0.25,0.25,0.25,0.25,0.25,0.25,0.25
405,,0.1,0.1,0.1,0.1,0.1,0.1,0.1,0.1
406,,-0.05,-0.05,-0.05,-0.05,-0.05,-0.05,-0.05,-0.05
407,7,0.2,0.129,0.1,0.129,0.2,0.271,0.95,0.271
408,7,0.45,0.308,0.25,0.308,0.45,0.592,1.0,0.592
409,,0.3,0.158,0.1,0.158,0.3,0.442,0.85,0.442
410,,0.15,0.008,-0.05,0.008,0.15,0.292,0.7,0.292
411,3,0.4,0.329,0.95,0.329,0.4,0.471,0.85,0.471
412,3,0.65,0.65,1.0,0.65,0.65,0.65,1.0,0.65
413,,0.5,0.5,0.85,0.5,0.5,0.5,0.85,0.5
414,,0.35,0.35,0.7,0.35,0.35,0.35,0.7,0.35
415,,0.2,0.2,0.55,0.2,0.2,0.2,0.55,0.2
416,,0.05,0.05,0.4,0.05,0.05,0.05,0.4,0.05
417,,-0.1,-0.1,0.25,-0.1,-0.1,-0.1,0.25,-0.1
418,1,0.9,0.221,0.5,0.079,0.05,0.079,0.5,0.221
419,1,1.0,0.542,0.75,0.258,0.2,0.258,0.75,0.542
420,,0.85,0.392,0.6,0.108,0.05,0.108,0.6,0.392
421,,0.7,0.242,0.45,-0.042,-0.1,-0.042,0.45,0.242
422,5,0.85,0.421,0.7,0.279,0.9,0.279,0.7,0.421
423,5,1.0,0.6,0.95,0.6,1.0,0.6,0.95,0.6
424,,0.85,0.45,0.8,0.45,0.85,0.45,0.8,0.45
425,,0.7,0.3,0.65,0.3,0.7,0.3,0.65,0.3
426,,0.55,0.15,0.5,0.15,0.55,0.15,0.5,0.15
427,,0.4,0.0,0.35,0.0,0.4,0.0,0.35,0.0
428,,0.25,-0.15,0.2,-0.15,0.25,-0.15,0.2,-0.15
429,6,0.429,0.0,0.379,0.1,0.571,0.85,0.521,0.1
430,6,0.608,0.15,0.558,0.35,0.892,1.0,0.842,0.35
431,,0.458,0.0,0.408,0.2,0.742,0.85,0.692,0.2
432,,0.308,-0.15,0.258,0.05,0.592,0.7,0.542,0.05
433,2,0.629,0.85,0.579,0.3,0.771,0.85,0.721,0.3
434,2,0.95,1.0,0.9,0.55,0.95,1.0,0.9,0.55
435,,0.8,0.85,0.75,0.4,0.8,0.85,0.75,0.4
436,,0.65,0.7,0.6,0.25,0.65,0.7,0.6,0.25
437,,0.5,0.55,0.45,0.1,0.5,0.55,0.45,0.1
438,,0.35,0.4,0.3,-0.05,0.35,0.4,0.3,-0.05
439,4,0.529,0.65,0.621,0.95,0.671,0.65,0.479,0.1
440,4,0.708,0.9,0.942,1.0,0.992,0.9,0.658,0.25
441,,0.558,0.75,0.792,0.85,0.842,0.75,0.508,0.1
442,,0.408,0.6,0.642,0.7,0.692,0.6,0.358,-0.05
443,8,0.729,0.85,0.821,0.85,0.871,0.85,0.679,0.95
444,8,1.0,1.0,1.0,1.0,1.0,1.0,1.0,1.0
445,,0.85,0.85,0.85,0.85,0.85,0.85,0.85,0.85
446,,0.7,0.7,0.7,0.7,0.7,0.7,0.7,0.7
447,,0.55,0.55,0.55,0.55,0.55,0.55,0.55,0.55
448,,0.4,0.4,0.4,0.4,0.4,0.4,0.4,0.4
449,,0.25,0.25,0.25,0.25,0.25,0.25,0.25,0.25
450,,0.1,0.1,0.1,0.1,0.1,0.1,0.1,0.1
451,,-0.05,-0.05,-0.05,-0.05,-0.05,-0.05,-0.05,-0.05
452,6,0.129,0.1,0.129,0.2,0.271,0.95,0.271,0.2
453,6,0.308,0.25,0.308,0.45,0.592,1.0,0.592,0.45
454,,0.158,0.1,0.158,0.3,0.442,0.85,0.442,0.3
455,,0.008,-0.05,0.008,0.15,0.292,0.7,0.292,0.15
456,2,0.329,0.95,0.329,0.4,0.471,0.85,0.471,0.4
457,2,0.65,1.0,0.65,0.65,0.65,1.0,0.65,0.65
458,,0.5,0.85,0.5,0.5,0.5,0.85,0.5,0.5
459,,0.35,0.7,0.35,0.35,0.35,0.7,0.35,0.35
460,,0.2,0.55,0.2,0.2,0.2,0.55,0.2,0.2
461,,0.05,0.4,0.05,0.05,0.05,0.4,0.05,0.05
462,,-0.1,0.25,-0.1,-0.1,-0.1,0.25,-0.1,-0.1
463,1,0.9,0.571,0.15,0.079,0.05,0.429,0.15,0.221
464,1,1.0,0.892,0.4,0.258,0.2,0.608,0.4,0.542
465,,0.85,0.742,0.25,0.108,0.05,0.458,0.25,0.392
466,,0.7,0.592,0.1,-0.042,-0.1,0.308,0.1,0.242
467,5,0.85,0.771,0.35,0.279,0.9,0.629,0.35,0.421
468,5,1.0,0.95,0.6,0.6,1.0,0.95,0.6,0.6
469,,0.85,0.8,0.45,0.45,0.85,0.8,0.45,0.45
470,,0.7,0.65,0.3,0.3,0.7,0.65,0.3,0.3
471,,0.55,0.5,0.15,0.15,0.55,0.5,0.15,0.15
472,,0.4,0.35,0.0,0.0,0.4,0.35,0.0,0.0
473,,0.25,0.2,-0.15,-0.15,0.25,0.2,-0.15,-0.15
474,3,0.5,0.521,0.85,0.171,0.5,0.379,0.0,0.029
475,3,0.75,0.842,1.0,0.492,0.75,0.558,0.15,0.208
476,,0.6,0.692,0.85,0.342,0.6,0.408,0.0,0.058
477,,0.45,0.542,0.7,0.192,0.45,0.258,-0.15,-0.092
478,7,0.7,0.721,0.85,0.371,0.7,0.579,0.85,0.229
479,7,0.95,0.9,1.0,0.55,0.95,0.9,1.0,0.55
480,,0.8,0.75,0.85,0.4,0.8,0.75,0.85,0.4
481,,0.65,0.6,0.7,0.25,0.65,0.6,0.7,0.25
482,,0.5,0.45,0.55,0.1,0.5,0.45,0.55,0.1
483,,0.35,0.3,0.4,-0.05,0.35,0.3,0.4,-0.05
484,8,0.671,0.55,0.579,0.1,0.529,0.55,0.721,0.95
485,8,0.992,0.8,0.758,0.25,0.708,0.8,1.0,1.0
486,,0.842,0.65,0.608,0.1,0.558,0.65,0.85,0.85
487,,0.692,0.5,0.458,-0.05,0.408,0.5,0.7,0.7
488,4,0.871,0.75,0.779,0.95,0.729,0.75,0.879,0.85
489,4,1.0,1.0,1.0,1.0,1.0,1.0,1.0,1.0
490,,0.85,0.85,0.85,0.85,0.85,0.85,0.85,0.85
491,,0.7,0.7,0.7,0.7,0.7,0.7,0.7,0.7
492,,0.55,0.55,0.55,0.55,0.55,0.55,0.55,0.55
493,,0.4,0.4,0.4,0.4,0.4,0.4,0.4,0.4
494,,0.25,0.25,0.25,0.25,0.25,0.25,0.25,0.25
495,,0.1,0.1,0.1,0.1,0.1,0.1,0.1,0.1
496,,-0.05,-0.05,-0.05,-0.05,-0.05,-0.05,-0.05,-0.05
497,4,0.129,0.2,0.271,0.95,0.271,0.2,0.129,0.1
498,4,0.308,0.45,0.592,1.0,0.592,0.45,0.308,0.25
499,,0.158,0.3,0.442,0.85,0.442,0.3,0.158,0.1
