step,active_motive,motive_1,motive_2,motive_3,motive_4,motive_5,motive_6,motive_7,motive_8
0,,0.05399,0.04864,0.0409,0.07719,0.00122,0.05984,0.05655,0.07162
1,,-0.09601,-0.10136,-0.1091,-0.07281,-0.14878,-0.09016,-0.09345,-0.07838
2,5,0.05399,0.07764,0.1409,0.24819,0.85122,0.23084,0.15655,0.10062
3,5,0.20399,0.25664,0.3909,0.56919,1.0,0.55184,0.40655,0.27962
4,,0.05399,0.10664,0.2409,0.41919,0.85,0.40184,0.25655,0.12962
5,,-0.09601,-0.04336,0.0909,0.26919,0.7,0.25184,0.10655,-0.02038
6,1,0.90399,0.27764,0.3409,0.44819,0.85,0.43084,0.35655,0.30062
7,1,1.0,0.59864,0.5909,0.62719,1.0,0.60984,0.60655,0.62162
8,,0.85,0.44864,0.4409,0.47719,0.85,0.45984,0.45655,0.47162
9,,0.7,0.29864,0.2909,0.32719,0.7,0.30984,0.30655,0.32162
10,,0.55,0.14864,0.1409,0.17719,0.55,0.15984,0.15655,0.17162
11,,0.4,-0.00136,-0.0091,0.02719,0.4,0.00984,0.00655,0.02162
12,3,0.65,0.31964,0.9909,0.34819,0.65,0.18884,0.15655,0.20062
13,3,0.9,0.64064,1.0,0.66919,0.9,0.36784,0.30655,0.37962
14,,0.75,0.49064,0.85,0.51919,0.75,0.21784,0.15655,0.22962
15,,0.6,0.34064,0.7,0.36919,0.6,0.06784,0.00655,0.07962
16,,0.45,0.19064,0.55,0.21919,0.45,-0.08216,-0.14345,-0.07038
17,7,0.7,0.36964,0.7,0.39819,0.7,0.23884,0.85655,0.25062
18,7,0.95,0.54864,0.85,0.57719,0.95,0.55984,1.0,0.57162
19,,0.8,0.39864,0.7,0.42719,0.8,0.40984,0.85,0.42162
20,,0.65,0.24864,0.55,0.27719,0.65,0.25984,0.7,0.27162
21,,0.5,0.09864,0.4,0.12719,0.5,0.10984,0.55,0.12162
22,,0.35,-0.05136,0.25,-0.02281,0.35,-0.04016,0.4,-0.02838
23,2,0.671,0.94864,0.571,0.22719,0.529,0.10984,0.579,0.22162
24,2,0.992,1.0,0.892,0.47719,0.708,0.25984,0.758,0.47162
25,,0.842,0.85,0.742,0.32719,0.558,0.10984,0.608,0.32162
26,,0.692,0.7,0.592,0.17719,0.408,-0.04016,0.458,0.17162
27,6,0.871,0.85,0.771,0.42719,0.729,0.95984,0.779,0.42162
28,6,1.0,1.0,0.95,0.67719,1.0,1.0,1.0,0.67162
29,,0.85,0.85,0.8,0.52719,0.85,0.85,0.85,0.52162
30,,0.7,0.7,0.65,0.37719,0.7,0.7,0.7,0.37162
31,,0.55,0.55,0.5,0.22719,0.55,0.55,0.55,0.22162
32,,0.4,0.4,0.35,0.07719,0.4,0.4,0.4,0.07162
33,,0.25,0.25,0.2,-0.07281,0.25,0.25,0.25,-0.07838
34,8,0.571,0.5,0.379,0.07719,0.429,0.5,0.571,0.92162
35,8,0.892,0.75,0.558,0.22719,0.608,0.75,0.892,1.0
36,,0.742,0.6,0.408,0.07719,0.458,0.6,0.742,0.85
37,,0.592,0.45,0.258,-0.07281,0.308,0.45,0.592,0.7
38,4,0.771,0.7,0.579,0.92719,0.629,0.7,0.771,0.85
39,4,0.95,0.95,0.9,1.0,0.95,0.95,0.95,1.0
40,,0.8,0.8,0.75,0.85,0.8,0.8,0.8,0.85
41,,0.65,0.65,0.6,0.7,0.65,0.65,0.65,0.7
42,,0.5,0.5,0.45,0.55,0.5,0.5,0.5,0.55
43,,0.35,0.35,0.3,0.4,0.35,0.35,0.35,0.4
44,,0.2,0.2,0.15,0.25,0.2,0.2,0.2,0.25
45,,0.05,0.05,0.0,0.1,0.05,0.05,0.05,0.1
46,,-0.1,-0.1,-0.15,-0.05,-0.1,-0.1,-0.1,-0.05
47,3,0.15,0.221,0.85,0.271,0.15,0.079,0.05,0.129
48,3,0.4,0.542,1.0,0.592,0.4,0.258,0.2,0.308
49,,0.25,0.392,0.85,0.442,0.25,0.108,0.05,0.158
50,,0.1,0.242,0.7,0.292,0.1,-0.042,-0.1,0.008
51,7,0.35,0.421,0.85,0.471,0.35,0.279,0.9,0.329
52,7,0.6,0.6,1.0,0.65,0.6,0.6,1.0,0.65
53,,0.45,0.45,0.85,0.5,0.45,0.45,0.85,0.5
54,,0.3,0.3,0.7,0.35,0.3,0.3,0.7,0.35
55,,0.15,0.15,0.55,0.2,0.15,0.15,0.55,0.2
56,,0.0,0.0,0.4,0.05,0.0,0.0,0.4,0.05
57,,-0.15,-0.15,0.25,-0.1,-0.15,-0.15,0.25,-0.1
58,5,0.0,0.029,0.5,0.221,0.85,0.171,0.5,0.079
59,5,0.15,0.208,0.75,0.542,1.0,0.492,0.75,0.258
60,,0.0,0.058,0.6,0.392,0.85,0.342,0.6,0.108
61,,-0.15,-0.092,0.45,0.242,0.7,0.192,0.45,-0.042
62,1,0.85,0.229,0.7,0.421,0.85,0.371,0.7,0.279
63,1,1.0,0.55,0.95,0.6,1.0,0.55,0.95,0.6
64,,0.85,0.4,0.8,0.45,0.85,0.4,0.8,0.45
65,,0.7,0.25,0.65,0.3,0.7,0.25,0.65,0.3
66,,0.55,0.1,0.5,0.15,0.55,0.1,0.5,0.15
67,,0.4,-0.05,0.35,0.0,0.4,-0.05,0.35,0.0
68,2,0.721,0.95,0.671,0.25,0.579,0.1,0.529,0.25
69,2,1.0,1.0,0.992,0.5,0.758,0.25,0.708,0.5
70,,0.85,0.85,0.842,0.35,0.608,0.1,0.558,0.35
71,,0.7,0.7,0.692,0.2,0.458,-0.05,0.408,0.2
72,6,0.879,0.85,0.871,0.45,0.779,0.95,0.729,0.45
73,6,1.0,1.0,1.0,0.7,1.0,1.0,1.0,0.7
74,,0.85,0.85,0.85,0.55,0.85,0.85,0.85,0.55
75,,0.7,0.7,0.7,0.4,0.7,0.7,0.7,0.4
76,,0.55,0.55,0.55,0.25,0.55,0.55,0.55,0.25
77,,0.4,0.4,0.4,0.1,0.4,0.4,0.4,0.1
78,,0.25,0.25,0.25,-0.05,0.25,0.25,0.25,-0.05
79,8,0.571,0.5,0.429,0.1,0.429,0.5,0.571,0.95
80,8,0.892,0.75,0.608,0.25,0.608,0.75,0.892,1.0
81,,0.742,0.6,0.458,0.1,0.458,0.6,0.742,0.85
82,,0.592,0.45,0.308,-0.05,0.308,0.45,0.592,0.7
83,4,0.771,0.7,0.629,0.95,0.629,0.7,0.771,0.85
84,4,0.95,0.95,0.95,1.0,0.95,0.95,0.95,1.0
85,,0.8,0.8,0.8,0.85,0.8,0.8,0.8,0.85
86,,0.65,0.65,0.65,0.7,0.65,0.65,0.65,0.7
87,,0.5,0.5,0.5,0.55,0.5,0.5,0.5,0.55
88,,0.35,0.35,0.35,0.4,0.35,0.35,0.35,0.4
89,,0.2,0.2,0.2,0.25,0.2,0.2,0.2,0.25
90,,0.05,0.05,0.05,0.1,0.05,0.05,0.05,0.1
91,,-0.1,-0.1,-0.1,-0.05,-0.1,-0.1,-0.1,-0.05
92,3,0.15,0.221,0.9,0.271,0.15,0.079,0.05,0.129
93,3,0.4,0.542,1.0,0.592,0.4,0.258,0.2,0.308
94,,0.25,0.392,0.85,0.442,0.25,0.108,0.05,0.158
95,,0.1,0.242,0.7,0.292,0.1,-0.042,-0.1,0.008
96,7,0.35,0.421,0.85,0.471,0.35,0.279,0.9,0.329
97,7,0.6,0.6,1.0,0.65,0.6,0.6,1.0,0.65
98,,0.45,0.45,0.85,0.5,0.45,0.45,0.85,0.5
99,,0.3,0.3,0.7,0.35,0.3,0.3,0.7,0.35
100,,0.15,0.15,0.55,0.2,0.15,0.15,0.55,0.2
101,,0.0,0.0,0.4,0.05,0.0,0.0,0.4,0.05
102,,-0.15,-0.15,0.25,-0.1,-0.15,-0.15,0.25,-0.1
103,2,0.171,0.85,0.571,0.15,0.029,0.0,0.429,0.15
104,2,0.492,1.0,0.892,0.4,0.208,0.15,0.608,0.4
105,,0.342,0.85,0.742,0.25,0.058,0.0,0.458,0.25
106,,0.192,0.7,0.592,0.1,-0.092,-0.15,0.308,0.1
107,6,0.371,0.85,0.771,0.35,0.229,0.85,0.629,0.35
108,6,0.55,1.0,0.95,0.6,0.55,1.0,0.95,0.6
109,,0.4,0.85,0.8,0.45,0.4,0.85,0.8,0.45
110,,0.25,0.7,0.65,0.3,0.25,0.7,0.65,0.3
111,,0.1,0.55,0.5,0.15,0.1,0.55,0.5,0.15
112,,-0.05,0.4,0.35,0.0,-0.05,0.4,0.35,0.0
113,5,0.1,0.579,0.6,0.321,0.95,0.721,0.6,0.179
114,5,0.25,0.758,0.85,0.642,1.0,1.0,0.85,0.358
115,,0.1,0.608,0.7,0.492,0.85,0.85,0.7,0.208
116,,-0.05,0.458,0.55,0.342,0.7,0.7,0.55,0.058
117,1,0.95,0.779,0.8,0.521,0.85,0.879,0.8,0.379
118,1,1.0,1.0,1.0,0.7,1.0,1.0,1.0,0.7
119,,0.85,0.85,0.85,0.55,0.85,0.85,0.85,0.55
120,,0.7,0.7,0.7,0.4,0.7,0.7,0.7,0.4
121,,0.55,0.55,0.55,0.25,0.55,0.55,0.55,0.25
122,,0.4,0.4,0.4,0.1,0.4,0.4,0.4,0.1
123,,0.25,0.25,0.25,-0.05,0.25,0.25,0.25,-0.05
124,8,0.571,0.5,0.429,0.1,0.429,0.5,0.571,0.95
125,8,0.892,0.75,0.608,0.25,0.608,0.75,0.892,1.0
126,,0.742,0.6,0.458,0.1,0.458,0.6,0.742,0.85
127,,0.592,0.45,0.308,-0.05,0.308,0.45,0.592,0.7
128,4,0.771,0.7,0.629,0.95,0.629,0.7,0.771,0.85
129,4,0.95,0.95,0.95,1.0,0.95,0.95,0.95,1.0
130,,0.8,0.8,0.8,0.85,0.8,0.8,0.8,0.85
131,,0.65,0.65,0.65,0.7,0.65,0.65,0.65,0.7
132,,0.5,0.5,0.5,0.55,0.5,0.5,0.5,0.55
133,,0.35,0.35,0.35,0.4,0.35,0.35,0.35,0.4
134,,0.2,0.2,0.2,0.25,0.2,0.2,0.2,0.25
135,,0.05,0.05,0.05,0.1,0.05,0.05,0.05,0.1
136,,-0.1,-0.1,-0.1,-0.05,-0.1,-0.1,-0.1,-0.05
137,7,0.15,0.079,0.05,0.129,0.15,0.221,0.9,0.271
138,7,0.4,0.258,0.2,0.308,0.4,0.542,1.0,0.592
139,,0.25,0.108,0.05,0.158,0.25,0.392,0.85,0.442
140,,0.1,-0.042,-0.1,0.008,0.1,0.242,0.7,0.292
141,3,0.35,0.279,0.9,0.329,0.35,0.421,0.85,0.471
142,3,0.6,0.6,1.0,0.65,0.6,0.6,1.0,0.65
143,,0.45,0.45,0.85,0.5,0.45,0.45,0.85,0.5
144,,0.3,0.3,0.7,0.35,0.3,0.3,0.7,0.35
145,,0.15,0.15,0.55,0.2,0.15,0.15,0.55,0.2
146,,0.0,0.0,0.4,0.05,0.0,0.0,0.4,0.05
147,,-0.15,-0.15,0.25,-0.1,-0.15,-0.15,0.25,-0.1
148,2,0.171,0.85,0.571,0.15,0.029,0.0,0.429,0.15
149,2,0.492,1.0,0.892,0.4,0.208,0.15,0.608,0.4
150,,0.342,0.85,0.742,0.25,0.058,0.0,0.458,0.25
151,,0.192,0.7,0.592,0.1,-0.092,-0.15,0.308,0.1
152,6,0.371,0.85,0.771,0.35,0.229,0.85,0.629,0.35
153,6,0.55,1.0,0.95,0.6,0.55,1.0,0.95,0.6
154,,0.4,0.85,0.8,0.45,0.4,0.85,0.8,0.45
155,,0.25,0.7,0.65,0.3,0.25,0.7,0.65,0.3
156,,0.1,0.55,0.5,0.15,0.1,0.55,0.5,0.15
157,,-0.05,0.4,0.35,0.0,-0.05,0.4,0.35,0.0
158,5,0.1,0.579,0.6,0.321,0.95,0.721,0.6,0.179
159,5,0.25,0.758,0.85,0.642,1.0,1.0,0.85,0.358
160,,0.1,0.608,0.7,0.492,0.85,0.85,0.7,0.208
161,,-0.05,0.458,0.55,0.342,0.7,0.7,0.55,0.058
162,1,0.95,0.779,0.8,0.521,0.85,0.879,0.8,0.379
163,1,1.0,1.0,1.0,0.7,1.0,1.0,1.0,0.7
164,,0.85,0.85,0.85,0.55,0.85,0.85,0.85,0.55
165,,0.7,0.7,0.7,0.4,0.7,0.7,0.7,0.4
166,,0.55,0.55,0.55,0.25,0.55,0.55,0.55,0.25
167,,0.4,0.4,0.4,0.1,0.4,0.4,0.4,0.1
168,,0.25,0.25,0.25,-0.05,0.25,0.25,0.25,-0.05
169,4,0.429,0.5,0.571,0.95,0.571,0.5,0.429,0.1
170,4,0.608,0.75,0.892,1.0,0.892,0.75,0.608,0.25
171,,0.458,0.6,0.742,0.85,0.742,0.6,0.458,0.1
172,,0.308,0.45,0.592,0.7,0.592,0.45,0.308,-0.05
173,8,0.629,0.7,0.771,0.85,0.771,0.7,0.629,0.95
174,8,0.95,0.95,0.95,1.0,0.95,0.95,0.95,1.0
175,,0.8,0.8,0.8,0.85,0.8,0.8,0.8,0.85
176,,0.65,0.65,0.65,0.7,0.65,0.65,0.65,0.7
177,,0.5,0.5,0.5,0.55,0.5,0.5,0.5,0.55
178,,0.35,0.35,0.35,0.4,0.35,0.35,0.35,0.4
179,,0.2,0.2,0.2,0.25,0.2,0.2,0.2,0.25
180,,0.05,0.05,0.05,0.1,0.05,0.05,0.05,0.1
181,,-0.1,-0.1,-0.1,-0.05,-0.1,-0.1,-0.1,-0.05
182,2,0.221,0.9,0.221,0.2,0.079,0.05,0.079,0.2
183,2,0.542,1.0,0.542,0.45,0.258,0.2,0.258,0.45
184,,0.392,0.85,0.392,0.3,0.108,0.05,0.108,0.3
185,,0.242,0.7,0.242,0.15,-0.042,-0.1,-0.042,0.15
186,6,0.421,0.85,0.421,0.4,0.279,0.9,0.279,0.4
187,6,0.6,1.0,0.6,0.65,0.6,1.0,0.6,0.65
188,,0.45,0.85,0.45,0.5,0.45,0.85,0.45,0.5
189,,0.3,0.7,0.3,0.35,0.3,0.7,0.3,0.35
190,,0.15,0.55,0.15,0.2,0.15,0.55,0.15,0.2
191,,0.0,0.4,0.0,0.05,0.0,0.4,0.0,0.05
192,,-0.15,0.25,-0.15,-0.1,-0.15,0.25,-0.15,-0.1
193,3,0.1,0.571,0.85,0.221,0.1,0.429,0.0,0.079
194,3,0.35,0.892,1.0,0.542,0.35,0.608,0.15,0.258
195,,0.2,0.742,0.85,0.392,0.2,0.458,0.0,0.108
196,,0.05,0.592,0.7,0.242,0.05,0.308,-0.15,-0.042
197,7,0.3,0.771,0.85,0.421,0.3,0.629,0.85,0.279
198,7,0.55,0.95,1.0,0.6,0.55,0.95,1.0,0.6
199,,0.4,0.8,0.85,0.45,0.4,0.8,0.85,0.45
200,,0.25,0.65,0.7,0.3,0.25,0.65,0.7,0.3
201,,0.1,0.5,0.55,0.15,0.1,0.5,0.55,0.15
202,,-0.05,0.35,0.4,0.0,-0.05,0.35,0.4,0.0
203,1,0.95,0.671,0.65,0.179,0.1,0.529,0.65,0.321
204,1,1.0,0.992,0.9,0.358,0.25,0.708,0.9,0.642
205,,0.85,0.842,0.75,0.208,0.1,0.558,0.75,0.492
206,,0.7,0.692,0.6,0.058,-0.05,0.408,0.6,0.342
207,5,0.85,0.871,0.85,0.379,0.95,0.729,0.85,0.521
208,5,1.0,1.0,1.0,0.7,1.0,1.0,1.0,0.7
209,,0.85,0.85,0.85,0.55,0.85,0.85,0.85,0.55
210,,0.7,0.7,0.7,0.4,0.7,0.7,0.7,0.4
211,,0.55,0.55,0.55,0.25,0.55,0.55,0.55,0.25
212,,0.4,0.4,0.4,0.1,0.4,0.4,0.4,0.1
213,,0.25,0.25,0.25,-0.05,0.25,0.25,0.25,-0.05
214,8,0.571,0.5,0.429,0.1,0.429,0.5,0.571,0.95
215,8,0.892,0.75,0.608,0.25,0.608,0.75,0.892,1.0
216,,0.742,0.6,0.458,0.1,0.458,0.6,0.742,0.85
217,,0.592,0.45,0.308,-0.05,0.308,0.45,0.592,0.7
218,4,0.771,0.7,0.629,0.95,0.629,0.7,0.771,0.85
219,4,0.95,0.95,0.95,1.0,0.95,0.95,0.95,1.0
220,,0.8,0.8,0.8,0.85,0.8,0.8,0.8,0.85
221,,0.65,0.65,0.65,0.7,0.65,0.65,0.65,0.7
222,,0.5,0.5,0.5,0.55,0.5,0.5,0.5,0.55
223,,0.35,0.35,0.35,0.4,0.35,0.35,0.35,0.4
224,,0.2,0.2,0.2,0.25,0.2,0.2,0.2,0.25
225,,0.05,0.05,0.05,0.1,0.05,0.05,0.05,0.1
226,,-0.1,-0.1,-0.1,-0.05,-0.1,-0.1,-0.1,-0.05
227,2,0.221,0.9,0.221,0.2,0.079,0.05,0.079,0.2
228,2,0.542,1.0,0.542,0.45,0.258,0.2,0.258,0.45
229,,0.392,0.85,0.392,0.3,0.108,0.05,0.108,0.3
230,,0.242,0.7,0.242,0.15,-0.042,-0.1,-0.042,0.15
231,6,0.421,0.85,0.421,0.4,0.279,0.9,0.279,0.4
232,6,0.6,1.0,0.6,0.65,0.6,1.0,0.6,0.65
233,,0.45,0.85,0.45,0.5,0.45,0.85,0.45,0.5
234,,0.3,0.7,0.3,0.35,0.3,0.7,0.3,0.35
235,,0.15,0.55,0.15,0.2,0.15,0.55,0.15,0.2
236,,0.0,0.4,0.0,0.05,0.0,0.4,0.0,0.05
237,,-0.15,0.25,-0.15,-0.1,-0.15,0.25,-0.15,-0.1
238,1,0.85,0.571,0.1,0.079,0.0,0.429,0.1,0.221
239,1,1.0,0.892,0.35,0.258,0.15,0.608,0.35,0.542
240,,0.85,0.742,0.2,0.108,0.0,0.458,0.2,0.392
241,,0.7,0.592,0.05,-0.042,-0.15,0.308,0.05,0.242
242,5,0.85,0.771,0.3,0.279,0.85,0.629,0.3,0.421
243,5,1.0,0.95,0.55,0.6,1.0,0.95,0.55,0.6
244,,0.85,0.8,0.4,0.45,0.85,0.8,0.4,0.45
245,,0.7,0.65,0.25,0.3,0.7,0.65,0.25,0.3
246,,0.55,0.5,0.1,0.15,0.55,0.5,0.1,0.15
247,,0.4,0.35,-0.05,0.0,0.4,0.35,-0.05,0.0
248,7,0.65,0.529,0.1,0.179,0.65,0.671,0.95,0.321
249,7,0.9,0.708,0.25,0.358,0.9,0.992,1.0,0.642
250,,0.75,0.558,0.1,0.208,0.75,0.842,0.85,0.492
251,,0.6,0.408,-0.05,0.058,0.6,0.692,0.7,0.342
252,3,0.85,0.729,0.95,0.379,0.85,0.871,0.85,0.521
253,3,1.0,1.0,1.0,0.7,1.0,1.0,1.0,0.7
254,,0.85,0.85,0.85,0.55,0.85,0.85,0.85,0.55
255,,0.7,0.7,0.7,0.4,0.7,0.7,0.7,0.4
256,,0.55,0.55,0.55,0.25,0.55,0.55,0.55,0.25
257,,0.4,0.4,0.4,0.1,0.4,0.4,0.4,0.1
258,,0.25,0.25,0.25,-0.05,0.25,0.25,0.25,-0.05
259,8,0.571,0.5,0.429,0.1,0.429,0.5,0.571,0.95
260,8,0.892,0.75,0.608,0.25,0.608,0.75,0.892,1.0
261,,0.742,0.6,0.458,0.1,0.458,0.6,0.742,0.85
262,,0.592,0.45,0.308,-0.05,0.308,0.45,0.592,0.7
263,4,0.771,0.7,0.629,0.95,0.629,0.7,0.771,0.85
264,4,0.95,0.95,0.95,1.0,0.95,0.95,0.95,1.0
265,,0.8,0.8,0.8,0.85,0.8,0.8,0.8,0.85
266,,0.65,0.65,0.65,0.7,0.65,0.65,0.65,0.7
267,,0.5,0.5,0.5,0.55,0.5,0.5,0.5,0.55
268,,0.35,0.35,0.35,0.4,0.35,0.35,0.35,0.4
269,,0.2,0.2,0.2,0.25,0.2,0.2,0.2,0.25
270,,0.05,0.05,0.05,0.1,0.05,0.05,0.05,0.1
271,,-0.1,-0.1,-0.1,-0.05,-0.1,-0.1,-0.1,-0.05
272,2,0.221,0.9,0.221,0.2,0.079,0.05,0.079,0.2
273,2,0.542,1.0,0.542,0.45,0.258,0.2,0.258,0.45
274,,0.392,0.85,0.392,0.3,0.108,0.05,0.108,0.3
275,,0.242,0.7,0.242,0.15,-0.042,-0.1,-0.042,0.15
276,6,0.421,0.85,0.421,0.4,0.279,0.9,0.279,0.4
277,6,0.6,1.0,0.6,0.65,0.6,1.0,0.6,0.65
278,,0.45,0.85,0.45,0.5,0.45,0.85,0.45,0.5
279,,0.3,0.7,0.3,0.35,0.3,0.7,0.3,0.35
280,,0.15,0.55,0.15,0.2,0.15,0.55,0.15,0.2
281,,0.0,0.4,0.0,0.05,0.0,0.4,0.0,0.05
282,,-0.15,0.25,-0.15,-0.1,-0.15,0.25,-0.15,-0.1
283,1,0.85,0.571,0.1,0.079,0.0,0.429,0.1,0.221
284,1,1.0,0.892,0.35,0.258,0.15,0.608,0.35,0.542
285,,0.85,0.742,0.2,0.108,0.0,0.458,0.2,0.392
286,,0.7,0.592,0.05,-0.042,-0.15,0.308,0.05,0.242
287,5,0.85,0.771,0.3,0.279,0.85,0.629,0.3,0.421
288,5,1.0,0.95,0.55,0.6,1.0,0.95,0.55,0.6
289,,0.85,0.8,0.4,0.45,0.85,0.8,0.4,0.45
290,,0.7,0.65,0.25,0.3,0.7,0.65,0.25,0.3
291,,0.55,0.5,0.1,0.15,0.55,0.5,0.1,0.15
292,,0.4,0.35,-0.05,0.0,0.4,0.35,-0.05,0.0
293,3,0.65,0.671,0.95,0.321,0.65,0.529,0.1,0.179
294,3,0.9,0.992,1.0,0.642,0.9,0.708,0.25,0.358
295,,0.75,0.842,0.85,0.492,0.75,0.558,0.1,0.208
296,,0.6,0.692,0.7,0.342,0.6,0.408,-0.05,0.058
297,7,0.85,0.871,0.85,0.521,0.85,0.729,0.95,0.379
298,7,1.0,1.0,1.0,0.7,1.0,1.0,1.0,0.7
299,,0.85,0.85,0.85,0.55,0.85,0.85,0.85,0.55
300,,0.7,0.7,0.7,0.4,0.7,0.7,0.7,0.4
301,,0.55,0.55,0.55,0.25,0.55,0.55,0.55,0.25
302,,0.4,0.4,0.4,0.1,0.4,0.4,0.4,0.1
303,,0.25,0.25,0.25,-0.05,0.25,0.25,0.25,-0.05
304,4,0.429,0.5,0.571,0.95,0.571,0.5,0.429,0.1
305,4,0.608,0.75,0.892,1.0,0.892,0.75,0.608,0.25
306,,0.458,0.6,0.742,0.85,0.742,0.6,0.458,0.1
307,,0.308,0.45,0.592,0.7,0.592,0.45,0.308,-0.05
308,8,0.629,0.7,0.771,0.85,0.771,0.7,0.629,0.95
309,8,0.95,0.95,0.95,1.0,0.95,0.95,0.95,1.0
310,,0.8,0.8,0.8,0.85,0.8,0.8,0.8,0.85
311,,0.65,0.65,0.65,0.7,0.65,0.65,0.65,0.7
312,,0.5,0.5,0.5,0.55,0.5,0.5,0.5,0.55
313,,0.35,0.35,0.35,0.4,0.35,0.35,0.35,0.4
314,,0.2,0.2,0.2,0.25,0.2,0.2,0.2,0.25
315,,0.05,0.05,0.05,0.1,0.05,0.05,0.05,0.1
316,,-0.1,-0.1,-0.1,-0.05,-0.1,-0.1,-0.1,-0.05
317,5,0.05,0.079,0.15,0.271,0.9,0.221,0.15,0.129
318,5,0.2,0.258,0.4,0.592,1.0,0.542,0.4,0.308
319,,0.05,0.108,0.25,0.442,0.85,0.392,0.25,0.158
320,,-0.1,-0.042,0.1,0.292,0.7,0.242,0.1,0.008
321,1,0.9,0.279,0.35,0.471,0.85,0.421,0.35,0.329
322,1,1.0,0.6,0.6,0.65,1.0,0.6,0.6,0.65
323,,0.85,0.45,0.45,0.5,0.85,0.45,0.45,0.5
324,,0.7,0.3,0.3,0.35,0.7,0.3,0.3,0.35
325,,0.55,0.15,0.15,0.2,0.55,0.15,0.15,0.2
326,,0.4,0.0,0.0,0.05,0.4,0.0,0.0,0.05
327,,0.25,-0.15,-0.15,-0.1,0.25,-0.15,-0.15,-0.1
328,6,0.429,0.0,0.029,0.15,0.571,0.85,0.171,0.15
329,6,0.608,0.15,0.208,0.4,0.892,1.0,0.492,0.4
330,,0.458,0.0,0.058,0.25,0.742,0.85,0.342,0.25
331,,0.308,-0.15,-0.092,0.1,0.592,0.7,0.192,0.1
332,2,0.629,0.85,0.229,0.35,0.771,0.85,0.371,0.35
333,2,0.95,1.0,0.55,0.6,0.95,1.0,0.55,0.6
334,,0.8,0.85,0.4,0.45,0.8,0.85,0.4,0.45
335,,0.65,0.7,0.25,0.3,0.65,0.7,0.25,0.3
336,,0.5,0.55,0.1,0.15,0.5,0.55,0.1,0.15
337,,0.35,0.4,-0.05,0.0,0.35,0.4,-0.05,0.0
338,7,0.6,0.579,0.1,0.179,0.6,0.721,0.95,0.321
339,7,0.85,0.758,0.25,0.358,0.85,1.0,1.0,0.642
340,,0.7,0.608,0.1,0.208,0.7,0.85,0.85,0.492
341,,0.55,0.458,-0.05,0.058,0.55,0.7,0.7,0.342
342,3,0.8,0.779,0.95,0.379,0.8,0.879,0.85,0.521
343,3,1.0,1.0,1.0,0.7,1.0,1.0,1.0,0.7
344,,0.85,0.85,0.85,0.55,0.85,0.85,0.85,0.55
345,,0.7,0.7,0.7,0.4,0.7,0.7,0.7,0.4
346,,0.55,0.55,0.55,0.25,0.55,0.55,0.55,0.25
347,,0.4,0.4,0.4,0.1,0.4,0.4,0.4,0.1
348,,0.25,0.25,0.25,-0.05,0.25,0.25,0.25,-0.05
349,8,0.571,0.5,0.429,0.1,0.429,0.5,0.571,0.95
350,8,0.892,0.75,0.608,0.25,0.608,0.75,0.892,1.0
351,,0.742,0.6,0.458,0.1,0.458,0.6,0.742,0.85
352,,0.592,0.45,0.308,-0.05,0.308,0.45,0.592,0.7
353,4,0.771,0.7,0.629,0.95,0.629,0.7,0.771,0.85
354,4,0.95,0.95,0.95,1.0,0.95,0.95,0.95,1.0
355,,0.8,0.8,0.8,0.85,0.8,0.8,0.8,0.85
356,,0.65,0.65,0.65,0.7,0.65,0.65,0.65,0.7
357,,0.5,0.5,0.5,0.55,0.5,0.5,0.5,0.55
358,,0.35,0.35,0.35,0.4,0.35,0.35,0.35,0.4
359,,0.2,0.2,0.2,0.25,0.2,0.2,0.2,0.25
360,,0.05,0.05,0.05,0.1,0.05,0.05,0.05,0.1
361,,-0.1,-0.1,-0.1,-0.05,-0.1,-0.1,-0.1,-0.05
362,5,0.05,0.079,0.15,0.271,0.9,0.221,0.15,0.129
363,5,0.2,0.258,0.4,0.592,1.0,0.542,0.4,0.308
364,,0.05,0.108,0.25,0.442,0.85,0.392,0.25,0.158
365,,-0.1,-0.042,0.1,0.292,0.7,0.242,0.1,0.008
366,1,0.9,0.279,0.35,0.471,0.85,0.421,0.35,0.329
367,1,1.0,0.6,0.6,0.65,1.0,0.6,0.6,0.65
368,,0.85,0.45,0.45,0.5,0.85,0.45,0.45,0.5
369,,0.7,0.3,0.3,0.35,0.7,0.3,0.3,0.35
370,,0.55,0.15,0.15,0.2,0.55,0.15,0.15,0.2
371,,0.4,0.0,0.0,0.05,0.4,0.0,0.0,0.05
372,,0.25,-0.15,-0.15,-0.1,0.25,-0.15,-0.15,-0.1
373,7,0.5,0.029,0.0,0.079,0.5,0.171,0.85,0.221
374,7,0.75,0.208,0.15,0.258,0.75,0.492,1.0,0.542
375,,0.6,0.058,0.0,0.108,0.6,0.342,0.85,0.392
376,,0.45,-0.092,-0.15,-0.042,0.45,0.192,0.7,0.242
377,3,0.7,0.229,0.85,0.279,0.7,0.371,0.85,0.421
378,3,0.95,0.55,1.0,0.6,0.95,0.55,1.0,0.6
379,,0.8,0.4,0.85,0.45,0.8,0.4,0.85,0.45
380,,0.65,0.25,0.7,0.3,0.65,0.25,0.7,0.3
381,,0.5,0.1,0.55,0.15,0.5,0.1,0.55,0.15
382,,0.35,-0.05,0.4,0.0,0.35,-0.05,0.4,0.0
383,6,0.529,0.1,0.579,0.25,0.671,0.95,0.721,0.25
384,6,0.708,0.25,0.758,0.5,0.992,1.0,1.0,0.5
385,,0.558,0.1,0.608,0.35,0.842,0.85,0.85,0.35
386,,0.408,-0.05,0.458,0.2,0.692,0.7,0.7,0.2
387,2,0.729,0.95,0.779,0.45,0.871,0.85,0.879,0.45
388,2,1.0,1.0,1.0,0.7,1.0,1.0,1.0,0.7
389,,0.85,0.85,0.85,0.55,0.85,0.85,0.85,0.55
390,,0.7,0.7,0.7,0.4,0.7,0.7,0.7,0.4
391,,0.55,0.55,0.55,0.25,0.55,0.55,0.55,0.25
392,,0.4,0.4,0.4,0.1,0.4,0.4,0.4,0.1
393,,0.25,0.25,0.25,-0.05,0.25,0.25,0.25,-0.05
394,4,0.429,0.5,0.571,0.95,0.571,0.5,0.429,0.1
395,4,0.608,0.75,0.892,1.0,0.892,0.75,0.608,0.25
396,,0.458,0.6,0.742,0.85,0.742,0.6,0.458,0.1
397,,0.308,0.45,0.592,0.7,0.592,0.45,0.308,-0.05
398,8,0.629,0.7,0.771,0.85,0.771,0.7,0.629,0.95
399,8,0.95,0.95,0.95,1.0,0.95,0.95,0.95,1.0
400,,0.8,0.8,0.8,0.85,0.8,0.8,0.8,0.85
401,,0.65,0.65,0.65,0.7,0.65,0.65,0.65,0.7
402,,0.5,0.5,0.5,0.55,0.5,0.5,0.5,0.55
403,,0.35,0.35,0.35,0.4,0.35,0.35,0.35,0.4
404,,0.2,0.2,0.2,0.25,0.2,0.2,0.2,0.25
405,,0.05,0.05,0.05,0.1,0.05,0.05,0.05,0.1
406,,-0.1,-0.1,-0.1,-0.05,-0.1,-0.1,-0.1,-0.05
407,6,0.079,0.05,0.079,0.2,0.221,0.9,0.221,0.2
408,6,0.258,0.2,0.258,0.45,0.542,1.0,0.542,0.45
409,,0.108,0.05,0.108,0.3,0.392,0.85,0.392,0.3
410,,-0.042,-0.1,-0.042,0.15,0.242,0.7,0.242,0.15
411,2,0.279,0.9,0.279,0.4,0.421,0.85,0.421,0.4
412,2,0.6,1.0,0.6,0.65,0.6,1.0,0.6,0.65
413,,0.45,0.85,0.45,0.5,0.45,0.85,0.45,0.5
414,,0.3,0.7,0.3,0.35,0.3,0.7,0.3,0.35
415,,0.15,0.55,0.15,0.2,0.15,0.55,0.15,0.2
416,,0.0,0.4,0.0,0.05,0.0,0.4,0.0,0.05
417,,-0.15,0.25,-0.15,-0.1,-0.15,0.25,-0.15,-0.1
418,7,0.1,0.429,0.0,0.079,0.1,0.571,0.85,0.221
419,7,0.35,0.608,0.15,0.258,0.35,0.892,1.0,0.542
420,,0.2,0.458,0.0,0.108,0.2,0.742,0.85,0.392
421,,0.05,0.308,-0.15,-0.042,0.05,0.592,0.7,0.242
422,3,0.3,0.629,0.85,0.279,0.3,0.771,0.85,0.421
423,3,0.55,0.95,1.0,0.6,0.55,0.95,1.0,0.6
424,,0.4,0.8,0.85,0.45,0.4,0.8,0.85,0.45
425,,0.25,0.65,0.7,0.3,0.25,0.65,0.7,0.3
426,,0.1,0.5,0.55,0.15,0.1,0.5,0.55,0.15
427,,-0.05,0.35,0.4,0.0,-0.05,0.35,0.4,0.0
428,1,0.95,0.671,0.65,0.179,0.1,0.529,0.65,0.321
429,1,1.0,0.992,0.9,0.358,0.25,0.708,0.9,0.642
430,,0.85,0.842,0.75,0.208,0.1,0.558,0.75,0.492
431,,0.7,0.692,0.6,0.058,-0.05,0.408,0.6,0.342
432,5,0.85,0.871,0.85,0.379,0.95,0.729,0.85,0.521
433,5,1.0,1.0,1.0,0.7,1.0,1.0,1.0,0.7
434,,0.85,0.85,0.85,0.55,0.85,0.85,0.85,0.55
435,,0.7,0.7,0.7,0.4,0.7,0.7,0.7,0.4
436,,0.55,0.55,0.55,0.25,0.55,0.55,0.55,0.25
437,,0.4,0.4,0.4,0.1,0.4,0.4,0.4,0.1
438,,0.25,0.25,0.25,-0.05,0.25,0.25,0.25,-0.05
439,8,0.571,0.5,0.429,0.1,0.429,0.5,0.571,0.95
440,8,0.892,0.75,0.608,0.25,0.608,0.75,0.892,1.0
441,,0.742,0.6,0.458,0.1,0.458,0.6,0.742,0.85
442,,0.592,0.45,0.308,-0.05,0.308,0.45,0.592,0.7
443,4,0.771,0.7,0.629,0.95,0.629,0.7,0.771,0.85
444,4,0.95,0.95,0.95,1.0,0.95,0.95,0.95,1.0
445,,0.8,0.8,0.8,0.85,0.8,0.8,0.8,0.85
446,,0.65,0.65,0.65,0.7,0.65,0.65,0.65,0.7
447,,0.5,0.5,0.5,0.55,0.5,0.5,0.5,0.55
448,,0.35,0.35,0.35,0.4,0.35,0.35,0.35,0.4
449,,0.2,0.2,0.2,0.25,0.2,0.2,0.2,0.25
450,,0.05,0.05,0.05,0.1,0.05,0.05,0.05,0.1
451,,-0.1,-0.1,-0.1,-0.05,-0.1,-0.1,-0.1,-0.05
452,1,0.9,0.221,0.15,0.129,0.05,0.079,0.15,0.271
453,1,1.0,0.542,0.4,0.308,0.2,0.258,0.4,0.592
454,,0.85,0.392,0.25,0.158,0.05,0.108,0.25,0.442
455,,0.7,0.242,0.1,0.008,-0.1,-0.042,0.1,0.292
456,5,0.85,0.421,0.35,0.329,0.9,0.279,0.35,0.471
457,5,1.0,0.6,0.6,0.65,1.0,0.6,0.6,0.65
458,,0.85,0.45,0.45,0.5,0.85,0.45,0.45,0.5
459,,0.7,0.3,0.3,0.35,0.7,0.3,0.3,0.35
460,,0.55,0.15,0.15,0.2,0.55,0.15,0.15,0.2
461,,0.4,0.0,0.0,0.05,0.4,0.0,0.0,0.05
462,,0.25,-0.15,-0.15,-0.1,0.25,-0.15,-0.15,-0.1
463,7,0.5,0.029,0.0,0.079,0.5,0.171,0.85,0.221
464,7,0.75,0.208,0.15,0.258,0.75,0.492,1.0,0.542
465,,0.6,0.058,0.0,0.108,0.6,0.342,0.85,0.392
466,,0.45,-0.092,-0.15,-0.042,0.45,0.192,0.7,0.242
467,3,0.7,0.229,0.85,0.279,0.7,0.371,0.85,0.421
468,3,0.95,0.55,1.0,0.6,0.95,0.55,1.0,0.6
469,,0.8,0.4,0.85,0.45,0.8,0.4,0.85,0.45
470,,0.65,0.25,0.7,0.3,0.65,0.25,0.7,0.3
471,,0.5,0.1,0.55,0.15,0.5,0.1,0.55,0.15
472,,0.35,-0.05,0.4,0.0,0.35,-0.05,0.4,0.0
473,2,0.671,0.95,0.721,0.25,0.529,0.1,0.579,0.25
474,2,0.992,1.0,1.0,0.5,0.708,0.25,0.758,0.5
475,,0.842,0.85,0.85,0.35,0.558,0.1,0.608,0.35
476,,0.692,0.7,0.7,0.2,0.408,-0.05,0.458,0.2
477,6,0.871,0.85,0.879,0.45,0.729,0.95,0.779,0.45
478,6,1.0,1.0,1.0,0.7,1.0,1.0,1.0,0.7
479,,0.85,0.85,0.85,0.55,0.85,0.85,0.85,0.55
480,,0.7,0.7,0.7,0.4,0.7,0.7,0.7,0.4
481,,0.55,0.55,0.55,0.25,0.55,0.55,0.55,0.25
482,,0.4,0.4,0.4,0.1,0.4,0.4,0.4,0.1
483,,0.25,0.25,0.25,-0.05,0.25,0.25,0.25,-0.05
484,8,0.571,0.5,0.429,0.1,0.429,0.5,0.571,0.95
485,8,0.892,0.75,0.608,0.25,0.608,0.75,0.892,1.0
486,,0.742,0.6,0.458,0.1,0.458,0.6,0.742,0.85
487,,0.592,0.45,0.308,-0.05,0.308,0.45,0.592,0.7
488,4,0.771,0.7,0.629,0.95,0.629,0.7,0.771,0.85
489,4,0.95,0.95,0.95,1.0,0.95,0.95,0.95,1.0
490,,0.8,0.8,0.8,0.85,0.8,0.8,0.8,0.85
491,,0.65,0.65,0.65,0.7,0.65,0.65,0.65,0.7
492,,0.5,0.5,0.5,0.55,0.5,0.5,0.5,0.55
493,,0.35,0.35,0.35,0.4,0.35,0.35,0.35,0.4
494,,0.2,0.2,0.2,0.25,0.2,0.2,0.2,0.25
495,,0.05,0.05,0.05,0.1,0.05,0.05,0.05,0.1
496,,-0.1,-0.1,-0.1,-0.05,-0.1,-0.1,-0.1,-0.05
497,1,0.9,0.221,0.15,0.129,0.05,0.079,0.15,0.271
498,1,1.0,0.542,0.4,0.308,0.2,0.258,0.4,0.592
499,,0.85,0.392,0.25,0.158,0.05,0.108,0.25,0.442
