step,active_motive,motive_1,motive_2,motive_3,motive_4,motive_5,motive_6,motive_7,motive_8
0,,0.06096,0.05027,0.00515,0.02786,0.09083,0.02396,0.01449,0.04895
1,,0.04096,0.03027,-0.01485,0.00786,0.07083,0.00396,-0.00551,0.02895
2,3,0.42096,0.55127,0.98515,0.52886,0.45083,0.24296,0.17449,0.26795
3,3,0.80096,1.0,1.0,1.0,0.83083,0.48196,0.35449,0.50695
4,,0.78096,0.98,0.98,0.98,0.81083,0.46196,0.33449,0.48695
5,,0.76096,0.96,0.96,0.96,0.79083,0.44196,0.31449,0.46695
6,,0.74096,0.94,0.94,0.94,0.77083,0.42196,0.29449,0.44695
7,,0.72096,0.92,0.92,0.92,0.75083,0.40196,0.27449,0.42695
8,,0.70096,0.9,0.9,0.9,0.73083,0.38196,0.25449,0.40695
9,,0.68096,0.88,0.88,0.88,0.71083,0.36196,0.23449,0.38695
10,,0.66096,0.86,0.86,0.86,0.69083,0.34196,0.21449,0.36695
11,,0.64096,0.84,0.84,0.84,0.67083,0.32196,0.19449,0.34695
12,,0.62096,0.82,0.82,0.82,0.65083,0.30196,0.17449,0.32695
13,,0.60096,0.8,0.8,0.8,0.63083,0.28196,0.15449,0.30695
14,,0.58096,0.78,0.78,0.78,0.61083,0.26196,0.13449,0.28695
15,,0.56096,0.76,0.76,0.76,0.59083,0.24196,0.11449,0.26695
16,,0.54096,0.74,0.74,0.74,0.57083,0.22196,0.09449,0.24695
17,,0.52096,0.72,0.72,0.72,0.55083,0.20196,0.07449,0.22695
18,,0.50096,0.7,0.7,0.7,0.53083,0.18196,0.05449,0.20695
19,,0.48096,0.68,0.68,0.68,0.51083,0.16196,0.03449,0.18695
20,,0.46096,0.66,0.66,0.66,0.49083,0.14196,0.01449,0.16695
21,,0.44096,0.64,0.64,0.64,0.47083,0.12196,-0.00551,0.14695
22,7,0.82096,0.879,0.82,0.879,0.85083,0.64296,0.99449,0.66795
23,7,1.0,1.0,1.0,1.0,1.0,1.0,1.0,1.0
24,,0.98,0.98,0.98,0.98,0.98,0.98,0.98,0.98
25,,0.96,0.96,0.96,0.96,0.96,0.96,0.96,0.96
26,,0.94,0.94,0.94,0.94,0.94,0.94,0.94,0.94
27,,0.92,0.92,0.92,0.92,0.92,0.92,0.92,0.92
28,,0.9,0.9,0.9,0.9,0.9,0.9,0.9,0.9
29,,0.88,0.88,0.88,0.88,0.88,0.88,0.88,0.88
30,,0.86,0.86,0.86,0.86,0.86,0.86,0.86,0.86
31,,0.84,0.84,0.84,0.84,0.84,0.84,0.84,0.84
32,,0.82,0.82,0.82,0.82,0.82,0.82,0.82,0.82
33,,0.8,0.8,0.8,0.8,0.8,0.8,0.8,0.8
34,,0.78,0.78,0.78,0.78,0.78,0.78,0.78,0.78
35,,0.76,0.76,0.76,0.76,0.76,0.76,0.76,0.76
36,,0.74,0.74,0.74,0.74,0.74,0.74,0.74,0.74
37,,0.72,0.72,0.72,0.72,0.72,0.72,0.72,0.72
38,,0.7,0.7,0.7,0.7,0.7,0.7,0.7,0.7
39,,0.68,0.68,0.68,0.68,0.68,0.68,0.68,0.68
40,,0.66,0.66,0.66,0.66,0.66,0.66,0.66,0.66
41,,0.64,0.64,0.64,0.64,0.64,0.64,0.64,0.64
42,,0.62,0.62,0.62,0.62,0.62,0.62,0.62,0.62
43,,0.6,0.6,0.6,0.6,0.6,0.6,0.6,0.6
44,,0.58,0.58,0.58,0.58,0.58,0.58,0.58,0.58
45,,0.56,0.56,0.56,0.56,0.56,0.56,0.56,0.56
46,,0.54,0.54,0.54,0.54,0.54,0.54,0.54,0.54
47,,0.52,0.52,0.52,0.52,0.52,0.52,0.52,0.52
48,,0.5,0.5,0.5,0.5,0.5,0.5,0.5,0.5
49,,0.48,0.48,0.48,0.48,0.48,0.48,0.48,0.48
50,,0.46,0.46,0.46,0.46,0.46,0.46,0.46,0.46
51,,0.44,0.44,0.44,0.44,0.44,0.44,0.44,0.44
52,,0.42,0.42,0.42,0.42,0.42,0.42,0.42,0.42
53,,0.4,0.4,0.4,0.4,0.4,0.4,0.4,0.4
54,,0.38,0.38,0.38,0.38,0.38,0.38,0.38,0.38
55,,0.36,0.36,0.36,0.36,0.36,0.36,0.36,0.36
56,,0.34,0.34,0.34,0.34,0.34,0.34,0.34,0.34
57,,0.32,0.32,0.32,0.32,0.32,0.32,0.32,0.32
58,,0.3,0.3,0.3,0.3,0.3,0.3,0.3,0.3
59,,0.28,0.28,0.28,0.28,0.28,0.28,0.28,0.28
60,,0.26,0.26,0.26,0.26,0.26,0.26,0.26,0.26
61,,0.24,0.24,0.24,0.24,0.24,0.24,0.24,0.24
62,,0.22,0.22,0.22,0.22,0.22,0.22,0.22,0.22
63,,0.2,0.2,0.2,0.2,0.2,0.2,0.2,0.2
64,,0.18,0.18,0.18,0.18,0.18,0.18,0.18,0.18
65,,0.16,0.16,0.16,0.16,0.16,0.16,0.16,0.16
66,,0.14,0.14,0.14,0.14,0.14,0.14,0.14,0.14
67,,0.12,0.12,0.12,0.12,0.12,0.12,0.12,0.12
68,,0.1,0.1,0.1,0.1,0.1,0.1,0.1,0.1
69,,0.08,0.08,0.08,0.08,0.08,0.08,0.08,0.08
70,,0.06,0.06,0.06,0.06,0.06,0.06,0.06,0.06
71,,0.04,0.04,0.04,0.04,0.04,0.04,0.04,0.04
72,,0.02,0.02,0.02,0.02,0.02,0.02,0.02,0.02
73,,0.0,0.0,0.0,0.0,0.0,0.0,0.0,0.0
74,,-0.02,-0.02,-0.02,-0.02,-0.02,-0.02,-0.02,-0.02
75,8,0.501,0.36,0.219,0.16,0.219,0.36,0.501,0.98
76,8,1.0,0.74,0.458,0.34,0.458,0.74,1.0,1.0
77,,0.98,0.72,0.438,0.32,0.438,0.72,0.98,0.98
78,,0.96,0.7,0.418,0.3,0.418,0.7,0.96,0.96
79,,0.94,0.68,0.398,0.28,0.398,0.68,0.94,0.94
80,,0.92,0.66,0.378,0.26,0.378,0.66,0.92,0.92
81,,0.9,0.64,0.358,0.24,0.358,0.64,0.9,0.9
82,,0.88,0.62,0.338,0.22,0.338,0.62,0.88,0.88
83,,0.86,0.6,0.318,0.2,0.318,0.6,0.86,0.86
84,,0.84,0.58,0.298,0.18,0.298,0.58,0.84,0.84
85,,0.82,0.56,0.278,0.16,0.278,0.56,0.82,0.82
86,,0.8,0.54,0.258,0.14,0.258,0.54,0.8,0.8
87,,0.78,0.52,0.238,0.12,0.238,0.52,0.78,0.78
88,,0.76,0.5,0.218,0.1,0.218,0.5,0.76,0.76
89,,0.74,0.48,0.198,0.08,0.198,0.48,0.74,0.74
90,,0.72,0.46,0.178,0.06,0.178,0.46,0.72,0.72
91,,0.7,0.44,0.158,0.04,0.158,0.44,0.7,0.7
92,,0.68,0.42,0.138,0.02,0.138,0.42,0.68,0.68
93,,0.66,0.4,0.118,0.0,0.118,0.4,0.66,0.66
94,,0.64,0.38,0.098,-0.02,0.098,0.38,0.64,0.64
95,4,0.879,0.76,0.619,0.98,0.619,0.76,0.879,0.82
96,4,1.0,1.0,1.0,1.0,1.0,1.0,1.0,1.0
97,,0.98,0.98,0.98,0.98,0.98,0.98,0.98,0.98
98,,0.96,0.96,0.96,0.96,0.96,0.96,0.96,0.96
99,,0.94,0.94,0.94,0.94,0.94,0.94,0.94,0.94
100,,0.92,0.92,0.92,0.92,0.92,0.92,0.92,0.92
101,,0.9,0.9,0.9,0.9,0.9,0.9,0.9,0.9
102,,0.88,0.88,0.88,0.88,0.88,0.88,0.88,0.88
103,,0.86,0.86,0.86,0.86,0.86,0.86,0.86,0.86
104,,0.84,0.84,0.84,0.84,0.84,0.84,0.84,0.84
105,,0.82,0.82,0.82,0.82,0.82,0.82,0.82,0.82
106,,0.8,0.8,0.8,0.8,0.8,0.8,0.8,0.8
107,,0.78,0.78,0.78,0.78,0.78,0.78,0.78,0.78
108,,0.76,0.76,0.76,0.76,0.76,0.76,0.76,0.76
109,,0.74,0.74,0.74,0.74,0.74,0.74,0.74,0.74
110,,0.72,0.72,0.72,0.72,0.72,0.72,0.72,0.72
111,,0.7,0.7,0.7,0.7,0.7,0.7,0.7,0.7
112,,0.68,0.68,0.68,0.68,0.68,0.68,0.68,0.68
113,,0.66,0.66,0.66,0.66,0.66,0.66,0.66,0.66
114,,0.64,0.64,0.64,0.64,0.64,0.64,0.64,0.64
115,,0.62,0.62,0.62,0.62,0.62,0.62,0.62,0.62
116,,0.6,0.6,0.6,0.6,0.6,0.6,0.6,0.6
117,,0.58,0.58,0.58,0.58,0.58,0.58,0.58,0.58
118,,0.56,0.56,0.56,0.56,0.56,0.56,0.56,0.56
119,,0.54,0.54,0.54,0.54,0.54,0.54,0.54,0.54
120,,0.52,0.52,0.52,0.52,0.52,0.52,0.52,0.52
121,,0.5,0.5,0.5,0.5,0.5,0.5,0.5,0.5
122,,0.48,0.48,0.48,0.48,0.48,0.48,0.48,0.48
123,,0.46,0.46,0.46,0.46,0.46,0.46,0.46,0.46
124,,0.44,0.44,0.44,0.44,0.44,0.44,0.44,0.44
125,,0.42,0.42,0.42,0.42,0.42,0.42,0.42,0.42
126,,0.4,0.4,0.4,0.4,0.4,0.4,0.4,0.4
127,,0.38,0.38,0.38,0.38,0.38,0.38,0.38,0.38
128,,0.36,0.36,0.36,0.36,0.36,0.36,0.36,0.36
129,,0.34,0.34,0.34,0.34,0.34,0.34,0.34,0.34
130,,0.32,0.32,0.32,0.32,0.32,0.32,0.32,0.32
131,,0.3,0.3,0.3,0.3,0.3,0.3,0.3,0.3
132,,0.28,0.28,0.28,0.28,0.28,0.28,0.28,0.28
133,,0.26,0.26,0.26,0.26,0.26,0.26,0.26,0.26
134,,0.24,0.24,0.24,0.24,0.24,0.24,0.24,0.24
135,,0.22,0.22,0.22,0.22,0.22,0.22,0.22,0.22
136,,0.2,0.2,0.2,0.2,0.2,0.2,0.2,0.2
137,,0.18,0.18,0.18,0.18,0.18,0.18,0.18,0.18
138,,0.16,0.16,0.16,0.16,0.16,0.16,0.16,0.16
139,,0.14,0.14,0.14,0.14,0.14,0.14,0.14,0.14
140,,0.12,0.12,0.12,0.12,0.12,0.12,0.12,0.12
141,,0.1,0.1,0.1,0.1,0.1,0.1,0.1,0.1
142,,0.08,0.08,0.08,0.08,0.08,0.08,0.08,0.08
143,,0.06,0.06,0.06,0.06,0.06,0.06,0.06,0.06
144,,0.04,0.04,0.04,0.04,0.04,0.04,0.04,0.04
145,,0.02,0.02,0.02,0.02,0.02,0.02,0.02,0.02
146,,0.0,0.0,0.0,0.0,0.0,0.0,0.0,0.0
147,,-0.02,-0.02,-0.02,-0.02,-0.02,-0.02,-0.02,-0.02
148,6,0.219,0.16,0.219,0.36,0.501,0.98,0.501,0.36
149,6,0.458,0.34,0.458,0.74,1.0,1.0,1.0,0.74
150,,0.438,0.32,0.438,0.72,0.98,0.98,0.98,0.72
151,,0.418,0.3,0.418,0.7,0.96,0.96,0.96,0.7
152,,0.398,0.28,0.398,0.68,0.94,0.94,0.94,0.68
153,,0.378,0.26,0.378,0.66,0.92,0.92,0.92,0.66
154,,0.358,0.24,0.358,0.64,0.9,0.9,0.9,0.64
155,,0.338,0.22,0.338,0.62,0.88,0.88,0.88,0.62
156,,0.318,0.2,0.318,0.6,0.86,0.86,0.86,0.6
157,,0.298,0.18,0.298,0.58,0.84,0.84,0.84,0.58
158,,0.278,0.16,0.278,0.56,0.82,0.82,0.82,0.56
159,,0.258,0.14,0.258,0.54,0.8,0.8,0.8,0.54
160,,0.238,0.12,0.238,0.52,0.78,0.78,0.78,0.52
161,,0.218,0.1,0.218,0.5,0.76,0.76,0.76,0.5
162,,0.198,0.08,0.198,0.48,0.74,0.74,0.74,0.48
163,,0.178,0.06,0.178,0.46,0.72,0.72,0.72,0.46
164,,0.158,0.04,0.158,0.44,0.7,0.7,0.7,0.44
165,,0.138,0.02,0.138,0.42,0.68,0.68,0.68,0.42
166,,0.118,0.0,0.118,0.4,0.66,0.66,0.66,0.4
167,,0.098,-0.02,0.098,0.38,0.64,0.64,0.64,0.38
168,2,0.619,0.98,0.619,0.76,0.879,0.82,0.879,0.76
169,2,1.0,1.0,1.0,1.0,1.0,1.0,1.0,1.0
170,,0.98,0.98,0.98,0.98,0.98,0.98,0.98,0.98
171,,0.96,0.96,0.96,0.96,0.96,0.96,0.96,0.96
172,,0.94,0.94,0.94,0.94,0.94,0.94,0.94,0.94
173,,0.92,0.92,0.92,0.92,0.92,0.92,0.92,0.92
174,,0.9,0.9,0.9,0.9,0.9,0.9,0.9,0.9
175,,0.88,0.88,0.88,0.88,0.88,0.88,0.88,0.88
176,,0.86,0.86,0.86,0.86,0.86,0.86,0.86,0.86
177,,0.84,0.84,0.84,0.84,0.84,0.84,0.84,0.84
178,,0.82,0.82,0.82,0.82,0.82,0.82,0.82,0.82
179,,0.8,0.8,0.8,0.8,0.8,0.8,0.8,0.8
180,,0.78,0.78,0.78,0.78,0.78,0.78,0.78,0.78
181,,0.76,0.76,0.76,0.76,0.76,0.76,0.76,0.76
182,,0.74,0.74,0.74,0.74,0.74,0.74,0.74,0.74
183,,0.72,0.72,0.72,0.72,0.72,0.72,0.72,0.72
184,,0.7,0.7,0.7,0.7,0.7,0.7,0.7,0.7
185,,0.68,0.68,0.68,0.68,0.68,0.68,0.68,0.68
186,,0.66,0.66,0.66,0.66,0.66,0.66,0.66,0.66
187,,0.64,0.64,0.64,0.64,0.64,0.64,0.64,0.64
188,,0.62,0.62,0.62,0.62,0.62,0.62,0.62,0.62
189,,0.6,0.6,0.6,0.6,0.6,0.6,0.6,0.6
190,,0.58,0.58,0.58,0.58,0.58,0.58,0.58,0.58
191,,0.56,0.56,0.56,0.56,0.56,0.56,0.56,0.56
192,,0.54,0.54,0.54,0.54,0.54,0.54,0.54,0.54
193,,0.52,0.52,0.52,0.52,0.52,0.52,0.52,0.52
194,,0.5,0.5,0.5,0.5,0.5,0.5,0.5,0.5
195,,0.48,0.48,0.48,0.48,0.48,0.48,0.48,0.48
196,,0.46,0.46,0.46,0.46,0.46,0.46,0.46,0.46
197,,0.44,0.44,0.44,0.44,0.44,0.44,0.44,0.44
198,,0.42,0.42,0.42,0.42,0.42,0.42,0.42,0.42
199,,0.4,0.4,0.4,0.4,0.4,0.4,0.4,0.4
200,,0.38,0.38,0.38,0.38,0.38,0.38,0.38,0.38
201,,0.36,0.36,0.36,0.36,0.36,0.36,0.36,0.36
202,,0.34,0.34,0.34,0.34,0.34,0.34,0.34,0.34
203,,0.32,0.32,0.32,0.32,0.32,0.32,0.32,0.32
204,,0.3,0.3,0.3,0.3,0.3,0.3,0.3,0.3
205,,0.28,0.28,0.28,0.28,0.28,0.28,0.28,0.28
206,,0.26,0.26,0.26,0.26,0.26,0.26,0.26,0.26
207,,0.24,0.24,0.24,0.24,0.24,0.24,0.24,0.24
208,,0.22,0.22,0.22,0.22,0.22,0.22,0.22,0.22
209,,0.2,0.2,0.2,0.2,0.2,0.2,0.2,0.2
210,,0.18,0.18,0.18,0.18,0.18,0.18,0.18,0.18
211,,0.16,0.16,0.16,0.16,0.16,0.16,0.16,0.16
212,,0.14,0.14,0.14,0.14,0.14,0.14,0.14,0.14
213,,0.12,0.12,0.12,0.12,0.12,0.12,0.12,0.12
214,,0.1,0.1,0.1,0.1,0.1,0.1,0.1,0.1
215,,0.08,0.08,0.08,0.08,0.08,0.08,0.08,0.08
216,,0.06,0.06,0.06,0.06,0.06,0.06,0.06,0.06
217,,0.04,0.04,0.04,0.04,0.04,0.04,0.04,0.04
218,,0.02,0.02,0.02,0.02,0.02,0.02,0.02,0.02
219,,0.0,0.0,0.0,0.0,0.0,0.0,0.0,0.0
220,,-0.02,-0.02,-0.02,-0.02,-0.02,-0.02,-0.02,-0.02
221,8,0.501,0.36,0.219,0.16,0.219,0.36,0.501,0.98
222,8,1.0,0.74,0.458,0.34,0.458,0.74,1.0,1.0
223,,0.98,0.72,0.438,0.32,0.438,0.72,0.98,0.98
224,,0.96,0.7,0.418,0.3,0.418,0.7,0.96,0.96
225,,0.94,0.68,0.398,0.28,0.398,0.68,0.94,0.94
226,,0.92,0.66,0.378,0.26,0.378,0.66,0.92,0.92
227,,0.9,0.64,0.358,0.24,0.358,0.64,0.9,0.9
228,,0.88,0.62,0.338,0.22,0.338,0.62,0.88,0.88
229,,0.86,0.6,0.318,0.2,0.318,0.6,0.86,0.86
230,,0.84,0.58,0.298,0.18,0.298,0.58,0.84,0.84
231,,0.82,0.56,0.278,0.16,0.278,0.56,0.82,0.82
232,,0.8,0.54,0.258,0.14,0.258,0.54,0.8,0.8
233,,0.78,0.52,0.238,0.12,0.238,0.52,0.78,0.78
234,,0.76,0.5,0.218,0.1,0.218,0.5,0.76,0.76
235,,0.74,0.48,0.198,0.08,0.198,0.48,0.74,0.74
236,,0.72,0.46,0.178,0.06,0.178,0.46,0.72,0.72
237,,0.7,0.44,0.158,0.04,0.158,0.44,0.7,0.7
238,,0.68,0.42,0.138,0.02,0.138,0.42,0.68,0.68
239,,0.66,0.4,0.118,0.0,0.118,0.4,0.66,0.66
240,,0.64,0.38,0.098,-0.02,0.098,0.38,0.64,0.64
241,4,0.879,0.76,0.619,0.98,0.619,0.76,0.879,0.82
242,4,1.0,1.0,1.0,1.0,1.0,1.0,1.0,1.0
243,,0.98,0.98,0.98,0.98,0.98,0.98,0.98,0.98
244,,0.96,0.96,0.96,0.96,0.96,0.96,0.96,0.96
245,,0.94,0.94,0.94,0.94,0.94,0.94,0.94,0.94
246,,0.92,0.92,0.92,0.92,0.92,0.92,0.92,0.92
247,,0.9,0.9,0.9,0.9,0.9,0.9,0.9,0.9
248,,0.88,0.88,0.88,0.88,0.88,0.88,0.88,0.88
249,,0.86,0.86,0.86,0.86,0.86,0.86,0.86,0.86
250,,0.84,0.84,0.84,0.84,0.84,0.84,0.84,0.84
251,,0.82,0.82,0.82,0.82,0.82,0.82,0.82,0.82
252,,0.8,0.8,0.8,0.8,0.8,0.8,0.8,0.8
253,,0.78,0.78,0.78,0.78,0.78,0.78,0.78,0.78
254,,0.76,0.76,0.76,0.76,0.76,0.76,0.76,0.76
255,,0.74,0.74,0.74,0.74,0.74,0.74,0.74,0.74
256,,0.72,0.72,0.72,0.72,0.72,0.72,0.72,0.72
257,,0.7,0.7,0.7,0.7,0.7,0.7,0.7,0.7
258,,0.68,0.68,0.68,0.68,0.68,0.68,0.68,0.68
259,,0.66,0.66,0.66,0.66,0.66,0.66,0.66,0.66
260,,0.64,0.64,0.64,0.64,0.64,0.64,0.64,0.64
261,,0.62,0.62,0.62,0.62,0.62,0.62,0.62,0.62
262,,0.6,0.6,0.6,0.6,0.6,0.6,0.6,0.6
263,,0.58,0.58,0.58,0.58,0.58,0.58,0.58,0.58
264,,0.56,0.56,0.56,0.56,0.56,0.56,0.56,0.56
265,,0.54,0.54,0.54,0.54,0.54,0.54,0.54,0.54
266,,0.52,0.52,0.52,0.52,0.52,0.52,0.52,0.52
267,,0.5,0.5,0.5,0.5,0.5,0.5,0.5,0.5
268,,0.48,0.48,0.48,0.48,0.48,0.48,0.48,0.48
269,,0.46,0.46,0.46,0.46,0.46,0.46,0.46,0.46
270,,0.44,0.44,0.44,0.44,0.44,0.44,0.44,0.44
271,,0.42,0.42,0.42,0.42,0.42,0.42,0.42,0.42
272,,0.4,0.4,0.4,0.4,0.4,0.4,0.4,0.4
273,,0.38,0.38,0.38,0.38,0.38,0.38,0.38,0.38
274,,0.36,0.36,0.36,0.36,0.36,0.36,0.36,0.36
275,,0.34,0.34,0.34,0.34,0.34,0.34,0.34,0.34
276,,0.32,0.32,0.32,0.32,0.32,0.32,0.32,0.32
277,,0.3,0.3,0.3,0.3,0.3,0.3,0.3,0.3
278,,0.28,0.28,0.28,0.28,0.28,0.28,0.28,0.28
279,,0.26,0.26,0.26,0.26,0.26,0.26,0.26,0.26
280,,0.24,0.24,0.24,0.24,0.24,0.24,0.24,0.24
281,,0.22,0.22,0.22,0.22,0.22,0.22,0.22,0.22
282,,0.2,0.2,0.2,0.2,0.2,0.2,0.2,0.2
283,,0.18,0.18,0.18,0.18,0.18,0.18,0.18,0.18
284,,0.16,0.16,0.16,0.16,0.16,0.16,0.16,0.16
285,,0.14,0.14,0.14,0.14,0.14,0.14,0.14,0.14
286,,0.12,0.12,0.12,0.12,0.12,0.12,0.12,0.12
287,,0.1,0.1,0.1,0.1,0.1,0.1,0.1,0.1
288,,0.08,0.08,0.08,0.08,0.08,0.08,0.08,0.08
289,,0.06,0.06,0.06,0.06,0.06,0.06,0.06,0.06
290,,0.04,0.04,0.04,0.04,0.04,0.04,0.04,0.04
291,,0.02,0.02,0.02,0.02,0.02,0.02,0.02,0.02
292,,0.0,0.0,0.0,0.0,0.0,0.0,0.0,0.0
293,,-0.02,-0.02,-0.02,-0.02,-0.02,-0.02,-0.02,-0.02
294,7,0.36,0.219,0.16,0.219,0.36,0.501,0.98,0.501
295,7,0.74,0.458,0.34,0.458,0.74,1.0,1.0,1.0
296,,0.72,0.438,0.32,0.438,0.72,0.98,0.98,0.98
297,,0.7,0.418,0.3,0.418,0.7,0.96,0.96,0.96
298,,0.68,0.398,0.28,0.398,0.68,0.94,0.94,0.94
299,,0.66,0.378,0.26,0.378,0.66,0.92,0.92,0.92
300,,0.64,0.358,0.24,0.358,0.64,0.9,0.9,0.9
301,,0.62,0.338,0.22,0.338,0.62,0.88,0.88,0.88
302,,0.6,0.318,0.2,0.318,0.6,0.86,0.86,0.86
303,,0.58,0.298,0.18,0.298,0.58,0.84,0.84,0.84
304,,0.56,0.278,0.16,0.278,0.56,0.82,0.82,0.82
305,,0.54,0.258,0.14,0.258,0.54,0.8,0.8,0.8
306,,0.52,0.238,0.12,0.238,0.52,0.78,0.78,0.78
307,,0.5,0.218,0.1,0.218,0.5,0.76,0.76,0.76
308,,0.48,0.198,0.08,0.198,0.48,0.74,0.74,0.74
309,,0.46,0.178,0.06,0.178,0.46,0.72,0.72,0.72
310,,0.44,0.158,0.04,0.158,0.44,0.7,0.7,0.7
311,,0.42,0.138,0.02,0.138,0.42,0.68,0.68,0.68
312,,0.4,0.118,0.0,0.118,0.4,0.66,0.66,0.66
313,,0.38,0.098,-0.02,0.098,0.38,0.64,0.64,0.64
314,3,0.76,0.619,0.98,0.619,0.76,0.879,0.82,0.879
315,3,1.0,1.0,1.0,1.0,1.0,1.0,1.0,1.0
316,,0.98,0.98,0.98,0.98,0.98,0.98,0.98,0.98
317,,0.96,0.96,0.96,0.96,0.96,0.96,0.96,0.96
318,,0.94,0.94,0.94,0.94,0.94,0.94,0.94,0.94
319,,0.92,0.92,0.92,0.92,0.92,0.92,0.92,0.92
320,,0.9,0.9,0.9,0.9,0.9,0.9,0.9,0.9
321,,0.88,0.88,0.88,0.88,0.88,0.88,0.88,0.88
322,,0.86,0.86,0.86,0.86,0.86,0.86,0.86,0.86
323,,0.84,0.84,0.84,0.84,0.84,0.84,0.84,0.84
324,,0.82,0.82,0.82,0.82,0.82,0.82,0.82,0.82
325,,0.8,0.8,0.8,0.8,0.8,0.8,0.8,0.8
326,,0.78,0.78,0.78,0.78,0.78,0.78,0.78,0.78
327,,0.76,0.76,0.76,0.76,0.76,0.76,0.76,0.76
328,,0.74,0.74,0.74,0.74,0.74,0.74,0.74,0.74
329,,0.72,0.72,0.72,0.72,0.72,0.72,0.72,0.72
330,,0.7,0.7,0.7,0.7,0.7,0.7,0.7,0.7
331,,0.68,0.68,0.68,0.68,0.68,0.68,0.68,0.68
332,,0.66,0.66,0.66,0.66,0.66,0.66,0.66,0.66
333,,0.64,0.64,0.64,0.64,0.64,0.64,0.64,0.64
334,,0.62,0.62,0.62,0.62,0.62,0.62,0.62,0.62
335,,0.6,0.6,0.6,0.6,0.6,0.6,0.6,0.6
336,,0.58,0.58,0.58,0.58,0.58,0.58,0.58,0.58
337,,0.56,0.56,0.56,0.56,0.56,0.56,0.56,0.56
338,,0.54,0.54,0.54,0.54,0.54,0.54,0.54,0.54
339,,0.52,0.52,0.52,0.52,0.52,0.52,0.52,0.52
340,,0.5,0.5,0.5,0.5,0.5,0.5,0.5,0.5
341,,0.48,0.48,0.48,0.48,0.48,0.48,0.48,0.48
342,,0.46,0.46,0.46,0.46,0.46,0.46,0.46,0.46
343,,0.44,0.44,0.44,0.44,0.44,0.44,0.44,0.44
344,,0.42,0.42,0.42,0.42,0.42,0.42,0.42,0.42
345,,0.4,0.4,0.4,0.4,0.4,0.4,0.4,0.4
346,,0.38,0.38,0.38,0.38,0.38,0.38,0.38,0.38
347,,0.36,0.36,0.36,0.36,0.36,0.36,0.36,0.36
348,,0.34,0.34,0.34,0.34,0.34,0.34,0.34,0.34
349,,0.32,0.32,0.32,0.32,0.32,0.32,0.32,0.32
350,,0.3,0.3,0.3,0.3,0.3,0.3,0.3,0.3
351,,0.28,0.28,0.28,0.28,0.28,0.28,0.28,0.28
352,,0.26,0.26,0.26,0.26,0.26,0.26,0.26,0.26
353,,0.24,0.24,0.24,0.24,0.24,0.24,0.24,0.24
354,,0.22,0.22,0.22,0.22,0.22,0.22,0.22,0.22
355,,0.2,0.2,0.2,0.2,0.2,0.2,0.2,0.2
356,,0.18,0.18,0.18,0.18,0.18,0.18,0.18,0.18
357,,0.16,0.16,0.16,0.16,0.16,0.16,0.16,0.16
358,,0.14,0.14,0.14,0.14,0.14,0.14,0.14,0.14
359,,0.12,0.12,0.12,0.12,0.12,0.12,0.12,0.12
360,,0.1,0.1,0.1,0.1,0.1,0.1,0.1,0.1
361,,0.08,0.08,0.08,0.08,0.08,0.08,0.08,0.08
362,,0.06,0.06,0.06,0.06,0.06,0.06,0.06,0.06
363,,0.04,0.04,0.04,0.04,0.04,0.04,0.04,0.04
364,,0.02,0.02,0.02,0.02,0.02,0.02,0.02,0.02
365,,0.0,0.0,0.0,0.0,0.0,0.0,0.0,0.0
366,,-0.02,-0.02,-0.02,-0.02,-0.02,-0.02,-0.02,-0.02
367,4,0.219,0.36,0.501,0.98,0.501,0.36,0.219,0.16
368,4,0.458,0.74,1.0,1.0,1.0,0.74,0.458,0.34
369,,0.438,0.72,0.98,0.98,0.98,0.72,0.438,0.32
370,,0.418,0.7,0.96,0.96,0.96,0.7,0.418,0.3
371,,0.398,0.68,0.94,0.94,0.94,0.68,0.398,0.28
372,,0.378,0.66,0.92,0.92,0.92,0.66,0.378,0.26
373,,0.358,0.64,0.9,0.9,0.9,0.64,0.358,0.24
374,,0.338,0.62,0.88,0.88,0.88,0.62,0.338,0.22
375,,0.318,0.6,0.86,0.86,0.86,0.6,0.318,0.2
376,,0.298,0.58,0.84,0.84,0.84,0.58,0.298,0.18
377,,0.278,0.56,0.82,0.82,0.82,0.56,0.278,0.16
378,,0.258,0.54,0.8,0.8,0.8,0.54,0.258,0.14
379,,0.238,0.52,0.78,0.78,0.78,0.52,0.238,0.12
380,,0.218,0.5,0.76,0.76,0.76,0.5,0.218,0.1
381,,0.198,0.48,0.74,0.74,0.74,0.48,0.198,0.08
382,,0.178,0.46,0.72,0.72,0.72,0.46,0.178,0.06
383,,0.158,0.44,0.7,0.7,0.7,0.44,0.158,0.04
384,,0.138,0.42,0.68,0.68,0.68,0.42,0.138,0.02
385,,0.118,0.4,0.66,0.66,0.66,0.4,0.118,0.0
386,,0.098,0.38,0.64,0.64,0.64,0.38,0.098,-0.02
387,8,0.619,0.76,0.879,0.82,0.879,0.76,0.619,0.98
388,8,1.0,1.0,1.0,1.0,1.0,1.0,1.0,1.0
389,,0.98,0.98,0.98,0.98,0.98,0.98,0.98,0.98
390,,0.96,0.96,0.96,0.96,0.96,0.96,0.96,0.96
391,,0.94,0.94,0.94,0.94,0.94,0.94,0.94,0.94
392,,0.92,0.92,0.92,0.92,0.92,0.92,0.92,0.92
393,,0.9,0.9,0.9,0.9,0.9,0.9,0.9,0.9
394,,0.88,0.88,0.88,0.88,0.88,0.88,0.88,0.88
395,,0.86,0.86,0.86,0.86,0.86,0.86,0.86,0.86
396,,0.84,0.84,0.84,0.84,0.84,0.84,0.84,0.84
397,,0.82,0.82,0.82,0.82,0.82,0.82,0.82,0.82
398,,0.8,0.8,0.8,0.8,0.8,0.8,0.8,0.8
399,,0.78,0.78,0.78,0.78,0.78,0.78,0.78,0.78
400,,0.76,0.76,0.76,0.76,0.76,0.76,0.76,0.76
401,,0.74,0.74,0.74,0.74,0.74,0.74,0.74,0.74
402,,0.72,0.72,0.72,0.72,0.72,0.72,0.72,0.72
403,,0.7,0.7,0.7,0.7,0.7,0.7,0.7,0.7
404,,0.68,0.68,0.68,0.68,0.68,0.68,0.68,0.68
405,,0.66,0.66,0.66,0.66,0.66,0.66,0.66,0.66
406,,0.64,0.64,0.64,0.64,0.64,0.64,0.64,0.64
407,,0.62,0.62,0.62,0.62,0.62,0.62,0.62,0.62
408,,0.6,0.6,0.6,0.6,0.6,0.6,0.6,0.6
409,,0.58,0.58,0.58,0.58,0.58,0.58,0.58,0.58
410,,0.56,0.56,0.56,0.56,0.56,0.56,0.56,0.56
411,,0.54,0.54,0.54,0.54,0.54,0.54,0.54,0.54
412,,0.52,0.52,0.52,0.52,0.52,0.52,0.52,0.52
413,,0.5,0.5,0.5,0.5,0.5,0.5,0.5,0.5
414,,0.48,0.48,0.48,0.48,0.48,0.48,0.48,0.48
415,,0.46,0.46,0.46,0.46,0.46,0.46,0.46,0.46
416,,0.44,0.44,0.44,0.44,0.44,0.44,0.44,0.44
417,,0.42,0.42,0.42,0.42,0.42,0.42,0.42,0.42
418,,0.4,0.4,0.4,0.4,0.4,0.4,0.4,0.4
419,,0.38,0.38,0.38,0.38,0.38,0.38,0.38,0.38
420,,0.36,0.36,0.36,0.36,0.36,0.36,0.36,0.36
421,,0.34,0.34,0.34,0.34,0.34,0.34,0.34,0.34
422,,0.32,0.32,0.32,0.32,0.32,0.32,0.32,0.32
423,,0.3,0.3,0.3,0.3,0.3,0.3,0.3,0.3
424,,0.28,0.28,0.28,0.28,0.28,0.28,0.28,0.28
425,,0.26,0.26,0.26,0.26,0.26,0.26,0.26,0.26
426,,0.24,0.24,0.24,0.24,0.24,0.24,0.24,0.24
427,,0.22,0.22,0.22,0.22,0.22,0.22,0.22,0.22
428,,0.2,0.2,0.2,0.2,0.2,0.2,0.2,0.2
429,,0.18,0.18,0.18,0.18,0.18,0.18,0.18,0.18
430,,0.16,0.16,0.16,0.16,0.16,0.16,0.16,0.16
431,,0.14,0.14,0.14,0.14,0.14,0.14,0.14,0.14
432,,0.12,0.12,0.12,0.12,0.12,0.12,0.12,0.12
433,,0.1,0.1,0.1,0.1,0.1,0.1,0.1,0.1
434,,0.08,0.08,0.08,0.08,0.08,0.08,0.08,0.08
435,,0.06,0.06,0.06,0.06,0.06,0.06,0.06,0.06
436,,0.04,0.04,0.04,0.04,0.04,0.04,0.04,0.04
437,,0.02,0.02,0.02,0.02,0.02,0.02,0.02,0.02
438,,0.0,0.0,0.0,0.0,0.0,0.0,0.0,0.0
439,,-0.02,-0.02,-0.02,-0.02,-0.02,-0.02,-0.02,-0.02
440,7,0.36,0.219,0.16,0.219,0.36,0.501,0.98,0.501
441,7,0.74,0.458,0.34,0.458,0.74,1.0,1.0,1.0
442,,0.72,0.438,0.32,0.438,0.72,0.98,0.98,0.98
443,,0.7,0.418,0.3,0.418,0.7,0.96,0.96,0.96
444,,0.68,0.398,0.28,0.398,0.68,0.94,0.94,0.94
445,,0.66,0.378,0.26,0.378,0.66,0.92,0.92,0.92
446,,0.64,0.358,0.24,0.358,0.64,0.9,0.9,0.9
447,,0.62,0.338,0.22,0.338,0.62,0.88,0.88,0.88
448,,0.6,0.318,0.2,0.318,0.6,0.86,0.86,0.86
449,,0.58,0.298,0.18,0.298,0.58,0.84,0.84,0.84
450,,0.56,0.278,0.16,0.278,0.56,0.82,0.82,0.82
451,,0.54,0.258,0.14,0.258,0.54,0.8,0.8,0.8
452,,0.52,0.238,0.12,0.238,0.52,0.78,0.78,0.78
453,,0.5,0.218,0.1,0.218,0.5,0.76,0.76,0.76
454,,0.48,0.198,0.08,0.198,0.48,0.74,0.74,0.74
455,,0.46,0.178,0.06,0.178,0.46,0.72,0.72,0.72
456,,0.44,0.158,0.04,0.158,0.44,0.7,0.7,0.7
457,,0.42,0.138,0.02,0.138,0.42,0.68,0.68,0.68
458,,0.4,0.118,0.0,0.118,0.4,0.66,0.66,0.66
459,,0.38,0.098,-0.02,0.098,0.38,0.64,0.64,0.64
460,3,0.76,0.619,0.98,0.619,0.76,0.879,0.82,0.879
461,3,1.0,1.0,1.0,1.0,1.0,1.0,1.0,1.0
462,,0.98,0.98,0.98,0.98,0.98,0.98,0.98,0.98
463,,0.96,0.96,0.96,0.96,0.96,0.96,0.96,0.96
464,,0.94,0.94,0.94,0.94,0.94,0.94,0.94,0.94
465,,0.92,0.92,0.92,0.92,0.92,0.92,0.92,0.92
466,,0.9,0.9,0.9,0.9,0.9,0.9,0.9,0.9
467,,0.88,0.88,0.88,0.88,0.88,0.88,0.88,0.88
468,,0.86,0.86,0.86,0.86,0.86,0.86,0.86,0.86
469,,0.84,0.84,0.84,0.84,0.84,0.84,0.84,0.84
470,,0.82,0.82,0.82,0.82,0.82,0.82,0.82,0.82
471,,0.8,0.8,0.8,0.8,0.8,0.8,0.8,0.8
472,,0.78,0.78,0.78,0.78,0.78,0.78,0.78,0.78
473,,0.76,0.76,0.76,0.76,0.76,0.76,0.76,0.76
474,,0.74,0.74,0.74,0.74,0.74,0.74,0.74,0.74
475,,0.72,0.72,0.72,0.72,0.72,0.72,0.72,0.72
476,,0.7,0.7,0.7,0.7,0.7,0.7,0.7,0.7
477,,0.68,0.68,0.68,0.68,0.68,0.68,0.68,0.68
478,,0.66,0.66,0.66,0.66,0.66,0.66,0.66,0.66
479,,0.64,0.64,0.64,0.64,0.64,0.64,0.64,0.64
480,,0.62,0.62,0.62,0.62,0.62,0.62,0.62,0.62
481,,0.6,0.6,0.6,0.6,0.6,0.6,0.6,0.6
482,,0.58,0.58,0.58,0.58,0.58,0.58,0.58,0.58
483,,0.56,0.56,0.56,0.56,0.56,0.56,0.56,0.56
484,,0.54,0.54,0.54,0.54,0.54,0.54,0.54,0.54
485,,0.52,0.52,0.52,0.52,0.52,0.52,0.52,0.52
486,,0.5,0.5,0.5,0.5,0.5,0.5,0.5,0.5
487,,0.48,0.48,0.48,0.48,0.48,0.48,0.48,0.48
488,,0.46,0.46,0.46,0.46,0.46,0.46,0.46,0.46
489,,0.44,0.44,0.44,0.44,0.44,0.44,0.44,0.44
490,,0.42,0.42,0.42,0.42,0.42,0.42,0.42,0.42
491,,0.4,0.4,0.4,0.4,0.4,0.4,0.4,0.4
492,,0.38,0.38,0.38,0.38,0.38,0.38,0.38,0.38
493,,0.36,0.36,0.36,0.36,0.36,0.36,0.36,0.36
494,,0.34,0.34,0.34,0.34,0.34,0.34,0.34,0.34
495,,0.32,0.32,0.32,0.32,0.32,0.32,0.32,0.32
496,,0.3,0.3,0.3,0.3,0.3,0.3,0.3,0.3
497,,0.28,0.28,0.28,0.28,0.28,0.28,0.28,0.28
498,,0.26,0.26,0.26,0.26,0.26,0.26,0.26,0.26
499,,0.24,0.24,0.24,0.24,0.24,0.24,0.24,0.24
500,,0.22,0.22,0.22,0.22,0.22,0.22,0.22,0.22
501,,0.2,0.2,0.2,0.2,0.2,0.2,0.2,0.2
502,,0.18,0.18,0.18,0.18,0.18,0.18,0.18,0.18
503,,0.16,0.16,0.16,0.16,0.16,0.16,0.16,0.16
504,,0.14,0.14,0.14,0.14,0.14,0.14,0.14,0.14
505,,0.12,0.12,0.12,0.12,0.12,0.12,0.12,0.12
506,,0.1,0.1,0.1,0.1,0.1,0.1,0.1,0.1
507,,0.08,0.08,0.08,0.08,0.08,0.08,0.08,0.08
508,,0.06,0.06,0.06,0.06,0.06,0.06,0.06,0.06
509,,0.04,0.04,0.04,0.04,0.04,0.04,0.04,0.04
510,,0.02,0.02,0.02,0.02,0.02,0.02,0.02,0.02
511,,0.0,0.0,0.0,0.0,0.0,0.0,0.0,0.0
512,,-0.02,-0.02,-0.02,-0.02,-0.02,-0.02,-0.02,-0.02
513,3,0.36,0.501,0.98,0.501,0.36,0.219,0.16,0.219
514,3,0.74,1.0,1.0,1.0,0.74,0.458,0.34,0.458
515,,0.72,0.98,0.98,0.98,0.72,0.438,0.32,0.438
516,,0.7,0.96,0.96,0.96,0.7,0.418,0.3,0.418
517,,0.68,0.94,0.94,0.94,0.68,0.398,0.28,0.398
518,,0.66,0.92,0.92,0.92,0.66,0.378,0.26,0.378
519,,0.64,0.9,0.9,0.9,0.64,0.358,0.24,0.358
520,,0.62,0.88,0.88,0.88,0.62,0.338,0.22,0.338
521,,0.6,0.86,0.86,0.86,0.6,0.318,0.2,0.318
522,,0.58,0.84,0.84,0.84,0.58,0.298,0.18,0.298
523,,0.56,0.82,0.82,0.82,0.56,0.278,0.16,0.278
524,,0.54,0.8,0.8,0.8,0.54,0.258,0.14,0.258
525,,0.52,0.78,0.78,0.78,0.52,0.238,0.12,0.238
526,,0.5,0.76,0.76,0.76,0.5,0.218,0.1,0.218
527,,0.48,0.74,0.74,0.74,0.48,0.198,0.08,0.198
528,,0.46,0.72,0.72,0.72,0.46,0.178,0.06,0.178
529,,0.44,0.7,0.7,0.7,0.44,0.158,0.04,0.158
530,,0.42,0.68,0.68,0.68,0.42,0.138,0.02,0.138
531,,0.4,0.66,0.66,0.66,0.4,0.118,0.0,0.118
532,,0.38,0.64,0.64,0.64,0.38,0.098,-0.02,0.098
533,7,0.76,0.879,0.82,0.879,0.76,0.619,0.98,0.619
534,7,1.0,1.0,1.0,1.0,1.0,1.0,1.0,1.0
535,,0.98,0.98,0.98,0.98,0.98,0.98,0.98,0.98
536,,0.96,0.96,0.96,0.96,0.96,0.96,0.96,0.96
537,,0.94,0.94,0.94,0.94,0.94,0.94,0.94,0.94
538,,0.92,0.92,0.92,0.92,0.92,0.92,0.92,0.92
539,,0.9,0.9,0.9,0.9,0.9,0.9,0.9,0.9
540,,0.88,0.88,0.88,0.88,0.88,0.88,0.88,0.88
541,,0.86,0.86,0.86,0.86,0.86,0.86,0.86,0.86
542,,0.84,0.84,0.84,0.84,0.84,0.84,0.84,0.84
543,,0.82,0.82,0.82,0.82,0.82,0.82,0.82,0.82
544,,0.8,0.8,0.8,0.8,0.8,0.8,0.8,0.8
545,,0.78,0.78,0.78,0.78,0.78,0.78,0.78,0.78
546,,0.76,0.76,0.76,0.76,0.76,0.76,0.76,0.76
547,,0.74,0.74,0.74,0.74,0.74,0.74,0.74,0.74
548,,0.72,0.72,0.72,0.72,0.72,0.72,0.72,0.72
549,,0.7,0.7,0.7,0.7,0.7,0.7,0.7,0.7
550,,0.68,0.68,0.68,0.68,0.68,0.68,0.68,0.68
551,,0.66,0.66,0.66,0.66,0.66,0.66,0.66,0.66
552,,0.64,0.64,0.64,0.64,0.64,0.64,0.64,0.64
553,,0.62,0.62,0.62,0.62,0.62,0.62,0.62,0.62
554,,0.6,0.6,0.6,0.6,0.6,0.6,0.6,0.6
555,,0.58,0.58,0.58,0.58,0.58,0.58,0.58,0.58
556,,0.56,0.56,0.56,0.56,0.56,0.56,0.56,0.56
557,,0.54,0.54,0.54,0.54,0.54,0.54,0.54,0.54
558,,0.52,0.52,0.52,0.52,0.52,0.52,0.52,0.52
559,,0.5,0.5,0.5,0.5,0.5,0.5,0.5,0.5
560,,0.48,0.48,0.48,0.48,0.48,0.48,0.48,0.48
561,,0.46,0.46,0.46,0.46,0.46,0.46,0.46,0.46
562,,0.44,0.44,0.44,0.44,0.44,0.44,0.44,0.44
563,,0.42,0.42,0.42,0.42,0.42,0.42,0.42,0.42
564,,0.4,0.4,0.4,0.4,0.4,0.4,0.4,0.4
565,,0.38,0.38,0.38,0.38,0.38,0.38,0.38,0.38
566,,0.36,0.36,0.36,0.36,0.36,0.36,0.36,0.36
567,,0.34,0.34,0.34,0.34,0.34,0.34,0.34,0.34
568,,0.32,0.32,0.32,0.32,0.32,0.32,0.32,0.32
569,,0.3,0.3,0.3,0.3,0.3,0.3,0.3,0.3
570,,0.28,0.28,0.28,0.28,0.28,0.28,0.28,0.28
571,,0.26,0.26,0.26,0.26,0.26,0.26,0.26,0.26
572,,0.24,0.24,0.24,0.24,0.24,0.24,0.24,0.24
573,,0.22,0.22,0.22,0.22,0.22,0.22,0.22,0.22
574,,0.2,0.2,0.2,0.2,0.2,0.2,0.2,0.2
575,,0.18,0.18,0.18,0.18,0.18,0.18,0.18,0.18
576,,0.16,0.16,0.16,0.16,0.16,0.16,0.16,0.16
577,,0.14,0.14,0.14,0.14,0.14,0.14,0.14,0.14
578,,0.12,0.12,0.12,0.12,0.12,0.12,0.12,0.12
579,,0.1,0.1,0.1,0.1,0.1,0.1,0.1,0.1
580,,0.08,0.08,0.08,0.08,0.08,0.08,0.08,0.08
581,,0.06,0.06,0.06,0.06,0.06,0.06,0.06,0.06
582,,0.04,0.04,0.04,0.04,0.04,0.04,0.04,0.04
583,,0.02,0.02,0.02,0.02,0.02,0.02,0.02,0.02
584,,0.0,0.0,0.0,0.0,0.0,0.0,0.0,0.0
585,,-0.02,-0.02,-0.02,-0.02,-0.02,-0.02,-0.02,-0.02
586,8,0.501,0.36,0.219,0.16,0.219,0.36,0.501,0.98
587,8,1.0,0.74,0.458,0.34,0.458,0.74,1.0,1.0
588,,0.98,0.72,0.438,0.32,0.438,0.72,0.98,0.98
589,,0.96,0.7,0.418,0.3,0.418,0.7,0.96,0.96
590,,0.94,0.68,0.398,0.28,0.398,0.68,0.94,0.94
591,,0.92,0.66,0.378,0.26,0.378,0.66,0.92,0.92
592,,0.9,0.64,0.358,0.24,0.358,0.64,0.9,0.9
593,,0.88,0.62,0.338,0.22,0.338,0.62,0.88,0.88
594,,0.86,0.6,0.318,0.2,0.318,0.6,0.86,0.86
595,,0.84,0.58,0.298,0.18,0.298,0.58,0.84,0.84
596,,0.82,0.56,0.278,0.16,0.278,0.56,0.82,0.82
597,,0.8,0.54,0.258,0.14,0.258,0.54,0.8,0.8
598,,0.78,0.52,0.238,0.12,0.238,0.52,0.78,0.78
599,,0.76,0.5,0.218,0.1,0.218,0.5,0.76,0.76
600,,0.74,0.48,0.198,0.08,0.198,0.48,0.74,0.74
601,,0.72,0.46,0.178,0.06,0.178,0.46,0.72,0.72
602,,0.7,0.44,0.158,0.04,0.158,0.44,0.7,0.7
603,,0.68,0.42,0.138,0.02,0.138,0.42,0.68,0.68
604,,0.66,0.4,0.118,0.0,0.118,0.4,0.66,0.66
605,,0.64,0.38,0.098,-0.02,0.098,0.38,0.64,0.64
606,4,0.879,0.76,0.619,0.98,0.619,0.76,0.879,0.82
607,4,1.0,1.0,1.0,1.0,1.0,1.0,1.0,1.0
608,,0.98,0.98,0.98,0.98,0.98,0.98,0.98,0.98
609,,0.96,0.96,0.96,0.96,0.96,0.96,0.96,0.96
610,,0.94,0.94,0.94,0.94,0.94,0.94,0.94,0.94
611,,0.92,0.92,0.92,0.92,0.92,0.92,0.92,0.92
612,,0.9,0.9,0.9,0.9,0.9,0.9,0.9,0.9
613,,0.88,0.88,0.88,0.88,0.88,0.88,0.88,0.88
614,,0.86,0.86,0.86,0.86,0.86,0.86,0.86,0.86
615,,0.84,0.84,0.84,0.84,0.84,0.84,0.84,0.84
616,,0.82,0.82,0.82,0.82,0.82,0.82,0.82,0.82
617,,0.8,0.8,0.8,0.8,0.8,0.8,0.8,0.8
618,,0.78,0.78,0.78,0.78,0.78,0.78,0.78,0.78
619,,0.76,0.76,0.76,0.76,0.76,0.76,0.76,0.76
620,,0.74,0.74,0.74,0.74,0.74,0.74,0.74,0.74
621,,0.72,0.72,0.72,0.72,0.72,0.72,0.72,0.72
622,,0.7,0.7,0.7,0.7,0.7,0.7,0.7,0.7
623,,0.68,0.68,0.68,0.68,0.68,0.68,0.68,0.68
624,,0.66,0.66,0.66,0.66,0.66,0.66,0.66,0.66
625,,0.64,0.64,0.64,0.64,0.64,0.64,0.64,0.64
626,,0.62,0.62,0.62,0.62,0.62,0.62,0.62,0.62
627,,0.6,0.6,0.6,0.6,0.6,0.6,0.6,0.6
628,,0.58,0.58,0.58,0.58,0.58,0.58,0.58,0.58
629,,0.56,0.56,0.56,0.56,0.56,0.56,0.56,0.56
630,,0.54,0.54,0.54,0.54,0.54,0.54,0.54,0.54
631,,0.52,0.52,0.52,0.52,0.52,0.52,0.52,0.52
632,,0.5,0.5,0.5,0.5,0.5,0.5,0.5,0.5
633,,0.48,0.48,0.48,0.48,0.48,0.48,0.48,0.48
634,,0.46,0.46,0.46,0.46,0.46,0.46,0.46,0.46
635,,0.44,0.44,0.44,0.44,0.44,0.44,0.44,0.44
636,,0.42,0.42,0.42,0.42,0.42,0.42,0.42,0.42
637,,0.4,0.4,0.4,0.4,0.4,0.4,0.4,0.4
638,,0.38,0.38,0.38,0.38,0.38,0.38,0.38,0.38
639,,0.36,0.36,0.36,0.36,0.36,0.36,0.36,0.36
640,,0.34,0.34,0.34,0.34,0.34,0.34,0.34,0.34
641,,0.32,0.32,0.32,0.32,0.32,0.32,0.32,0.32
642,,0.3,0.3,0.3,0.3,0.3,0.3,0.3,0.3
643,,0.28,0.28,0.28,0.28,0.28,0.28,0.28,0.28
644,,0.26,0.26,0.26,0.26,0.26,0.26,0.26,0.26
645,,0.24,0.24,0.24,0.24,0.24,0.24,0.24,0.24
646,,0.22,0.22,0.22,0.22,0.22,0.22,0.22,0.22
647,,0.2,0.2,0.2,0.2,0.2,0.2,0.2,0.2
648,,0.18,0.18,0.18,0.18,0.18,0.18,0.18,0.18
649,,0.16,0.16,0.16,0.16,0.16,0.16,0.16,0.16
650,,0.14,0.14,0.14,0.14,0.14,0.14,0.14,0.14
651,,0.12,0.12,0.12,0.12,0.12,0.12,0.12,0.12
652,,0.1,0.1,0.1,0.1,0.1,0.1,0.1,0.1
653,,0.08,0.08,0.08,0.08,0.08,0.08,0.08,0.08
654,,0.06,0.06,0.06,0.06,0.06,0.06,0.06,0.06
655,,0.04,0.04,0.04,0.04,0.04,0.04,0.04,0.04
656,,0.02,0.02,0.02,0.02,0.02,0.02,0.02,0.02
657,,0.0,0.0,0.0,0.0,0.0,0.0,0.0,0.0
658,,-0.02,-0.02,-0.02,-0.02,-0.02,-0.02,-0.02,-0.02
659,3,0.36,0.501,0.98,0.501,0.36,0.219,0.16,0.219
660,3,0.74,1.0,1.0,1.0,0.74,0.458,0.34,0.458
661,,0.72,0.98,0.98,0.98,0.72,0.438,0.32,0.438
662,,0.7,0.96,0.96,0.96,0.7,0.418,0.3,0.418
663,,0.68,0.94,0.94,0.94,0.68,0.398,0.28,0.398
664,,0.66,0.92,0.92,0.92,0.66,0.378,0.26,0.378
665,,0.64,0.9,0.9,0.9,0.64,0.358,0.24,0.358
666,,0.62,0.88,0.88,0.88,0.62,0.338,0.22,0.338
667,,0.6,0.86,0.86,0.86,0.6,0.318,0.2,0.318
668,,0.58,0.84,0.84,0.84,0.58,0.298,0.18,0.298
669,,0.56,0.82,0.82,0.82,0.56,0.278,0.16,0.278
670,,0.54,0.8,0.8,0.8,0.54,0.258,0.14,0.258
671,,0.52,0.78,0.78,0.78,0.52,0.238,0.12,0.238
672,,0.5,0.76,0.76,0.76,0.5,0.218,0.1,0.218
673,,0.48,0.74,0.74,0.74,0.48,0.198,0.08,0.198
674,,0.46,0.72,0.72,0.72,0.46,0.178,0.06,0.178
675,,0.44,0.7,0.7,0.7,0.44,0.158,0.04,0.158
676,,0.42,0.68,0.68,0.68,0.42,0.138,0.02,0.138
677,,0.4,0.66,0.66,0.66,0.4,0.118,0.0,0.118
678,,0.38,0.64,0.64,0.64,0.38,0.098,-0.02,0.098
679,7,0.76,0.879,0.82,0.879,0.76,0.619,0.98,0.619
680,7,1.0,1.0,1.0,1.0,1.0,1.0,1.0,1.0
681,,0.98,0.98,0.98,0.98,0.98,0.98,0.98,0.98
682,,0.96,0.96,0.96,0.96,0.96,0.96,0.96,0.96
683,,0.94,0.94,0.94,0.94,0.94,0.94,0.94,0.94
684,,0.92,0.92,0.92,0.92,0.92,0.92,0.92,0.92
685,,0.9,0.9,0.9,0.9,0.9,0.9,0.9,0.9
686,,0.88,0.88,0.88,0.88,0.88,0.88,0.88,0.88
687,,0.86,0.86,0.86,0.86,0.86,0.86,0.86,0.86
688,,0.84,0.84,0.84,0.84,0.84,0.84,0.84,0.84
689,,0.82,0.82,0.82,0.82,0.82,0.82,0.82,0.82
690,,0.8,0.8,0.8,0.8,0.8,0.8,0.8,0.8
691,,0.78,0.78,0.78,0.78,0.78,0.78,0.78,0.78
692,,0.76,0.76,0.76,0.76,0.76,0.76,0.76,0.76
693,,0.74,0.74,0.74,0.74,0.74,0.74,0.74,0.74
694,,0.72,0.72,0.72,0.72,0.72,0.72,0.72,0.72
695,,0.7,0.7,0.7,0.7,0.7,0.7,0.7,0.7
696,,0.68,0.68,0.68,0.68,0.68,0.68,0.68,0.68
697,,0.66,0.66,0.66,0.66,0.66,0.66,0.66,0.66
698,,0.64,0.64,0.64,0.64,0.64,0.64,0.64,0.64
699,,0.62,0.62,0.62,0.62,0.62,0.62,0.62,0.62
700,,0.6,0.6,0.6,0.6,0.6,0.6,0.6,0.6
701,,0.58,0.58,0.58,0.58,0.58,0.58,0.58,0.58
702,,0.56,0.56,0.56,0.56,0.56,0.56,0.56,0.56
703,,0.54,0.54,0.54,0.54,0.54,0.54,0.54,0.54
704,,0.52,0.52,0.52,0.52,0.52,0.52,0.52,0.52
705,,0.5,0.5,0.5,0.5,0.5,0.5,0.5,0.5
706,,0.48,0.48,0.48,0.48,0.48,0.48,0.48,0.48
707,,0.46,0.46,0.46,0.46,0.46,0.46,0.46,0.46
708,,0.44,0.44,0.44,0.44,0.44,0.44,0.44,0.44
709,,0.42,0.42,0.42,0.42,0.42,0.42,0.42,0.42
710,,0.4,0.4,0.4,0.4,0.4,0.4,0.4,0.4
711,,0.38,0.38,0.38,0.38,0.38,0.38,0.38,0.38
712,,0.36,0.36,0.36,0.36,0.36,0.36,0.36,0.36
713,,0.34,0.34,0.34,0.34,0.34,0.34,0.34,0.34
714,,0.32,0.32,0.32,0.32,0.32,0.32,0.32,0.32
715,,0.3,0.3,0.3,0.3,0.3,0.3,0.3,0.3
716,,0.28,0.28,0.28,0.28,0.28,0.28,0.28,0.28
717,,0.26,0.26,0.26,0.26,0.26,0.26,0.26,0.26
718,,0.24,0.24,0.24,0.24,0.24,0.24,0.24,0.24
719,,0.22,0.22,0.22,0.22,0.22,0.22,0.22,0.22
720,,0.2,0.2,0.2,0.2,0.2,0.2,0.2,0.2
721,,0.18,0.18,0.18,0.18,0.18,0.18,0.18,0.18
722,,0.16,0.16,0.16,0.16,0.16,0.16,0.16,0.16
723,,0.14,0.14,0.14,0.14,0.14,0.14,0.14,0.14
724,,0.12,0.12,0.12,0.12,0.12,0.12,0.12,0.12
725,,0.1,0.1,0.1,0.1,0.1,0.1,0.1,0.1
726,,0.08,0.08,0.08,0.08,0.08,0.08,0.08,0.08
727,,0.06,0.06,0.06,0.06,0.06,0.06,0.06,0.06
728,,0.04,0.04,0.04,0.04,0.04,0.04,0.04,0.04
729,,0.02,0.02,0.02,0.02,0.02,0.02,0.02,0.02
730,,0.0,0.0,0.0,0.0,0.0,0.0,0.0,0.0
731,,-0.02,-0.02,-0.02,-0.02,-0.02,-0.02,-0.02,-0.02
732,1,0.98,0.501,0.36,0.219,0.16,0.219,0.36,0.501
733,1,1.0,1.0,0.74,0.458,0.34,0.458,0.74,1.0
734,,0.98,0.98,0.72,0.438,0.32,0.438,0.72,0.98
735,,0.96,0.96,0.7,0.418,0.3,0.418,0.7,0.96
736,,0.94,0.94,0.68,0.398,0.28,0.398,0.68,0.94
737,,0.92,0.92,0.66,0.378,0.26,0.378,0.66,0.92
738,,0.9,0.9,0.64,0.358,0.24,0.358,0.64,0.9
739,,0.88,0.88,0.62,0.338,0.22,0.338,0.62,0.88
740,,0.86,0.86,0.6,0.318,0.2,0.318,0.6,0.86
741,,0.84,0.84,0.58,0.298,0.18,0.298,0.58,0.84
742,,0.82,0.82,0.56,0.278,0.16,0.278,0.56,0.82
743,,0.8,0.8,0.54,0.258,0.14,0.258,0.54,0.8
744,,0.78,0.78,0.52,0.238,0.12,0.238,0.52,0.78
745,,0.76,0.76,0.5,0.218,0.1,0.218,0.5,0.76
746,,0.74,0.74,0.48,0.198,0.08,0.198,0.48,0.74
747,,0.72,0.72,0.46,0.178,0.06,0.178,0.46,0.72
748,,0.7,0.7,0.44,0.158,0.04,0.158,0.44,0.7
749,,0.68,0.68,0.42,0.138,0.02,0.138,0.42,0.68
750,,0.66,0.66,0.4,0.118,0.0,0.118,0.4,0.66
751,,0.64,0.64,0.38,0.098,-0.02,0.098,0.38,0.64
752,5,0.82,0.879,0.76,0.619,0.98,0.619,0.76,0.879
753,5,1.0,1.0,1.0,1.0,1.0,1.0,1.0,1.0
754,,0.98,0.98,0.98,0.98,0.98,0.98,0.98,0.98
755,,0.96,0.96,0.96,0.96,0.96,0.96,0.96,0.96
756,,0.94,0.94,0.94,0.94,0.94,0.94,0.94,0.94
757,,0.92,0.92,0.92,0.92,0.92,0.92,0.92,0.92
758,,0.9,0.9,0.9,0.9,0.9,0.9,0.9,0.9
759,,0.88,0.88,0.88,0.88,0.88,0.88,0.88,0.88
760,,0.86,0.86,0.86,0.86,0.86,0.86,0.86,0.86
761,,0.84,0.84,0.84,0.84,0.84,0.84,0.84,0.84
762,,0.82,0.82,0.82,0.82,0.82,0.82,0.82,0.82
763,,0.8,0.8,0.8,0.8,0.8,0.8,0.8,0.8
764,,0.78,0.78,0.78,0.78,0.78,0.78,0.78,0.78
765,,0.76,0.76,0.76,0.76,0.76,0.76,0.76,0.76
766,,0.74,0.74,0.74,0.74,0.74,0.74,0.74,0.74
767,,0.72,0.72,0.72,0.72,0.72,0.72,0.72,0.72
768,,0.7,0.7,0.7,0.7,0.7,0.7,0.7,0.7
769,,0.68,0.68,0.68,0.68,0.68,0.68,0.68,0.68
770,,0.66,0.66,0.66,0.66,0.66,0.66,0.66,0.66
771,,0.64,0.64,0.64,0.64,0.64,0.64,0.64,0.64
772,,0.62,0.62,0.62,0.62,0.62,0.62,0.62,0.62
773,,0.6,0.6,0.6,0.6,0.6,0.6,0.6,0.6
774,,0.58,0.58,0.58,0.58,0.58,0.58,0.58,0.58
775,,0.56,0.56,0.56,0.56,0.56,0.56,0.56,0.56
776,,0.54,0.54,0.54,0.54,0.54,0.54,0.54,0.54
777,,0.52,0.52,0.52,0.52,0.52,0.52,0.52,0.52
778,,0.5,0.5,0.5,0.5,0.5,0.5,0.5,0.5
779,,0.48,0.48,0.48,0.48,0.48,0.48,0.48,0.48
780,,0.46,0.46,0.46,0.46,0.46,0.46,0.46,0.46
781,,0.44,0.44,0.44,0.44,0.44,0.44,0.44,0.44
782,,0.42,0.42,0.42,0.42,0.42,0.42,0.42,0.42
783,,0.4,0.4,0.4,0.4,0.4,0.4,0.4,0.4
784,,0.38,0.38,0.38,0.38,0.38,0.38,0.38,0.38
785,,0.36,0.36,0.36,0.36,0.36,0.36,0.36,0.36
786,,0.34,0.34,0.34,0.34,0.34,0.34,0.34,0.34
787,,0.32,0.32,0.32,0.32,0.32,0.32,0.32,0.32
788,,0.3,0.3,0.3,0.3,0.3,0.3,0.3,0.3
789,,0.28,0.28,0.28,0.28,0.28,0.28,0.28,0.28
790,,0.26,0.26,0.26,0.26,0.26,0.26,0.26,0.26
791,,0.24,0.24,0.24,0.24,0.24,0.24,0.24,0.24
792,,0.22,0.22,0.22,0.22,0.22,0.22,0.22,0.22
793,,0.2,0.2,0.2,0.2,0.2,0.2,0.2,0.2
794,,0.18,0.18,0.18,0.18,0.18,0.18,0.18,0.18
795,,0.16,0.16,0.16,0.16,0.16,0.16,0.16,0.16
796,,0.14,0.14,0.14,0.14,0.14,0.14,0.14,0.14
797,,0.12,0.12,0.12,0.12,0.12,0.12,0.12,0.12
798,,0.1,0.1,0.1,0.1,0.1,0.1,0.1,0.1
799,,0.08,0.08,0.08,0.08,0.08,0.08,0.08,0.08
800,,0.06,0.06,0.06,0.06,0.06,0.06,0.06,0.06
801,,0.04,0.04,0.04,0.04,0.04,0.04,0.04,0.04
802,,0.02,0.02,0.02,0.02,0.02,0.02,0.02,0.02
803,,0.0,0.0,0.0,0.0,0.0,0.0,0.0,0.0
804,,-0.02,-0.02,-0.02,-0.02,-0.02,-0.02,-0.02,-0.02
805,7,0.36,0.219,0.16,0.219,0.36,0.501,0.98,0.501
806,7,0.74,0.458,0.34,0.458,0.74,1.0,1.0,1.0
807,,0.72,0.438,0.32,0.438,0.72,0.98,0.98,0.98
808,,0.7,0.418,0.3,0.418,0.7,0.96,0.96,0.96
809,,0.68,0.398,0.28,0.398,0.68,0.94,0.94,0.94
810,,0.66,0.378,0.26,0.378,0.66,0.92,0.92,0.92
811,,0.64,0.358,0.24,0.358,0.64,0.9,0.9,0.9
812,,0.62,0.338,0.22,0.338,0.62,0.88,0.88,0.88
813,,0.6,0.318,0.2,0.318,0.6,0.86,0.86,0.86
814,,0.58,0.298,0.18,0.298,0.58,0.84,0.84,0.84
815,,0.56,0.278,0.16,0.278,0.56,0.82,0.82,0.82
816,,0.54,0.258,0.14,0.258,0.54,0.8,0.8,0.8
817,,0.52,0.238,0.12,0.238,0.52,0.78,0.78,0.78
818,,0.5,0.218,0.1,0.218,0.5,0.76,0.76,0.76
819,,0.48,0.198,0.08,0.198,0.48,0.74,0.74,0.74
820,,0.46,0.178,0.06,0.178,0.46,0.72,0.72,0.72
821,,0.44,0.158,0.04,0.158,0.44,0.7,0.7,0.7
822,,0.42,0.138,0.02,0.138,0.42,0.68,0.68,0.68
823,,0.4,0.118,0.0,0.118,0.4,0.66,0.66,0.66
824,,0.38,0.098,-0.02,0.098,0.38,0.64,0.64,0.64
825,3,0.76,0.619,0.98,0.619,0.76,0.879,0.82,0.879
826,3,1.0,1.0,1.0,1.0,1.0,1.0,1.0,1.0
827,,0.98,0.98,0.98,0.98,0.98,0.98,0.98,0.98
828,,0.96,0.96,0.96,0.96,0.96,0.96,0.96,0.96
829,,0.94,0.94,0.94,0.94,0.94,0.94,0.94,0.94
830,,0.92,0.92,0.92,0.92,0.92,0.92,0.92,0.92
831,,0.9,0.9,0.9,0.9,0.9,0.9,0.9,0.9
832,,0.88,0.88,0.88,0.88,0.88,0.88,0.88,0.88
833,,0.86,0.86,0.86,0.86,0.86,0.86,0.86,0.86
834,,0.84,0.84,0.84,0.84,0.84,0.84,0.84,0.84
835,,0.82,0.82,0.82,0.82,0.82,0.82,0.82,0.82
836,,0.8,0.8,0.8,0.8,0.8,0.8,0.8,0.8
837,,0.78,0.78,0.78,0.78,0.78,0.78,0.78,0.78
838,,0.76,0.76,0.76,0.76,0.76,0.76,0.76,0.76
839,,0.74,0.74,0.74,0.74,0.74,0.74,0.74,0.74
840,,0.72,0.72,0.72,0.72,0.72,0.72,0.72,0.72
841,,0.7,0.7,0.7,0.7,0.7,0.7,0.7,0.7
842,,0.68,0.68,0.68,0.68,0.68,0.68,0.68,0.68
843,,0.66,0.66,0.66,0.66,0.66,0.66,0.66,0.66
844,,0.64,0.64,0.64,0.64,0.64,0.64,0.64,0.64
845,,0.62,0.62,0.62,0.62,0.62,0.62,0.62,0.62
846,,0.6,0.6,0.6,0.6,0.6,0.6,0.6,0.6
847,,0.58,0.58,0.58,0.58,0.58,0.58,0.58,0.58
848,,0.56,0.56,0.56,0.56,0.56,0.56,0.56,0.56
849,,0.54,0.54,0.54,0.54,0.54,0.54,0.54,0.54
850,,0.52,0.52,0.52,0.52,0.52,0.52,0.52,0.52
851,,0.5,0.5,0.5,0.5,0.5,0.5,0.5,0.5
852,,0.48,0.48,0.48,0.48,0.48,0.48,0.48,0.48
853,,0.46,0.46,0.46,0.46,0.46,0.46,0.46,0.46
854,,0.44,0.44,0.44,0.44,0.44,0.44,0.44,0.44
855,,0.42,0.42,0.42,0.42,0.42,0.42,0.42,0.42
856,,0.4,0.4,0.4,0.4,0.4,0.4,0.4,0.4
857,,0.38,0.38,0.38,0.38,0.38,0.38,0.38,0.38
858,,0.36,0.36,0.36,0.36,0.36,0.36,0.36,0.36
859,,0.34,0.34,0.34,0.34,0.34,0.34,0.34,0.34
860,,0.32,0.32,0.32,0.32,0.32,0.32,0.32,0.32
861,,0.3,0.3,0.3,0.3,0.3,0.3,0.3,0.3
862,,0.28,0.28,0.28,0.28,0.28,0.28,0.28,0.28
863,,0.26,0.26,0.26,0.26,0.26,0.26,0.26,0.26
864,,0.24,0.24,0.24,0.24,0.24,0.24,0.24,0.24
865,,0.22,0.22,0.22,0.22,0.22,0.22,0.22,0.22
866,,0.2,0.2,0.2,0.2,0.2,0.2,0.2,0.2
867,,0.18,0.18,0.18,0.18,0.18,0.18,0.18,0.18
868,,0.16,0.16,0.16,0.16,0.16,0.16,0.16,0.16
869,,0.14,0.14,0.14,0.14,0.14,0.14,0.14,0.14
870,,0.12,0.12,0.12,0.12,0.12,0.12,0.12,0.12
871,,0.1,0.1,0.1,0.1,0.1,0.1,0.1,0.1
872,,0.08,0.08,0.08,0.08,0.08,0.08,0.08,0.08
873,,0.06,0.06,0.06,0.06,0.06,0.06,0.06,0.06
874,,0.04,0.04,0.04,0.04,0.04,0.04,0.04,0.04
875,,0.02,0.02,0.02,0.02,0.02,0.02,0.02,0.02
876,,0.0,0.0,0.0,0.0,0.0,0.0,0.0,0.0
877,,-0.02,-0.02,-0.02,-0.02,-0.02,-0.02,-0.02,-0.02
878,6,0.219,0.16,0.219,0.36,0.501,0.98,0.501,0.36
879,6,0.458,0.34,0.458,0.74,1.0,1.0,1.0,0.74
880,,0.438,0.32,0.438,0.72,0.98,0.98,0.98,0.72
881,,0.418,0.3,0.418,0.7,0.96,0.96,0.96,0.7
882,,0.398,0.28,0.398,0.68,0.94,0.94,0.94,0.68
883,,0.378,0.26,0.378,0.66,0.92,0.92,0.92,0.66
884,,0.358,0.24,0.358,0.64,0.9,0.9,0.9,0.64
885,,0.338,0.22,0.338,0.62,0.88,0.88,0.88,0.62
886,,0.318,0.2,0.318,0.6,0.86,0.86,0.86,0.6
887,,0.298,0.18,0.298,0.58,0.84,0.84,0.84,0.58
888,,0.278,0.16,0.278,0.56,0.82,0.82,0.82,0.56
889,,0.258,0.14,0.258,0.54,0.8,0.8,0.8,0.54
890,,0.238,0.12,0.238,0.52,0.78,0.78,0.78,0.52
891,,0.218,0.1,0.218,0.5,0.76,0.76,0.76,0.5
892,,0.198,0.08,0.198,0.48,0.74,0.74,0.74,0.48
893,,0.178,0.06,0.178,0.46,0.72,0.72,0.72,0.46
894,,0.158,0.04,0.158,0.44,0.7,0.7,0.7,0.44
