step,active_motive,motive_1,motive_2,motive_3,motive_4,motive_5,motive_6,motive_7,motive_8
0,,0.04699,0.02796,0.08835,0.07477,0.09531,0.03308,0.05528,0.05723
1,,0.02699,0.00796,0.06835,0.05477,0.07531,0.01308,0.03528,0.03723
2,,0.00699,-0.01204,0.04835,0.03477,0.05531,-0.00692,0.01528,0.01723
3,2,0.52799,0.98796,0.56935,0.41477,0.29431,0.17308,0.25428,0.39723
4,2,1.0,1.0,1.0,0.79477,0.53331,0.35308,0.49328,0.77723
5,,0.98,0.98,0.98,0.77477,0.51331,0.33308,0.47328,0.75723
6,,0.96,0.96,0.96,0.75477,0.49331,0.31308,0.45328,0.73723
7,,0.94,0.94,0.94,0.73477,0.47331,0.29308,0.43328,0.71723
8,,0.92,0.92,0.92,0.71477,0.45331,0.27308,0.41328,0.69723
9,,0.9,0.9,0.9,0.69477,0.43331,0.25308,0.39328,0.67723
10,,0.88,0.88,0.88,0.67477,0.41331,0.23308,0.37328,0.65723
11,,0.86,0.86,0.86,0.65477,0.39331,0.21308,0.35328,0.63723
12,,0.84,0.84,0.84,0.63477,0.37331,0.19308,0.33328,0.61723
13,,0.82,0.82,0.82,0.61477,0.35331,0.17308,0.31328,0.59723
14,,0.8,0.8,0.8,0.59477,0.33331,0.15308,0.29328,0.57723
15,,0.78,0.78,0.78,0.57477,0.31331,0.13308,0.27328,0.55723
16,,0.76,0.76,0.76,0.55477,0.29331,0.11308,0.25328,0.53723
17,,0.74,0.74,0.74,0.53477,0.27331,0.09308,0.23328,0.51723
18,,0.72,0.72,0.72,0.51477,0.25331,0.07308,0.21328,0.49723
19,,0.7,0.7,0.7,0.49477,0.23331,0.05308,0.19328,0.47723
20,,0.68,0.68,0.68,0.47477,0.21331,0.03308,0.17328,0.45723
21,,0.66,0.66,0.66,0.45477,0.19331,0.01308,0.15328,0.43723
22,,0.64,0.64,0.64,0.43477,0.17331,-0.00692,0.13328,0.41723
23,6,0.879,0.82,0.879,0.81477,0.69431,0.99308,0.65428,0.79723
24,6,1.0,1.0,1.0,1.0,1.0,1.0,1.0,1.0
25,,0.98,0.98,0.98,0.98,0.98,0.98,0.98,0.98
26,,0.96,0.96,0.96,0.96,0.96,0.96,0.96,0.96
27,,0.94,0.94,0.94,0.94,0.94,0.94,0.94,0.94
28,,0.92,0.92,0.92,0.92,0.92,0.92,0.92,0.92
29,,0.9,0.9,0.9,0.9,0.9,0.9,0.9,0.9
30,,0.88,0.88,0.88,0.88,0.88,0.88,0.88,0.88
31,,0.86,0.86,0.86,0.86,0.86,0.86,0.86,0.86
32,,0.84,0.84,0.84,0.84,0.84,0.84,0.84,0.84
33,,0.82,0.82,0.82,0.82,0.82,0.82,0.82,0.82
34,,0.8,0.8,0.8,0.8,0.8,0.8,0.8,0.8
35,,0.78,0.78,0.78,0.78,0.78,0.78,0.78,0.78
36,,0.76,0.76,0.76,0.76,0.76,0.76,0.76,0.76
37,,0.74,0.74,0.74,0.74,0.74,0.74,0.74,0.74
38,,0.72,0.72,0.72,0.72,0.72,0.72,0.72,0.72
39,,0.7,0.7,0.7,0.7,0.7,0.7,0.7,0.7
40,,0.68,0.68,0.68,0.68,0.68,0.68,0.68,0.68
41,,0.66,0.66,0.66,0.66,0.66,0.66,0.66,0.66
42,,0.64,0.64,0.64,0.64,0.64,0.64,0.64,0.64
43,,0.62,0.62,0.62,0.62,0.62,0.62,0.62,0.62
44,,0.6,0.6,0.6,0.6,0.6,0.6,0.6,0.6
45,,0.58,0.58,0.58,0.58,0.58,0.58,0.58,0.58
46,,0.56,0.56,0.56,0.56,0.56,0.56,0.56,0.56
47,,0.54,0.54,0.54,0.54,0.54,0.54,0.54,0.54
48,,0.52,0.52,0.52,0.52,0.52,0.52,0.52,0.52
49,,0.5,0.5,0.5,0.5,0.5,0.5,0.5,0.5
50,,0.48,0.48,0.48,0.48,0.48,0.48,0.48,0.48
51,,0.46,0.46,0.46,0.46,0.46,0.46,0.46,0.46
52,,0.44,0.44,0.44,0.44,0.44,0.44,0.44,0.44
53,,0.42,0.42,0.42,0.42,0.42,0.42,0.42,0.42
54,,0.4,0.4,0.4,0.4,0.4,0.4,0.4,0.4
55,,0.38,0.38,0.38,0.38,0.38,0.38,0.38,0.38
56,,0.36,0.36,0.36,0.36,0.36,0.36,0.36,0.36
57,,0.34,0.34,0.34,0.34,0.34,0.34,0.34,0.34
58,,0.32,0.32,0.32,0.32,0.32,0.32,0.32,0.32
59,,0.3,0.3,0.3,0.3,0.3,0.3,0.3,0.3
60,,0.28,0.28,0.28,0.28,0.28,0.28,0.28,0.28
61,,0.26,0.26,0.26,0.26,0.26,0.26,0.26,0.26
62,,0.24,0.24,0.24,0.24,0.24,0.24,0.24,0.24
63,,0.22,0.22,0.22,0.22,0.22,0.22,0.22,0.22
64,,0.2,0.2,0.2,0.2,0.2,0.2,0.2,0.2
65,,0.18,0.18,0.18,0.18,0.18,0.18,0.18,0.18
66,,0.16,0.16,0.16,0.16,0.16,0.16,0.16,0.16
67,,0.14,0.14,0.14,0.14,0.14,0.14,0.14,0.14
68,,0.12,0.12,0.12,0.12,0.12,0.12,0.12,0.12
69,,0.1,0.1,0.1,0.1,0.1,0.1,0.1,0.1
70,,0.08,0.08,0.08,0.08,0.08,0.08,0.08,0.08
71,,0.06,0.06,0.06,0.06,0.06,0.06,0.06,0.06
72,,0.04,0.04,0.04,0.04,0.04,0.04,0.04,0.04
73,,0.02,0.02,0.02,0.02,0.02,0.02,0.02,0.02
74,,0.0,0.0,0.0,0.0,0.0,0.0,0.0,0.0
75,,-0.02,-0.02,-0.02,-0.02,-0.02,-0.02,-0.02,-0.02
76,4,0.219,0.36,0.501,0.98,0.501,0.36,0.219,0.16
77,4,0.458,0.74,1.0,1.0,1.0,0.74,0.458,0.34
78,,0.438,0.72,0.98,0.98,0.98,0.72,0.438,0.32
79,,0.418,0.7,0.96,0.96,0.96,0.7,0.418,0.3
80,,0.398,0.68,0.94,0.94,0.94,0.68,0.398,0.28
81,,0.378,0.66,0.92,0.92,0.92,0.66,0.378,0.26
82,,0.358,0.64,0.9,0.9,0.9,0.64,0.358,0.24
83,,0.338,0.62,0.88,0.88,0.88,0.62,0.338,0.22
84,,0.318,0.6,0.86,0.86,0.86,0.6,0.318,0.2
85,,0.298,0.58,0.84,0.84,0.84,0.58,0.298,0.18
86,,0.278,0.56,0.82,0.82,0.82,0.56,0.278,0.16
87,,0.258,0.54,0.8,0.8,0.8,0.54,0.258,0.14
88,,0.238,0.52,0.78,0.78,0.78,0.52,0.238,0.12
89,,0.218,0.5,0.76,0.76,0.76,0.5,0.218,0.1
90,,0.198,0.48,0.74,0.74,0.74,0.48,0.198,0.08
91,,0.178,0.46,0.72,0.72,0.72,0.46,0.178,0.06
92,,0.158,0.44,0.7,0.7,0.7,0.44,0.158,0.04
93,,0.138,0.42,0.68,0.68,0.68,0.42,0.138,0.02
94,,0.118,0.4,0.66,0.66,0.66,0.4,0.118,0.0
95,,0.098,0.38,0.64,0.64,0.64,0.38,0.098,-0.02
96,8,0.619,0.76,0.879,0.82,0.879,0.76,0.619,0.98
97,8,1.0,1.0,1.0,1.0,1.0,1.0,1.0,1.0
98,,0.98,0.98,0.98,0.98,0.98,0.98,0.98,0.98
99,,0.96,0.96,0.96,0.96,0.96,0.96,0.96,0.96
100,,0.94,0.94,0.94,0.94,0.94,0.94,0.94,0.94
101,,0.92,0.92,0.92,0.92,0.92,0.92,0.92,0.92
102,,0.9,0.9,0.9,0.9,0.9,0.9,0.9,0.9
103,,0.88,0.88,0.88,0.88,0.88,0.88,0.88,0.88
104,,0.86,0.86,0.86,0.86,0.86,0.86,0.86,0.86
105,,0.84,0.84,0.84,0.84,0.84,0.84,0.84,0.84
106,,0.82,0.82,0.82,0.82,0.82,0.82,0.82,0.82
107,,0.8,0.8,0.8,0.8,0.8,0.8,0.8,0.8
108,,0.78,0.78,0.78,0.78,0.78,0.78,0.78,0.78
109,,0.76,0.76,0.76,0.76,0.76,0.76,0.76,0.76
110,,0.74,0.74,0.74,0.74,0.74,0.74,0.74,0.74
111,,0.72,0.72,0.72,0.72,0.72,0.72,0.72,0.72
112,,0.7,0.7,0.7,0.7,0.7,0.7,0.7,0.7
113,,0.68,0.68,0.68,0.68,0.68,0.68,0.68,0.68
114,,0.66,0.66,0.66,0.66,0.66,0.66,0.66,0.66
115,,0.64,0.64,0.64,0.64,0.64,0.64,0.64,0.64
116,,0.62,0.62,0.62,0.62,0.62,0.62,0.62,0.62
117,,0.6,0.6,0.6,0.6,0.6,0.6,0.6,0.6
118,,0.58,0.58,0.58,0.58,0.58,0.58,0.58,0.58
119,,0.56,0.56,0.56,0.56,0.56,0.56,0.56,0.56
120,,0.54,0.54,0.54,0.54,0.54,0.54,0.54,0.54
121,,0.52,0.52,0.52,0.52,0.52,0.52,0.52,0.52
122,,0.5,0.5,0.5,0.5,0.5,0.5,0.5,0.5
123,,0.48,0.48,0.48,0.48,0.48,0.48,0.48,0.48
124,,0.46,0.46,0.46,0.46,0.46,0.46,0.46,0.46
125,,0.44,0.44,0.44,0.44,0.44,0.44,0.44,0.44
126,,0.42,0.42,0.42,0.42,0.42,0.42,0.42,0.42
127,,0.4,0.4,0.4,0.4,0.4,0.4,0.4,0.4
128,,0.38,0.38,0.38,0.38,0.38,0.38,0.38,0.38
129,,0.36,0.36,0.36,0.36,0.36,0.36,0.36,0.36
130,,0.34,0.34,0.34,0.34,0.34,0.34,0.34,0.34
131,,0.32,0.32,0.32,0.32,0.32,0.32,0.32,0.32
132,,0.3,0.3,0.3,0.3,0.3,0.3,0.3,0.3
133,,0.28,0.28,0.28,0.28,0.28,0.28,0.28,0.28
134,,0.26,0.26,0.26,0.26,0.26,0.26,0.26,0.26
135,,0.24,0.24,0.24,0.24,0.24,0.24,0.24,0.24
136,,0.22,0.22,0.22,0.22,0.22,0.22,0.22,0.22
137,,0.2,0.2,0.2,0.2,0.2,0.2,0.2,0.2
138,,0.18,0.18,0.18,0.18,0.18,0.18,0.18,0.18
139,,0.16,0.16,0.16,0.16,0.16,0.16,0.16,0.16
140,,0.14,0.14,0.14,0.14,0.14,0.14,0.14,0.14
141,,0.12,0.12,0.12,0.12,0.12,0.12,0.12,0.12
142,,0.1,0.1,0.1,0.1,0.1,0.1,0.1,0.1
143,,0.08,0.08,0.08,0.08,0.08,0.08,0.08,0.08
144,,0.06,0.06,0.06,0.06,0.06,0.06,0.06,0.06
145,,0.04,0.04,0.04,0.04,0.04,0.04,0.04,0.04
146,,0.02,0.02,0.02,0.02,0.02,0.02,0.02,0.02
147,,0.0,0.0,0.0,0.0,0.0,0.0,0.0,0.0
148,,-0.02,-0.02,-0.02,-0.02,-0.02,-0.02,-0.02,-0.02
149,1,0.98,0.501,0.36,0.219,0.16,0.219,0.36,0.501
150,1,1.0,1.0,0.74,0.458,0.34,0.458,0.74,1.0
151,,0.98,0.98,0.72,0.438,0.32,0.438,0.72,0.98
152,,0.96,0.96,0.7,0.418,0.3,0.418,0.7,0.96
153,,0.94,0.94,0.68,0.398,0.28,0.398,0.68,0.94
154,,0.92,0.92,0.66,0.378,0.26,0.378,0.66,0.92
155,,0.9,0.9,0.64,0.358,0.24,0.358,0.64,0.9
156,,0.88,0.88,0.62,0.338,0.22,0.338,0.62,0.88
157,,0.86,0.86,0.6,0.318,0.2,0.318,0.6,0.86
158,,0.84,0.84,0.58,0.298,0.18,0.298,0.58,0.84
159,,0.82,0.82,0.56,0.278,0.16,0.278,0.56,0.82
160,,0.8,0.8,0.54,0.258,0.14,0.258,0.54,0.8
161,,0.78,0.78,0.52,0.238,0.12,0.238,0.52,0.78
162,,0.76,0.76,0.5,0.218,0.1,0.218,0.5,0.76
163,,0.74,0.74,0.48,0.198,0.08,0.198,0.48,0.74
164,,0.72,0.72,0.46,0.178,0.06,0.178,0.46,0.72
165,,0.7,0.7,0.44,0.158,0.04,0.158,0.44,0.7
166,,0.68,0.68,0.42,0.138,0.02,0.138,0.42,0.68
167,,0.66,0.66,0.4,0.118,0.0,0.118,0.4,0.66
168,,0.64,0.64,0.38,0.098,-0.02,0.098,0.38,0.64
169,5,0.82,0.879,0.76,0.619,0.98,0.619,0.76,0.879
170,5,1.0,1.0,1.0,1.0,1.0,1.0,1.0,1.0
171,,0.98,0.98,0.98,0.98,0.98,0.98,0.98,0.98
172,,0.96,0.96,0.96,0.96,0.96,0.96,0.96,0.96
173,,0.94,0.94,0.94,0.94,0.94,0.94,0.94,0.94
174,,0.92,0.92,0.92,0.92,0.92,0.92,0.92,0.92
175,,0.9,0.9,0.9,0.9,0.9,0.9,0.9,0.9
176,,0.88,0.88,0.88,0.88,0.88,0.88,0.88,0.88
177,,0.86,0.86,0.86,0.86,0.86,0.86,0.86,0.86
178,,0.84,0.84,0.84,0.84,0.84,0.84,0.84,0.84
179,,0.82,0.82,0.82,0.82,0.82,0.82,0.82,0.82
180,,0.8,0.8,0.8,0.8,0.8,0.8,0.8,0.8
181,,0.78,0.78,0.78,0.78,0.78,0.78,0.78,0.78
182,,0.76,0.76,0.76,0.76,0.76,0.76,0.76,0.76
183,,0.74,0.74,0.74,0.74,0.74,0.74,0.74,0.74
184,,0.72,0.72,0.72,0.72,0.72,0.72,0.72,0.72
185,,0.7,0.7,0.7,0.7,0.7,0.7,0.7,0.7
186,,0.68,0.68,0.68,0.68,0.68,0.68,0.68,0.68
187,,0.66,0.66,0.66,0.66,0.66,0.66,0.66,0.66
188,,0.64,0.64,0.64,0.64,0.64,0.64,0.64,0.64
189,,0.62,0.62,0.62,0.62,0.62,0.62,0.62,0.62
190,,0.6,0.6,0.6,0.6,0.6,0.6,0.6,0.6
191,,0.58,0.58,0.58,0.58,0.58,0.58,0.58,0.58
192,,0.56,0.56,0.56,0.56,0.56,0.56,0.56,0.56
193,,0.54,0.54,0.54,0.54,0.54,0.54,0.54,0.54
194,,0.52,0.52,0.52,0.52,0.52,0.52,0.52,0.52
195,,0.5,0.5,0.5,0.5,0.5,0.5,0.5,0.5
196,,0.48,0.48,0.48,0.48,0.48,0.48,0.48,0.48
197,,0.46,0.46,0.46,0.46,0.46,0.46,0.46,0.46
198,,0.44,0.44,0.44,0.44,0.44,0.44,0.44,0.44
199,,0.42,0.42,0.42,0.42,0.42,0.42,0.42,0.42
200,,0.4,0.4,0.4,0.4,0.4,0.4,0.4,0.4
201,,0.38,0.38,0.38,0.38,0.38,0.38,0.38,0.38
202,,0.36,0.36,0.36,0.36,0.36,0.36,0.36,0.36
203,,0.34,0.34,0.34,0.34,0.34,0.34,0.34,0.34
204,,0.32,0.32,0.32,0.32,0.32,0.32,0.32,0.32
205,,0.3,0.3,0.3,0.3,0.3,0.3,0.3,0.3
206,,0.28,0.28,0.28,0.28,0.28,0.28,0.28,0.28
207,,0.26,0.26,0.26,0.26,0.26,0.26,0.26,0.26
208,,0.24,0.24,0.24,0.24,0.24,0.24,0.24,0.24
209,,0.22,0.22,0.22,0.22,0.22,0.22,0.22,0.22
210,,0.2,0.2,0.2,0.2,0.2,0.2,0.2,0.2
211,,0.18,0.18,0.18,0.18,0.18,0.18,0.18,0.18
212,,0.16,0.16,0.16,0.16,0.16,0.16,0.16,0.16
213,,0.14,0.14,0.14,0.14,0.14,0.14,0.14,0.14
214,,0.12,0.12,0.12,0.12,0.12,0.12,0.12,0.12
215,,0.1,0.1,0.1,0.1,0.1,0.1,0.1,0.1
216,,0.08,0.08,0.08,0.08,0.08,0.08,0.08,0.08
217,,0.06,0.06,0.06,0.06,0.06,0.06,0.06,0.06
218,,0.04,0.04,0.04,0.04,0.04,0.04,0.04,0.04
219,,0.02,0.02,0.02,0.02,0.02,0.02,0.02,0.02
220,,0.0,0.0,0.0,0.0,0.0,0.0,0.0,0.0
221,,-0.02,-0.02,-0.02,-0.02,-0.02,-0.02,-0.02,-0.02
222,4,0.219,0.36,0.501,0.98,0.501,0.36,0.219,0.16
223,4,0.458,0.74,1.0,1.0,1.0,0.74,0.458,0.34
224,,0.438,0.72,0.98,0.98,0.98,0.72,0.438,0.32
225,,0.418,0.7,0.96,0.96,0.96,0.7,0.418,0.3
226,,0.398,0.68,0.94,0.94,0.94,0.68,0.398,0.28
227,,0.378,0.66,0.92,0.92,0.92,0.66,0.378,0.26
228,,0.358,0.64,0.9,0.9,0.9,0.64,0.358,0.24
229,,0.338,0.62,0.88,0.88,0.88,0.62,0.338,0.22
230,,0.318,0.6,0.86,0.86,0.86,0.6,0.318,0.2
231,,0.298,0.58,0.84,0.84,0.84,0.58,0.298,0.18
232,,0.278,0.56,0.82,0.82,0.82,0.56,0.278,0.16
233,,0.258,0.54,0.8,0.8,0.8,0.54,0.258,0.14
234,,0.238,0.52,0.78,0.78,0.78,0.52,0.238,0.12
235,,0.218,0.5,0.76,0.76,0.76,0.5,0.218,0.1
236,,0.198,0.48,0.74,0.74,0.74,0.48,0.198,0.08
237,,0.178,0.46,0.72,0.72,0.72,0.46,0.178,0.06
238,,0.158,0.44,0.7,0.7,0.7,0.44,0.158,0.04
239,,0.138,0.42,0.68,0.68,0.68,0.42,0.138,0.02
240,,0.118,0.4,0.66,0.66,0.66,0.4,0.118,0.0
241,,0.098,0.38,0.64,0.64,0.64,0.38,0.098,-0.02
242,8,0.619,0.76,0.879,0.82,0.879,0.76,0.619,0.98
243,8,1.0,1.0,1.0,1.0,1.0,1.0,1.0,1.0
244,,0.98,0.98,0.98,0.98,0.98,0.98,0.98,0.98
245,,0.96,0.96,0.96,0.96,0.96,0.96,0.96,0.96
246,,0.94,0.94,0.94,0.94,0.94,0.94,0.94,0.94
247,,0.92,0.92,0.92,0.92,0.92,0.92,0.92,0.92
248,,0.9,0.9,0.9,0.9,0.9,0.9,0.9,0.9
249,,0.88,0.88,0.88,0.88,0.88,0.88,0.88,0.88
250,,0.86,0.86,0.86,0.86,0.86,0.86,0.86,0.86
251,,0.84,0.84,0.84,0.84,0.84,0.84,0.84,0.84
252,,0.82,0.82,0.82,0.82,0.82,0.82,0.82,0.82
253,,0.8,0.8,0.8,0.8,0.8,0.8,0.8,0.8
254,,0.78,0.78,0.78,0.78,0.78,0.78,0.78,0.78
255,,0.76,0.76,0.76,0.76,0.76,0.76,0.76,0.76
256,,0.74,0.74,0.74,0.74,0.74,0.74,0.74,0.74
257,,0.72,0.72,0.72,0.72,0.72,0.72,0.72,0.72
258,,0.7,0.7,0.7,0.7,0.7,0.7,0.7,0.7
259,,0.68,0.68,0.68,0.68,0.68,0.68,0.68,0.68
260,,0.66,0.66,0.66,0.66,0.66,0.66,0.66,0.66
261,,0.64,0.64,0.64,0.64,0.64,0.64,0.64,0.64
262,,0.62,0.62,0.62,0.62,0.62,0.62,0.62,0.62
263,,0.6,0.6,0.6,0.6,0.6,0.6,0.6,0.6
264,,0.58,0.58,0.58,0.58,0.58,0.58,0.58,0.58
265,,0.56,0.56,0.56,0.56,0.56,0.56,0.56,0.56
266,,0.54,0.54,0.54,0.54,0.54,0.54,0.54,0.54
267,,0.52,0.52,0.52,0.52,0.52,0.52,0.52,0.52
268,,0.5,0.5,0.5,0.5,0.5,0.5,0.5,0.5
269,,0.48,0.48,0.48,0.48,0.48,0.48,0.48,0.48
270,,0.46,0.46,0.46,0.46,0.46,0.46,0.46,0.46
271,,0.44,0.44,0.44,0.44,0.44,0.44,0.44,0.44
272,,0.42,0.42,0.42,0.42,0.42,0.42,0.42,0.42
273,,0.4,0.4,0.4,0.4,0.4,0.4,0.4,0.4
274,,0.38,0.38,0.38,0.38,0.38,0.38,0.38,0.38
275,,0.36,0.36,0.36,0.36,0.36,0.36,0.36,0.36
276,,0.34,0.34,0.34,0.34,0.34,0.34,0.34,0.34
277,,0.32,0.32,0.32,0.32,0.32,0.32,0.32,0.32
278,,0.3,0.3,0.3,0.3,0.3,0.3,0.3,0.3
279,,0.28,0.28,0.28,0.28,0.28,0.28,0.28,0.28
280,,0.26,0.26,0.26,0.26,0.26,0.26,0.26,0.26
281,,0.24,0.24,0.24,0.24,0.24,0.24,0.24,0.24
282,,0.22,0.22,0.22,0.22,0.22,0.22,0.22,0.22
283,,0.2,0.2,0.2,0.2,0.2,0.2,0.2,0.2
284,,0.18,0.18,0.18,0.18,0.18,0.18,0.18,0.18
285,,0.16,0.16,0.16,0.16,0.16,0.16,0.16,0.16
286,,0.14,0.14,0.14,0.14,0.14,0.14,0.14,0.14
287,,0.12,0.12,0.12,0.12,0.12,0.12,0.12,0.12
288,,0.1,0.1,0.1,0.1,0.1,0.1,0.1,0.1
289,,0.08,0.08,0.08,0.08,0.08,0.08,0.08,0.08
290,,0.06,0.06,0.06,0.06,0.06,0.06,0.06,0.06
291,,0.04,0.04,0.04,0.04,0.04,0.04,0.04,0.04
292,,0.02,0.02,0.02,0.02,0.02,0.02,0.02,0.02
293,,0.0,0.0,0.0,0.0,0.0,0.0,0.0,0.0
294,,-0.02,-0.02,-0.02,-0.02,-0.02,-0.02,-0.02,-0.02
295,7,0.36,0.219,0.16,0.219,0.36,0.501,0.98,0.501
296,7,0.74,0.458,0.34,0.458,0.74,1.0,1.0,1.0
297,,0.72,0.438,0.32,0.438,0.72,0.98,0.98,0.98
298,,0.7,0.418,0.3,0.418,0.7,0.96,0.96,0.96
299,,0.68,0.398,0.28,0.398,0.68,0.94,0.94,0.94
300,,0.66,0.378,0.26,0.378,0.66,0.92,0.92,0.92
301,,0.64,0.358,0.24,0.358,0.64,0.9,0.9,0.9
302,,0.62,0.338,0.22,0.338,0.62,0.88,0.88,0.88
303,,0.6,0.318,0.2,0.318,0.6,0.86,0.86,0.86
304,,0.58,0.298,0.18,0.298,0.58,0.84,0.84,0.84
305,,0.56,0.278,0.16,0.278,0.56,0.82,0.82,0.82
306,,0.54,0.258,0.14,0.258,0.54,0.8,0.8,0.8
307,,0.52,0.238,0.12,0.238,0.52,0.78,0.78,0.78
308,,0.5,0.218,0.1,0.218,0.5,0.76,0.76,0.76
309,,0.48,0.198,0.08,0.198,0.48,0.74,0.74,0.74
310,,0.46,0.178,0.06,0.178,0.46,0.72,0.72,0.72
311,,0.44,0.158,0.04,0.158,0.44,0.7,0.7,0.7
312,,0.42,0.138,0.02,0.138,0.42,0.68,0.68,0.68
313,,0.4,0.118,0.0,0.118,0.4,0.66,0.66,0.66
314,,0.38,0.098,-0.02,0.098,0.38,0.64,0.64,0.64
315,3,0.76,0.619,0.98,0.619,0.76,0.879,0.82,0.879
316,3,1.0,1.0,1.0,1.0,1.0,1.0,1.0,1.0
317,,0.98,0.98,0.98,0.98,0.98,0.98,0.98,0.98
318,,0.96,0.96,0.96,0.96,0.96,0.96,0.96,0.96
319,,0.94,0.94,0.94,0.94,0.94,0.94,0.94,0.94
320,,0.92,0.92,0.92,0.92,0.92,0.92,0.92,0.92
321,,0.9,0.9,0.9,0.9,0.9,0.9,0.9,0.9
322,,0.88,0.88,0.88,0.88,0.88,0.88,0.88,0.88
323,,0.86,0.86,0.86,0.86,0.86,0.86,0.86,0.86
324,,0.84,0.84,0.84,0.84,0.84,0.84,0.84,0.84
325,,0.82,0.82,0.82,0.82,0.82,0.82,0.82,0.82
326,,0.8,0.8,0.8,0.8,0.8,0.8,0.8,0.8
327,,0.78,0.78,0.78,0.78,0.78,0.78,0.78,0.78
328,,0.76,0.76,0.76,0.76,0.76,0.76,0.76,0.76
329,,0.74,0.74,0.74,0.74,0.74,0.74,0.74,0.74
330,,0.72,0.72,0.72,0.72,0.72,0.72,0.72,0.72
331,,0.7,0.7,0.7,0.7,0.7,0.7,0.7,0.7
332,,0.68,0.68,0.68,0.68,0.68,0.68,0.68,0.68
333,,0.66,0.66,0.66,0.66,0.66,0.66,0.66,0.66
334,,0.64,0.64,0.64,0.64,0.64,0.64,0.64,0.64
335,,0.62,0.62,0.62,0.62,0.62,0.62,0.62,0.62
336,,0.6,0.6,0.6,0.6,0.6,0.6,0.6,0.6
337,,0.58,0.58,0.58,0.58,0.58,0.58,0.58,0.58
338,,0.56,0.56,0.56,0.56,0.56,0.56,0.56,0.56
339,,0.54,0.54,0.54,0.54,0.54,0.54,0.54,0.54
340,,0.52,0.52,0.52,0.52,0.52,0.52,0.52,0.52
341,,0.5,0.5,0.5,0.5,0.5,0.5,0.5,0.5
342,,0.48,0.48,0.48,0.48,0.48,0.48,0.48,0.48
343,,0.46,0.46,0.46,0.46,0.46,0.46,0.46,0.46
344,,0.44,0.44,0.44,0.44,0.44,0.44,0.44,0.44
345,,0.42,0.42,0.42,0.42,0.42,0.42,0.42,0.42
346,,0.4,0.4,0.4,0.4,0.4,0.4,0.4,0.4
347,,0.38,0.38,0.38,0.38,0.38,0.38,0.38,0.38
348,,0.36,0.36,0.36,0.36,0.36,0.36,0.36,0.36
349,,0.34,0.34,0.34,0.34,0.34,0.34,0.34,0.34
350,,0.32,0.32,0.32,0.32,0.32,0.32,0.32,0.32
351,,0.3,0.3,0.3,0.3,0.3,0.3,0.3,0.3
352,,0.28,0.28,0.28,0.28,0.28,0.28,0.28,0.28
353,,0.26,0.26,0.26,0.26,0.26,0.26,0.26,0.26
354,,0.24,0.24,0.24,0.24,0.24,0.24,0.24,0.24
355,,0.22,0.22,0.22,0.22,0.22,0.22,0.22,0.22
356,,0.2,0.2,0.2,0.2,0.2,0.2,0.2,0.2
357,,0.18,0.18,0.18,0.18,0.18,0.18,0.18,0.18
358,,0.16,0.16,0.16,0.16,0.16,0.16,0.16,0.16
359,,0.14,0.14,0.14,0.14,0.14,0.14,0.14,0.14
360,,0.12,0.12,0.12,0.12,0.12,0.12,0.12,0.12
361,,0.1,0.1,0.1,0.1,0.1,0.1,0.1,0.1
362,,0.08,0.08,0.08,0.08,0.08,0.08,0.08,0.08
363,,0.06,0.06,0.06,0.06,0.06,0.06,0.06,0.06
364,,0.04,0.04,0.04,0.04,0.04,0.04,0.04,0.04
365,,0.02,0.02,0.02,0.02,0.02,0.02,0.02,0.02
366,,0.0,0.0,0.0,0.0,0.0,0.0,0.0,0.0
367,,-0.02,-0.02,-0.02,-0.02,-0.02,-0.02,-0.02,-0.02
368,5,0.16,0.219,0.36,0.501,0.98,0.501,0.36,0.219
369,5,0.34,0.458,0.74,1.0,1.0,1.0,0.74,0.458
370,,0.32,0.438,0.72,0.98,0.98,0.98,0.72,0.438
371,,0.3,0.418,0.7,0.96,0.96,0.96,0.7,0.418
372,,0.28,0.398,0.68,0.94,0.94,0.94,0.68,0.398
373,,0.26,0.378,0.66,0.92,0.92,0.92,0.66,0.378
374,,0.24,0.358,0.64,0.9,0.9,0.9,0.64,0.358
375,,0.22,0.338,0.62,0.88,0.88,0.88,0.62,0.338
376,,0.2,0.318,0.6,0.86,0.86,0.86,0.6,0.318
377,,0.18,0.298,0.58,0.84,0.84,0.84,0.58,0.298
378,,0.16,0.278,0.56,0.82,0.82,0.82,0.56,0.278
379,,0.14,0.258,0.54,0.8,0.8,0.8,0.54,0.258
380,,0.12,0.238,0.52,0.78,0.78,0.78,0.52,0.238
381,,0.1,0.218,0.5,0.76,0.76,0.76,0.5,0.218
382,,0.08,0.198,0.48,0.74,0.74,0.74,0.48,0.198
383,,0.06,0.178,0.46,0.72,0.72,0.72,0.46,0.178
384,,0.04,0.158,0.44,0.7,0.7,0.7,0.44,0.158
385,,0.02,0.138,0.42,0.68,0.68,0.68,0.42,0.138
386,,0.0,0.118,0.4,0.66,0.66,0.66,0.4,0.118
387,,-0.02,0.098,0.38,0.64,0.64,0.64,0.38,0.098
388,1,0.98,0.619,0.76,0.879,0.82,0.879,0.76,0.619
389,1,1.0,1.0,1.0,1.0,1.0,1.0,1.0,1.0
390,,0.98,0.98,0.98,0.98,0.98,0.98,0.98,0.98
391,,0.96,0.96,0.96,0.96,0.96,0.96,0.96,0.96
392,,0.94,0.94,0.94,0.94,0.94,0.94,0.94,0.94
393,,0.92,0.92,0.92,0.92,0.92,0.92,0.92,0.92
394,,0.9,0.9,0.9,0.9,0.9,0.9,0.9,0.9
395,,0.88,0.88,0.88,0.88,0.88,0.88,0.88,0.88
396,,0.86,0.86,0.86,0.86,0.86,0.86,0.86,0.86
397,,0.84,0.84,0.84,0.84,0.84,0.84,0.84,0.84
398,,0.82,0.82,0.82,0.82,0.82,0.82,0.82,0.82
399,,0.8,0.8,0.8,0.8,0.8,0.8,0.8,0.8
400,,0.78,0.78,0.78,0.78,0.78,0.78,0.78,0.78
401,,0.76,0.76,0.76,0.76,0.76,0.76,0.76,0.76
402,,0.74,0.74,0.74,0.74,0.74,0.74,0.74,0.74
403,,0.72,0.72,0.72,0.72,0.72,0.72,0.72,0.72
404,,0.7,0.7,0.7,0.7,0.7,0.7,0.7,0.7
405,,0.68,0.68,0.68,0.68,0.68,0.68,0.68,0.68
406,,0.66,0.66,0.66,0.66,0.66,0.66,0.66,0.66
407,,0.64,0.64,0.64,0.64,0.64,0.64,0.64,0.64
408,,0.62,0.62,0.62,0.62,0.62,0.62,0.62,0.62
409,,0.6,0.6,0.6,0.6,0.6,0.6,0.6,0.6
410,,0.58,0.58,0.58,0.58,0.58,0.58,0.58,0.58
411,,0.56,0.56,0.56,0.56,0.56,0.56,0.56,0.56
412,,0.54,0.54,0.54,0.54,0.54,0.54,0.54,0.54
413,,0.52,0.52,0.52,0.52,0.52,0.52,0.52,0.52
414,,0.5,0.5,0.5,0.5,0.5,0.5,0.5,0.5
415,,0.48,0.48,0.48,0.48,0.48,0.48,0.48,0.48
416,,0.46,0.46,0.46,0.46,0.46,0.46,0.46,0.46
417,,0.44,0.44,0.44,0.44,0.44,0.44,0.44,0.44
418,,0.42,0.42,0.42,0.42,0.42,0.42,0.42,0.42
419,,0.4,0.4,0.4,0.4,0.4,0.4,0.4,0.4
420,,0.38,0.38,0.38,0.38,0.38,0.38,0.38,0.38
421,,0.36,0.36,0.36,0.36,0.36,0.36,0.36,0.36
422,,0.34,0.34,0.34,0.34,0.34,0.34,0.34,0.34
423,,0.32,0.32,0.32,0.32,0.32,0.32,0.32,0.32
424,,0.3,0.3,0.3,0.3,0.3,0.3,0.3,0.3
425,,0.28,0.28,0.28,0.28,0.28,0.28,0.28,0.28
426,,0.26,0.26,0.26,0.26,0.26,0.26,0.26,0.26
427,,0.24,0.24,0.24,0.24,0.24,0.24,0.24,0.24
428,,0.22,0.22,0.22,0.22,0.22,0.22,0.22,0.22
429,,0.2,0.2,0.2,0.2,0.2,0.2,0.2,0.2
430,,0.18,0.18,0.18,0.18,0.18,0.18,0.18,0.18
431,,0.16,0.16,0.16,0.16,0.16,0.16,0.16,0.16
432,,0.14,0.14,0.14,0.14,0.14,0.14,0.14,0.14
433,,0.12,0.12,0.12,0.12,0.12,0.12,0.12,0.12
434,,0.1,0.1,0.1,0.1,0.1,0.1,0.1,0.1
435,,0.08,0.08,0.08,0.08,0.08,0.08,0.08,0.08
436,,0.06,0.06,0.06,0.06,0.06,0.06,0.06,0.06
437,,0.04,0.04,0.04,0.04,0.04,0.04,0.04,0.04
438,,0.02,0.02,0.02,0.02,0.02,0.02,0.02,0.02
439,,0.0,0.0,0.0,0.0,0.0,0.0,0.0,0.0
440,,-0.02,-0.02,-0.02,-0.02,-0.02,-0.02,-0.02,-0.02
441,5,0.16,0.219,0.36,0.501,0.98,0.501,0.36,0.219
442,5,0.34,0.458,0.74,1.0,1.0,1.0,0.74,0.458
443,,0.32,0.438,0.72,0.98,0.98,0.98,0.72,0.438
444,,0.3,0.418,0.7,0.96,0.96,0.96,0.7,0.418
445,,0.28,0.398,0.68,0.94,0.94,0.94,0.68,0.398
446,,0.26,0.378,0.66,0.92,0.92,0.92,0.66,0.378
447,,0.24,0.358,0.64,0.9,0.9,0.9,0.64,0.358
448,,0.22,0.338,0.62,0.88,0.88,0.88,0.62,0.338
449,,0.2,0.318,0.6,0.86,0.86,0.86,0.6,0.318
450,,0.18,0.298,0.58,0.84,0.84,0.84,0.58,0.298
451,,0.16,0.278,0.56,0.82,0.82,0.82,0.56,0.278
452,,0.14,0.258,0.54,0.8,0.8,0.8,0.54,0.258
453,,0.12,0.238,0.52,0.78,0.78,0.78,0.52,0.238
454,,0.1,0.218,0.5,0.76,0.76,0.76,0.5,0.218
455,,0.08,0.198,0.48,0.74,0.74,0.74,0.48,0.198
456,,0.06,0.178,0.46,0.72,0.72,0.72,0.46,0.178
457,,0.04,0.158,0.44,0.7,0.7,0.7,0.44,0.158
458,,0.02,0.138,0.42,0.68,0.68,0.68,0.42,0.138
459,,0.0,0.118,0.4,0.66,0.66,0.66,0.4,0.118
460,,-0.02,0.098,0.38,0.64,0.64,0.64,0.38,0.098
461,1,0.98,0.619,0.76,0.879,0.82,0.879,0.76,0.619
462,1,1.0,1.0,1.0,1.0,1.0,1.0,1.0,1.0
463,,0.98,0.98,0.98,0.98,0.98,0.98,0.98,0.98
464,,0.96,0.96,0.96,0.96,0.96,0.96,0.96,0.96
465,,0.94,0.94,0.94,0.94,0.94,0.94,0.94,0.94
466,,0.92,0.92,0.92,0.92,0.92,0.92,0.92,0.92
467,,0.9,0.9,0.9,0.9,0.9,0.9,0.9,0.9
468,,0.88,0.88,0.88,0.88,0.88,0.88,0.88,0.88
469,,0.86,0.86,0.86,0.86,0.86,0.86,0.86,0.86
470,,0.84,0.84,0.84,0.84,0.84,0.84,0.84,0.84
471,,0.82,0.82,0.82,0.82,0.82,0.82,0.82,0.82
472,,0.8,0.8,0.8,0.8,0.8,0.8,0.8,0.8
473,,0.78,0.78,0.78,0.78,0.78,0.78,0.78,0.78
474,,0.76,0.76,0.76,0.76,0.76,0.76,0.76,0.76
475,,0.74,0.74,0.74,0.74,0.74,0.74,0.74,0.74
476,,0.72,0.72,0.72,0.72,0.72,0.72,0.72,0.72
477,,0.7,0.7,0.7,0.7,0.7,0.7,0.7,0.7
478,,0.68,0.68,0.68,0.68,0.68,0.68,0.68,0.68
479,,0.66,0.66,0.66,0.66,0.66,0.66,0.66,0.66
480,,0.64,0.64,0.64,0.64,0.64,0.64,0.64,0.64
481,,0.62,0.62,0.62,0.62,0.62,0.62,0.62,0.62
482,,0.6,0.6,0.6,0.6,0.6,0.6,0.6,0.6
483,,0.58,0.58,0.58,0.58,0.58,0.58,0.58,0.58
484,,0.56,0.56,0.56,0.56,0.56,0.56,0.56,0.56
485,,0.54,0.54,0.54,0.54,0.54,0.54,0.54,0.54
486,,0.52,0.52,0.52,0.52,0.52,0.52,0.52,0.52
487,,0.5,0.5,0.5,0.5,0.5,0.5,0.5,0.5
488,,0.48,0.48,0.48,0.48,0.48,0.48,0.48,0.48
489,,0.46,0.46,0.46,0.46,0.46,0.46,0.46,0.46
490,,0.44,0.44,0.44,0.44,0.44,0.44,0.44,0.44
491,,0.42,0.42,0.42,0.42,0.42,0.42,0.42,0.42
492,,0.4,0.4,0.4,0.4,0.4,0.4,0.4,0.4
493,,0.38,0.38,0.38,0.38,0.38,0.38,0.38,0.38
494,,0.36,0.36,0.36,0.36,0.36,0.36,0.36,0.36
495,,0.34,0.34,0.34,0.34,0.34,0.34,0.34,0.34
496,,0.32,0.32,0.32,0.32,0.32,0.32,0.32,0.32
497,,0.3,0.3,0.3,0.3,0.3,0.3,0.3,0.3
498,,0.28,0.28,0.28,0.28,0.28,0.28,0.28,0.28
499,,0.26,0.26,0.26,0.26,0.26,0.26,0.26,0.26
500,,0.24,0.24,0.24,0.24,0.24,0.24,0.24,0.24
501,,0.22,0.22,0.22,0.22,0.22,0.22,0.22,0.22
502,,0.2,0.2,0.2,0.2,0.2,0.2,0.2,0.2
503,,0.18,0.18,0.18,0.18,0.18,0.18,0.18,0.18
504,,0.16,0.16,0.16,0.16,0.16,0.16,0.16,0.16
505,,0.14,0.14,0.14,0.14,0.14,0.14,0.14,0.14
506,,0.12,0.12,0.12,0.12,0.12,0.12,0.12,0.12
507,,0.1,0.1,0.1,0.1,0.1,0.1,0.1,0.1
508,,0.08,0.08,0.08,0.08,0.08,0.08,0.08,0.08
509,,0.06,0.06,0.06,0.06,0.06,0.06,0.06,0.06
510,,0.04,0.04,0.04,0.04,0.04,0.04,0.04,0.04
511,,0.02,0.02,0.02,0.02,0.02,0.02,0.02,0.02
512,,0.0,0.0,0.0,0.0,0.0,0.0,0.0,0.0
513,,-0.02,-0.02,-0.02,-0.02,-0.02,-0.02,-0.02,-0.02
514,8,0.501,0.36,0.219,0.16,0.219,0.36,0.501,0.98
515,8,1.0,0.74,0.458,0.34,0.458,0.74,1.0,1.0
516,,0.98,0.72,0.438,0.32,0.438,0.72,0.98,0.98
517,,0.96,0.7,0.418,0.3,0.418,0.7,0.96,0.96
518,,0.94,0.68,0.398,0.28,0.398,0.68,0.94,0.94
519,,0.92,0.66,0.378,0.26,0.378,0.66,0.92,0.92
520,,0.9,0.64,0.358,0.24,0.358,0.64,0.9,0.9
521,,0.88,0.62,0.338,0.22,0.338,0.62,0.88,0.88
522,,0.86,0.6,0.318,0.2,0.318,0.6,0.86,0.86
523,,0.84,0.58,0.298,0.18,0.298,0.58,0.84,0.84
524,,0.82,0.56,0.278,0.16,0.278,0.56,0.82,0.82
525,,0.8,0.54,0.258,0.14,0.258,0.54,0.8,0.8
526,,0.78,0.52,0.238,0.12,0.238,0.52,0.78,0.78
527,,0.76,0.5,0.218,0.1,0.218,0.5,0.76,0.76
528,,0.74,0.48,0.198,0.08,0.198,0.48,0.74,0.74
529,,0.72,0.46,0.178,0.06,0.178,0.46,0.72,0.72
530,,0.7,0.44,0.158,0.04,0.158,0.44,0.7,0.7
531,,0.68,0.42,0.138,0.02,0.138,0.42,0.68,0.68
532,,0.66,0.4,0.118,0.0,0.118,0.4,0.66,0.66
533,,0.64,0.38,0.098,-0.02,0.098,0.38,0.64,0.64
534,4,0.879,0.76,0.619,0.98,0.619,0.76,0.879,0.82
535,4,1.0,1.0,1.0,1.0,1.0,1.0,1.0,1.0
536,,0.98,0.98,0.98,0.98,0.98,0.98,0.98,0.98
537,,0.96,0.96,0.96,0.96,0.96,0.96,0.96,0.96
538,,0.94,0.94,0.94,0.94,0.94,0.94,0.94,0.94
539,,0.92,0.92,0.92,0.92,0.92,0.92,0.92,0.92
540,,0.9,0.9,0.9,0.9,0.9,0.9,0.9,0.9
541,,0.88,0.88,0.88,0.88,0.88,0.88,0.88,0.88
542,,0.86,0.86,0.86,0.86,0.86,0.86,0.86,0.86
543,,0.84,0.84,0.84,0.84,0.84,0.84,0.84,0.84
544,,0.82,0.82,0.82,0.82,0.82,0.82,0.82,0.82
545,,0.8,0.8,0.8,0.8,0.8,0.8,0.8,0.8
546,,0.78,0.78,0.78,0.78,0.78,0.78,0.78,0.78
547,,0.76,0.76,0.76,0.76,0.76,0.76,0.76,0.76
548,,0.74,0.74,0.74,0.74,0.74,0.74,0.74,0.74
549,,0.72,0.72,0.72,0.72,0.72,0.72,0.72,0.72
550,,0.7,0.7,0.7,0.7,0.7,0.7,0.7,0.7
551,,0.68,0.68,0.68,0.68,0.68,0.68,0.68,0.68
552,,0.66,0.66,0.66,0.66,0.66,0.66,0.66,0.66
553,,0.64,0.64,0.64,0.64,0.64,0.64,0.64,0.64
554,,0.62,0.62,0.62,0.62,0.62,0.62,0.62,0.62
555,,0.6,0.6,0.6,0.6,0.6,0.6,0.6,0.6
556,,0.58,0.58,0.58,0.58,0.58,0.58,0.58,0.58
557,,0.56,0.56,0.56,0.56,0.56,0.56,0.56,0.56
558,,0.54,0.54,0.54,0.54,0.54,0.54,0.54,0.54
559,,0.52,0.52,0.52,0.52,0.52,0.52,0.52,0.52
560,,0.5,0.5,0.5,0.5,0.5,0.5,0.5,0.5
561,,0.48,0.48,0.48,0.48,0.48,0.48,0.48,0.48
562,,0.46,0.46,0.46,0.46,0.46,0.46,0.46,0.46
563,,0.44,0.44,0.44,0.44,0.44,0.44,0.44,0.44
564,,0.42,0.42,0.42,0.42,0.42,0.42,0.42,0.42
565,,0.4,0.4,0.4,0.4,0.4,0.4,0.4,0.4
566,,0.38,0.38,0.38,0.38,0.38,0.38,0.38,0.38
567,,0.36,0.36,0.36,0.36,0.36,0.36,0.36,0.36
568,,0.34,0.34,0.34,0.34,0.34,0.34,0.34,0.34
569,,0.32,0.32,0.32,0.32,0.32,0.32,0.32,0.32
570,,0.3,0.3,0.3,0.3,0.3,0.3,0.3,0.3
571,,0.28,0.28,0.28,0.28,0.28,0.28,0.28,0.28
572,,0.26,0.26,0.26,0.26,0.26,0.26,0.26,0.26
573,,0.24,0.24,0.24,0.24,0.24,0.24,0.24,0.24
574,,0.22,0.22,0.22,0.22,0.22,0.22,0.22,0.22
575,,0.2,0.2,0.2,0.2,0.2,0.2,0.2,0.2
576,,0.18,0.18,0.18,0.18,0.18,0.18,0.18,0.18
577,,0.16,0.16,0.16,0.16,0.16,0.16,0.16,0.16
578,,0.14,0.14,0.14,0.14,0.14,0.14,0.14,0.14
579,,0.12,0.12,0.12,0.12,0.12,0.12,0.12,0.12
580,,0.1,0.1,0.1,0.1,0.1,0.1,0.1,0.1
581,,0.08,0.08,0.08,0.08,0.08,0.08,0.08,0.08
582,,0.06,0.06,0.06,0.06,0.06,0.06,0.06,0.06
583,,0.04,0.04,0.04,0.04,0.04,0.04,0.04,0.04
584,,0.02,0.02,0.02,0.02,0.02,0.02,0.02,0.02
585,,0.0,0.0,0.0,0.0,0.0,0.0,0.0,0.0
586,,-0.02,-0.02,-0.02,-0.02,-0.02,-0.02,-0.02,-0.02
587,7,0.36,0.219,0.16,0.219,0.36,0.501,0.98,0.501
588,7,0.74,0.458,0.34,0.458,0.74,1.0,1.0,1.0
589,,0.72,0.438,0.32,0.438,0.72,0.98,0.98,0.98
590,,0.7,0.418,0.3,0.418,0.7,0.96,0.96,0.96
591,,0.68,0.398,0.28,0.398,0.68,0.94,0.94,0.94
592,,0.66,0.378,0.26,0.378,0.66,0.92,0.92,0.92
593,,0.64,0.358,0.24,0.358,0.64,0.9,0.9,0.9
594,,0.62,0.338,0.22,0.338,0.62,0.88,0.88,0.88
595,,0.6,0.318,0.2,0.318,0.6,0.86,0.86,0.86
596,,0.58,0.298,0.18,0.298,0.58,0.84,0.84,0.84
597,,0.56,0.278,0.16,0.278,0.56,0.82,0.82,0.82
598,,0.54,0.258,0.14,0.258,0.54,0.8,0.8,0.8
599,,0.52,0.238,0.12,0.238,0.52,0.78,0.78,0.78
600,,0.5,0.218,0.1,0.218,0.5,0.76,0.76,0.76
601,,0.48,0.198,0.08,0.198,0.48,0.74,0.74,0.74
602,,0.46,0.178,0.06,0.178,0.46,0.72,0.72,0.72
603,,0.44,0.158,0.04,0.158,0.44,0.7,0.7,0.7
604,,0.42,0.138,0.02,0.138,0.42,0.68,0.68,0.68
605,,0.4,0.118,0.0,0.118,0.4,0.66,0.66,0.66
606,,0.38,0.098,-0.02,0.098,0.38,0.64,0.64,0.64
607,3,0.76,0.619,0.98,0.619,0.76,0.879,0.82,0.879
608,3,1.0,1.0,1.0,1.0,1.0,1.0,1.0,1.0
609,,0.98,0.98,0.98,0.98,0.98,0.98,0.98,0.98
610,,0.96,0.96,0.96,0.96,0.96,0.96,0.96,0.96
611,,0.94,0.94,0.94,0.94,0.94,0.94,0.94,0.94
612,,0.92,0.92,0.92,0.92,0.92,0.92,0.92,0.92
613,,0.9,0.9,0.9,0.9,0.9,0.9,0.9,0.9
614,,0.88,0.88,0.88,0.88,0.88,0.88,0.88,0.88
615,,0.86,0.86,0.86,0.86,0.86,0.86,0.86,0.86
616,,0.84,0.84,0.84,0.84,0.84,0.84,0.84,0.84
617,,0.82,0.82,0.82,0.82,0.82,0.82,0.82,0.82
618,,0.8,0.8,0.8,0.8,0.8,0.8,0.8,0.8
619,,0.78,0.78,0.78,0.78,0.78,0.78,0.78,0.78
620,,0.76,0.76,0.76,0.76,0.76,0.76,0.76,0.76
621,,0.74,0.74,0.74,0.74,0.74,0.74,0.74,0.74
622,,0.72,0.72,0.72,0.72,0.72,0.72,0.72,0.72
623,,0.7,0.7,0.7,0.7,0.7,0.7,0.7,0.7
624,,0.68,0.68,0.68,0.68,0.68,0.68,0.68,0.68
625,,0.66,0.66,0.66,0.66,0.66,0.66,0.66,0.66
626,,0.64,0.64,0.64,0.64,0.64,0.64,0.64,0.64
627,,0.62,0.62,0.62,0.62,0.62,0.62,0.62,0.62
628,,0.6,0.6,0.6,0.6,0.6,0.6,0.6,0.6
629,,0.58,0.58,0.58,0.58,0.58,0.58,0.58,0.58
630,,0.56,0.56,0.56,0.56,0.56,0.56,0.56,0.56
631,,0.54,0.54,0.54,0.54,0.54,0.54,0.54,0.54
632,,0.52,0.52,0.52,0.52,0.52,0.52,0.52,0.52
633,,0.5,0.5,0.5,0.5,0.5,0.5,0.5,0.5
634,,0.48,0.48,0.48,0.48,0.48,0.48,0.48,0.48
635,,0.46,0.46,0.46,0.46,0.46,0.46,0.46,0.46
636,,0.44,0.44,0.44,0.44,0.44,0.44,0.44,0.44
637,,0.42,0.42,0.42,0.42,0.42,0.42,0.42,0.42
638,,0.4,0.4,0.4,0.4,0.4,0.4,0.4,0.4
639,,0.38,0.38,0.38,0.38,0.38,0.38,0.38,0.38
640,,0.36,0.36,0.36,0.36,0.36,0.36,0.36,0.36
641,,0.34,0.34,0.34,0.34,0.34,0.34,0.34,0.34
642,,0.32,0.32,0.32,0.32,0.32,0.32,0.32,0.32
643,,0.3,0.3,0.3,0.3,0.3,0.3,0.3,0.3
644,,0.28,0.28,0.28,0.28,0.28,0.28,0.28,0.28
645,,0.26,0.26,0.26,0.26,0.26,0.26,0.26,0.26
646,,0.24,0.24,0.24,0.24,0.24,0.24,0.24,0.24
647,,0.22,0.22,0.22,0.22,0.22,0.22,0.22,0.22
648,,0.2,0.2,0.2,0.2,0.2,0.2,0.2,0.2
649,,0.18,0.18,0.18,0.18,0.18,0.18,0.18,0.18
650,,0.16,0.16,0.16,0.16,0.16,0.16,0.16,0.16
651,,0.14,0.14,0.14,0.14,0.14,0.14,0.14,0.14
652,,0.12,0.12,0.12,0.12,0.12,0.12,0.12,0.12
653,,0.1,0.1,0.1,0.1,0.1,0.1,0.1,0.1
654,,0.08,0.08,0.08,0.08,0.08,0.08,0.08,0.08
655,,0.06,0.06,0.06,0.06,0.06,0.06,0.06,0.06
656,,0.04,0.04,0.04,0.04,0.04,0.04,0.04,0.04
657,,0.02,0.02,0.02,0.02,0.02,0.02,0.02,0.02
658,,0.0,0.0,0.0,0.0,0.0,0.0,0.0,0.0
659,,-0.02,-0.02,-0.02,-0.02,-0.02,-0.02,-0.02,-0.02
660,1,0.98,0.501,0.36,0.219,0.16,0.219,0.36,0.501
661,1,1.0,1.0,0.74,0.458,0.34,0.458,0.74,1.0
662,,0.98,0.98,0.72,0.438,0.32,0.438,0.72,0.98
663,,0.96,0.96,0.7,0.418,0.3,0.418,0.7,0.96
664,,0.94,0.94,0.68,0.398,0.28,0.398,0.68,0.94
665,,0.92,0.92,0.66,0.378,0.26,0.378,0.66,0.92
666,,0.9,0.9,0.64,0.358,0.24,0.358,0.64,0.9
667,,0.88,0.88,0.62,0.338,0.22,0.338,0.62,0.88
668,,0.86,0.86,0.6,0.318,0.2,0.318,0.6,0.86
669,,0.84,0.84,0.58,0.298,0.18,0.298,0.58,0.84
670,,0.82,0.82,0.56,0.278,0.16,0.278,0.56,0.82
671,,0.8,0.8,0.54,0.258,0.14,0.258,0.54,0.8
672,,0.78,0.78,0.52,0.238,0.12,0.238,0.52,0.78
673,,0.76,0.76,0.5,0.218,0.1,0.218,0.5,0.76
674,,0.74,0.74,0.48,0.198,0.08,0.198,0.48,0.74
675,,0.72,0.72,0.46,0.178,0.06,0.178,0.46,0.72
676,,0.7,0.7,0.44,0.158,0.04,0.158,0.44,0.7
677,,0.68,0.68,0.42,0.138,0.02,0.138,0.42,0.68
678,,0.66,0.66,0.4,0.118,0.0,0.118,0.4,0.66
679,,0.64,0.64,0.38,0.098,-0.02,0.098,0.38,0.64
680,5,0.82,0.879,0.76,0.619,0.98,0.619,0.76,0.879
681,5,1.0,1.0,1.0,1.0,1.0,1.0,1.0,1.0
682,,0.98,0.98,0.98,0.98,0.98,0.98,0.98,0.98
683,,0.96,0.96,0.96,0.96,0.96,0.96,0.96,0.96
684,,0.94,0.94,0.94,0.94,0.94,0.94,0.94,0.94
685,,0.92,0.92,0.92,0.92,0.92,0.92,0.92,0.92
686,,0.9,0.9,0.9,0.9,0.9,0.9,0.9,0.9
687,,0.88,0.88,0.88,0.88,0.88,0.88,0.88,0.88
688,,0.86,0.86,0.86,0.86,0.86,0.86,0.86,0.86
689,,0.84,0.84,0.84,0.84,0.84,0.84,0.84,0.84
690,,0.82,0.82,0.82,0.82,0.82,0.82,0.82,0.82
691,,0.8,0.8,0.8,0.8,0.8,0.8,0.8,0.8
692,,0.78,0.78,0.78,0.78,0.78,0.78,0.78,0.78
693,,0.76,0.76,0.76,0.76,0.76,0.76,0.76,0.76
694,,0.74,0.74,0.74,0.74,0.74,0.74,0.74,0.74
695,,0.72,0.72,0.72,0.72,0.72,0.72,0.72,0.72
696,,0.7,0.7,0.7,0.7,0.7,0.7,0.7,0.7
697,,0.68,0.68,0.68,0.68,0.68,0.68,0.68,0.68
698,,0.66,0.66,0.66,0.66,0.66,0.66,0.66,0.66
699,,0.64,0.64,0.64,0.64,0.64,0.64,0.64,0.64
700,,0.62,0.62,0.62,0.62,0.62,0.62,0.62,0.62
701,,0.6,0.6,0.6,0.6,0.6,0.6,0.6,0.6
702,,0.58,0.58,0.58,0.58,0.58,0.58,0.58,0.58
703,,0.56,0.56,0.56,0.56,0.56,0.56,0.56,0.56
704,,0.54,0.54,0.54,0.54,0.54,0.54,0.54,0.54
705,,0.52,0.52,0.52,0.52,0.52,0.52,0.52,0.52
706,,0.5,0.5,0.5,0.5,0.5,0.5,0.5,0.5
707,,0.48,0.48,0.48,0.48,0.48,0.48,0.48,0.48
708,,0.46,0.46,0.46,0.46,0.46,0.46,0.46,0.46
709,,0.44,0.44,0.44,0.44,0.44,0.44,0.44,0.44
710,,0.42,0.42,0.42,0.42,0.42,0.42,0.42,0.42
711,,0.4,0.4,0.4,0.4,0.4,0.4,0.4,0.4
712,,0.38,0.38,0.38,0.38,0.38,0.38,0.38,0.38
713,,0.36,0.36,0.36,0.36,0.36,0.36,0.36,0.36
714,,0.34,0.34,0.34,0.34,0.34,0.34,0.34,0.34
715,,0.32,0.32,0.32,0.32,0.32,0.32,0.32,0.32
716,,0.3,0.3,0.3,0.3,0.3,0.3,0.3,0.3
717,,0.28,0.28,0.28,0.28,0.28,0.28,0.28,0.28
718,,0.26,0.26,0.26,0.26,0.26,0.26,0.26,0.26
719,,0.24,0.24,0.24,0.24,0.24,0.24,0.24,0.24
720,,0.22,0.22,0.22,0.22,0.22,0.22,0.22,0.22
721,,0.2,0.2,0.2,0.2,0.2,0.2,0.2,0.2
722,,0.18,0.18,0.18,0.18,0.18,0.18,0.18,0.18
723,,0.16,0.16,0.16,0.16,0.16,0.16,0.16,0.16
724,,0.14,0.14,0.14,0.14,0.14,0.14,0.14,0.14
725,,0.12,0.12,0.12,0.12,0.12,0.12,0.12,0.12
726,,0.1,0.1,0.1,0.1,0.1,0.1,0.1,0.1
727,,0.08,0.08,0.08,0.08,0.08,0.08,0.08,0.08
728,,0.06,0.06,0.06,0.06,0.06,0.06,0.06,0.06
729,,0.04,0.04,0.04,0.04,0.04,0.04,0.04,0.04
730,,0.02,0.02,0.02,0.02,0.02,0.02,0.02,0.02
731,,0.0,0.0,0.0,0.0,0.0,0.0,0.0,0.0
732,,-0.02,-0.02,-0.02,-0.02,-0.02,-0.02,-0.02,-0.02
733,8,0.501,0.36,0.219,0.16,0.219,0.36,0.501,0.98
734,8,1.0,0.74,0.458,0.34,0.458,0.74,1.0,1.0
735,,0.98,0.72,0.438,0.32,0.438,0.72,0.98,0.98
736,,0.96,0.7,0.418,0.3,0.418,0.7,0.96,0.96
737,,0.94,0.68,0.398,0.28,0.398,0.68,0.94,0.94
738,,0.92,0.66,0.378,0.26,0.378,0.66,0.92,0.92
739,,0.9,0.64,0.358,0.24,0.358,0.64,0.9,0.9
740,,0.88,0.62,0.338,0.22,0.338,0.62,0.88,0.88
741,,0.86,0.6,0.318,0.2,0.318,0.6,0.86,0.86
742,,0.84,0.58,0.298,0.18,0.298,0.58,0.84,0.84
743,,0.82,0.56,0.278,0.16,0.278,0.56,0.82,0.82
744,,0.8,0.54,0.258,0.14,0.258,0.54,0.8,0.8
745,,0.78,0.52,0.238,0.12,0.238,0.52,0.78,0.78
746,,0.76,0.5,0.218,0.1,0.218,0.5,0.76,0.76
747,,0.74,0.48,0.198,0.08,0.198,0.48,0.74,0.74
748,,0.72,0.46,0.178,0.06,0.178,0.46,0.72,0.72
749,,0.7,0.44,0.158,0.04,0.158,0.44,0.7,0.7
750,,0.68,0.42,0.138,0.02,0.138,0.42,0.68,0.68
751,,0.66,0.4,0.118,0.0,0.118,0.4,0.66,0.66
752,,0.64,0.38,0.098,-0.02,0.098,0.38,0.64,0.64
753,4,0.879,0.76,0.619,0.98,0.619,0.76,0.879,0.82
754,4,1.0,1.0,1.0,1.0,1.0,1.0,1.0,1.0
755,,0.98,0.98,0.98,0.98,0.98,0.98,0.98,0.98
756,,0.96,0.96,0.96,0.96,0.96,0.96,0.96,0.96
757,,0.94,0.94,0.94,0.94,0.94,0.94,0.94,0.94
758,,0.92,0.92,0.92,0.92,0.92,0.92,0.92,0.92
759,,0.9,0.9,0.9,0.9,0.9,0.9,0.9,0.9
760,,0.88,0.88,0.88,0.88,0.88,0.88,0.88,0.88
761,,0.86,0.86,0.86,0.86,0.86,0.86,0.86,0.86
762,,0.84,0.84,0.84,0.84,0.84,0.84,0.84,0.84
763,,0.82,0.82,0.82,0.82,0.82,0.82,0.82,0.82
764,,0.8,0.8,0.8,0.8,0.8,0.8,0.8,0.8
765,,0.78,0.78,0.78,0.78,0.78,0.78,0.78,0.78
766,,0.76,0.76,0.76,0.76,0.76,0.76,0.76,0.76
767,,0.74,0.74,0.74,0.74,0.74,0.74,0.74,0.74
768,,0.72,0.72,0.72,0.72,0.72,0.72,0.72,0.72
769,,0.7,0.7,0.7,0.7,0.7,0.7,0.7,0.7
770,,0.68,0.68,0.68,0.68,0.68,0.68,0.68,0.68
771,,0.66,0.66,0.66,0.66,0.66,0.66,0.66,0.66
772,,0.64,0.64,0.64,0.64,0.64,0.64,0.64,0.64
773,,0.62,0.62,0.62,0.62,0.62,0.62,0.62,0.62
774,,0.6,0.6,0.6,0.6,0.6,0.6,0.6,0.6
775,,0.58,0.58,0.58,0.58,0.58,0.58,0.58,0.58
776,,0.56,0.56,0.56,0.56,0.56,0.56,0.56,0.56
777,,0.54,0.54,0.54,0.54,0.54,0.54,0.54,0.54
778,,0.52,0.52,0.52,0.52,0.52,0.52,0.52,0.52
779,,0.5,0.5,0.5,0.5,0.5,0.5,0.5,0.5
780,,0.48,0.48,0.48,0.48,0.48,0.48,0.48,0.48
781,,0.46,0.46,0.46,0.46,0.46,0.46,0.46,0.46
782,,0.44,0.44,0.44,0.44,0.44,0.44,0.44,0.44
783,,0.42,0.42,0.42,0.42,0.42,0.42,0.42,0.42
784,,0.4,0.4,0.4,0.4,0.4,0.4,0.4,0.4
785,,0.38,0.38,0.38,0.38,0.38,0.38,0.38,0.38
786,,0.36,0.36,0.36,0.36,0.36,0.36,0.36,0.36
787,,0.34,0.34,0.34,0.34,0.34,0.34,0.34,0.34
788,,0.32,0.32,0.32,0.32,0.32,0.32,0.32,0.32
789,,0.3,0.3,0.3,0.3,0.3,0.3,0.3,0.3
790,,0.28,0.28,0.28,0.28,0.28,0.28,0.28,0.28
791,,0.26,0.26,0.26,0.26,0.26,0.26,0.26,0.26
792,,0.24,0.24,0.24,0.24,0.24,0.24,0.24,0.24
793,,0.22,0.22,0.22,0.22,0.22,0.22,0.22,0.22
794,,0.2,0.2,0.2,0.2,0.2,0.2,0.2,0.2
795,,0.18,0.18,0.18,0.18,0.18,0.18,0.18,0.18
796,,0.16,0.16,0.16,0.16,0.16,0.16,0.16,0.16
797,,0.14,0.14,0.14,0.14,0.14,0.14,0.14,0.14
798,,0.12,0.12,0.12,0.12,0.12,0.12,0.12,0.12
799,,0.1,0.1,0.1,0.1,0.1,0.1,0.1,0.1
800,,0.08,0.08,0.08,0.08,0.08,0.08,0.08,0.08
801,,0.06,0.06,0.06,0.06,0.06,0.06,0.06,0.06
802,,0.04,0.04,0.04,0.04,0.04,0.04,0.04,0.04
803,,0.02,0.02,0.02,0.02,0.02,0.02,0.02,0.02
804,,0.0,0.0,0.0,0.0,0.0,0.0,0.0,0.0
805,,-0.02,-0.02,-0.02,-0.02,-0.02,-0.02,-0.02,-0.02
806,3,0.36,0.501,0.98,0.501,0.36,0.219,0.16,0.219
807,3,0.74,1.0,1.0,1.0,0.74,0.458,0.34,0.458
808,,0.72,0.98,0.98,0.98,0.72,0.438,0.32,0.438
809,,0.7,0.96,0.96,0.96,0.7,0.418,0.3,0.418
810,,0.68,0.94,0.94,0.94,0.68,0.398,0.28,0.398
811,,0.66,0.92,0.92,0.92,0.66,0.378,0.26,0.378
812,,0.64,0.9,0.9,0.9,0.64,0.358,0.24,0.358
813,,0.62,0.88,0.88,0.88,0.62,0.338,0.22,0.338
814,,0.6,0.86,0.86,0.86,0.6,0.318,0.2,0.318
815,,0.58,0.84,0.84,0.84,0.58,0.298,0.18,0.298
816,,0.56,0.82,0.82,0.82,0.56,0.278,0.16,0.278
817,,0.54,0.8,0.8,0.8,0.54,0.258,0.14,0.258
818,,0.52,0.78,0.78,0.78,0.52,0.238,0.12,0.238
819,,0.5,0.76,0.76,0.76,0.5,0.218,0.1,0.218
820,,0.48,0.74,0.74,0.74,0.48,0.198,0.08,0.198
821,,0.46,0.72,0.72,0.72,0.46,0.178,0.06,0.178
822,,0.44,0.7,0.7,0.7,0.44,0.158,0.04,0.158
823,,0.42,0.68,0.68,0.68,0.42,0.138,0.02,0.138
824,,0.4,0.66,0.66,0.66,0.4,0.118,0.0,0.118
825,,0.38,0.64,0.64,0.64,0.38,0.098,-0.02,0.098
826,7,0.76,0.879,0.82,0.879,0.76,0.619,0.98,0.619
827,7,1.0,1.0,1.0,1.0,1.0,1.0,1.0,1.0
828,,0.98,0.98,0.98,0.98,0.98,0.98,0.98,0.98
829,,0.96,0.96,0.96,0.96,0.96,0.96,0.96,0.96
830,,0.94,0.94,0.94,0.94,0.94,0.94,0.94,0.94
831,,0.92,0.92,0.92,0.92,0.92,0.92,0.92,0.92
832,,0.9,0.9,0.9,0.9,0.9,0.9,0.9,0.9
833,,0.88,0.88,0.88,0.88,0.88,0.88,0.88,0.88
834,,0.86,0.86,0.86,0.86,0.86,0.86,0.86,0.86
835,,0.84,0.84,0.84,0.84,0.84,0.84,0.84,0.84
836,,0.82,0.82,0.82,0.82,0.82,0.82,0.82,0.82
837,,0.8,0.8,0.8,0.8,0.8,0.8,0.8,0.8
838,,0.78,0.78,0.78,0.78,0.78,0.78,0.78,0.78
839,,0.76,0.76,0.76,0.76,0.76,0.76,0.76,0.76
840,,0.74,0.74,0.74,0.74,0.74,0.74,0.74,0.74
841,,0.72,0.72,0.72,0.72,0.72,0.72,0.72,0.72
842,,0.7,0.7,0.7,0.7,0.7,0.7,0.7,0.7
843,,0.68,0.68,0.68,0.68,0.68,0.68,0.68,0.68
844,,0.66,0.66,0.66,0.66,0.66,0.66,0.66,0.66
845,,0.64,0.64,0.64,0.64,0.64,0.64,0.64,0.64
846,,0.62,0.62,0.62,0.62,0.62,0.62,0.62,0.62
847,,0.6,0.6,0.6,0.6,0.6,0.6,0.6,0.6
848,,0.58,0.58,0.58,0.58,0.58,0.58,0.58,0.58
849,,0.56,0.56,0.56,0.56,0.56,0.56,0.56,0.56
850,,0.54,0.54,0.54,0.54,0.54,0.54,0.54,0.54
851,,0.52,0.52,0.52,0.52,0.52,0.52,0.52,0.52
852,,0.5,0.5,0.5,0.5,0.5,0.5,0.5,0.5
853,,0.48,0.48,0.48,0.48,0.48,0.48,0.48,0.48
854,,0.46,0.46,0.46,0.46,0.46,0.46,0.46,0.46
855,,0.44,0.44,0.44,0.44,0.44,0.44,0.44,0.44
856,,0.42,0.42,0.42,0.42,0.42,0.42,0.42,0.42
857,,0.4,0.4,0.4,0.4,0.4,0.4,0.4,0.4
858,,0.38,0.38,0.38,0.38,0.38,0.38,0.38,0.38
859,,0.36,0.36,0.36,0.36,0.36,0.36,0.36,0.36
860,,0.34,0.34,0.34,0.34,0.34,0.34,0.34,0.34
861,,0.32,0.32,0.32,0.32,0.32,0.32,0.32,0.32
862,,0.3,0.3,0.3,0.3,0.3,0.3,0.3,0.3
863,,0.28,0.28,0.28,0.28,0.28,0.28,0.28,0.28
864,,0.26,0.26,0.26,0.26,0.26,0.26,0.26,0.26
865,,0.24,0.24,0.24,0.24,0.24,0.24,0.24,0.24
866,,0.22,0.22,0.22,0.22,0.22,0.22,0.22,0.22
867,,0.2,0.2,0.2,0.2,0.2,0.2,0.2,0.2
868,,0.18,0.18,0.18,0.18,0.18,0.18,0.18,0.18
869,,0.16,0.16,0.16,0.16,0.16,0.16,0.16,0.16
870,,0.14,0.14,0.14,0.14,0.14,0.14,0.14,0.14
871,,0.12,0.12,0.12,0.12,0.12,0.12,0.12,0.12
872,,0.1,0.1,0.1,0.1,0.1,0.1,0.1,0.1
873,,0.08,0.08,0.08,0.08,0.08,0.08,0.08,0.08
874,,0.06,0.06,0.06,0.06,0.06,0.06,0.06,0.06
875,,0.04,0.04,0.04,0.04,0.04,0.04,0.04,0.04
876,,0.02,0.02,0.02,0.02,0.02,0.02,0.02,0.02
877,,0.0,0.0,0.0,0.0,0.0,0.0,0.0,0.0
878,,-0.02,-0.02,-0.02,-0.02,-0.02,-0.02,-0.02,-0.02
879,8,0.501,0.36,0.219,0.16,0.219,0.36,0.501,0.98
880,8,1.0,0.74,0.458,0.34,0.458,0.74,1.0,1.0
881,,0.98,0.72,0.438,0.32,0.438,0.72,0.98,0.98
882,,0.96,0.7,0.418,0.3,0.418,0.7,0.96,0.96
883,,0.94,0.68,0.398,0.28,0.398,0.68,0.94,0.94
884,,0.92,0.66,0.378,0.26,0.378,0.66,0.92,0.92
885,,0.9,0.64,0.358,0.24,0.358,0.64,0.9,0.9
886,,0.88,0.62,0.338,0.22,0.338,0.62,0.88,0.88
887,,0.86,0.6,0.318,0.2,0.318,0.6,0.86,0.86
888,,0.84,0.58,0.298,0.18,0.298,0.58,0.84,0.84
889,,0.82,0.56,0.278,0.16,0.278,0.56,0.82,0.82
890,,0.8,0.54,0.258,0.14,0.258,0.54,0.8,0.8
891,,0.78,0.52,0.238,0.12,0.238,0.52,0.78,0.78
892,,0.76,0.5,0.218,0.1,0.218,0.5,0.76,0.76
893,,0.74,0.48,0.198,0.08,0.198,0.48,0.74,0.74
