step,active_motive,motive_1,motive_2,motive_3,motive_4,motive_5,motive_6,motive_7,motive_8
0,,0.36019,0.12706,0.52224,0.76999,0.21582,0.62289,0.08535,0.05168
1,,0.34019,0.10706,0.50224,0.74999,0.19582,0.60289,0.06535,0.03168
2,,0.32019,0.08706,0.48224,0.72999,0.17582,0.58289,0.04535,0.01168
3,,0.30019,0.06706,0.46224,0.70999,0.15582,0.56289,0.02535,-0.00832
4,8,0.69219,0.24706,0.43024,0.58999,0.12382,0.74289,0.41735,0.99168
5,8,1.0,0.42706,0.39824,0.46999,0.09182,0.92289,0.80935,1.0
6,,0.98,0.40706,0.37824,0.44999,0.07182,0.90289,0.78935,0.98
7,,0.96,0.38706,0.35824,0.42999,0.05182,0.88289,0.76935,0.96
8,,0.94,0.36706,0.33824,0.40999,0.03182,0.86289,0.74935,0.94
9,,0.92,0.34706,0.31824,0.38999,0.01182,0.84289,0.72935,0.92
10,,0.9,0.32706,0.29824,0.36999,-0.00818,0.82289,0.70935,0.9
11,5,0.78,0.29506,0.47824,0.76199,0.99182,1.0,0.88935,0.868
12,5,0.66,0.26306,0.65824,1.0,1.0,1.0,1.0,0.836
13,,0.64,0.24306,0.63824,0.98,0.98,0.98,0.98,0.816
14,,0.62,0.22306,0.61824,0.96,0.96,0.96,0.96,0.796
15,,0.6,0.20306,0.59824,0.94,0.94,0.94,0.94,0.776
16,,0.58,0.18306,0.57824,0.92,0.92,0.92,0.92,0.756
17,,0.56,0.16306,0.55824,0.9,0.9,0.9,0.9,0.736
18,,0.54,0.14306,0.53824,0.88,0.88,0.88,0.88,0.716
19,,0.52,0.12306,0.51824,0.86,0.86,0.86,0.86,0.696
20,,0.5,0.10306,0.49824,0.84,0.84,0.84,0.84,0.676
21,,0.48,0.08306,0.47824,0.82,0.82,0.82,0.82,0.656
22,,0.46,0.06306,0.45824,0.8,0.8,0.8,0.8,0.636
23,,0.44,0.04306,0.43824,0.78,0.78,0.78,0.78,0.616
24,,0.42,0.02306,0.41824,0.76,0.76,0.76,0.76,0.596
25,,0.4,0.00306,0.39824,0.74,0.74,0.74,0.74,0.576
26,,0.38,-0.01694,0.37824,0.72,0.72,0.72,0.72,0.556
27,2,0.772,0.98306,0.77024,0.9,0.688,0.6,0.688,0.736
28,2,1.0,1.0,1.0,1.0,0.656,0.48,0.656,0.916
29,,0.98,0.98,0.98,0.98,0.636,0.46,0.636,0.896
30,,0.96,0.96,0.96,0.96,0.616,0.44,0.616,0.876
31,,0.94,0.94,0.94,0.94,0.596,0.42,0.596,0.856
32,,0.92,0.92,0.92,0.92,0.576,0.4,0.576,0.836
33,,0.9,0.9,0.9,0.9,0.556,0.38,0.556,0.816
34,,0.88,0.88,0.88,0.88,0.536,0.36,0.536,0.796
35,,0.86,0.86,0.86,0.86,0.516,0.34,0.516,0.776
36,,0.84,0.84,0.84,0.84,0.496,0.32,0.496,0.756
37,,0.82,0.82,0.82,0.82,0.476,0.3,0.476,0.736
38,,0.8,0.8,0.8,0.8,0.456,0.28,0.456,0.716
39,,0.78,0.78,0.78,0.78,0.436,0.26,0.436,0.696
40,,0.76,0.76,0.76,0.76,0.416,0.24,0.416,0.676
41,,0.74,0.74,0.74,0.74,0.396,0.22,0.396,0.656
42,,0.72,0.72,0.72,0.72,0.376,0.2,0.376,0.636
43,,0.7,0.7,0.7,0.7,0.356,0.18,0.356,0.616
44,,0.68,0.68,0.68,0.68,0.336,0.16,0.336,0.596
45,,0.66,0.66,0.66,0.66,0.316,0.14,0.316,0.576
46,,0.64,0.64,0.64,0.64,0.296,0.12,0.296,0.556
47,,0.62,0.62,0.62,0.62,0.276,0.1,0.276,0.536
48,,0.6,0.6,0.6,0.6,0.256,0.08,0.256,0.516
49,,0.58,0.58,0.58,0.58,0.236,0.06,0.236,0.496
50,,0.56,0.56,0.56,0.56,0.216,0.04,0.216,0.476
51,,0.54,0.54,0.54,0.54,0.196,0.02,0.196,0.456
52,,0.52,0.52,0.52,0.52,0.176,0.0,0.176,0.436
53,,0.5,0.5,0.5,0.5,0.156,-0.02,0.156,0.416
54,6,0.468,0.38,0.468,0.68,0.548,0.98,0.548,0.596
55,6,0.436,0.26,0.436,0.86,0.94,1.0,0.94,0.776
56,,0.416,0.24,0.416,0.84,0.92,0.98,0.92,0.756
57,,0.396,0.22,0.396,0.82,0.9,0.96,0.9,0.736
58,,0.376,0.2,0.376,0.8,0.88,0.94,0.88,0.716
59,,0.356,0.18,0.356,0.78,0.86,0.92,0.86,0.696
60,,0.336,0.16,0.336,0.76,0.84,0.9,0.84,0.676
61,,0.316,0.14,0.316,0.74,0.82,0.88,0.82,0.656
62,,0.296,0.12,0.296,0.72,0.8,0.86,0.8,0.636
63,,0.276,0.1,0.276,0.7,0.78,0.84,0.78,0.616
64,,0.256,0.08,0.256,0.68,0.76,0.82,0.76,0.596
65,,0.236,0.06,0.236,0.66,0.74,0.8,0.74,0.576
66,,0.216,0.04,0.216,0.64,0.72,0.78,0.72,0.556
67,,0.196,0.02,0.196,0.62,0.7,0.76,0.7,0.536
68,,0.176,0.0,0.176,0.6,0.68,0.74,0.68,0.516
69,,0.156,-0.02,0.156,0.58,0.66,0.72,0.66,0.496
70,2,0.548,0.98,0.548,0.76,0.628,0.6,0.628,0.676
71,2,0.94,1.0,0.94,0.94,0.596,0.48,0.596,0.856
72,,0.92,0.98,0.92,0.92,0.576,0.46,0.576,0.836
73,,0.9,0.96,0.9,0.9,0.556,0.44,0.556,0.816
74,,0.88,0.94,0.88,0.88,0.536,0.42,0.536,0.796
75,,0.86,0.92,0.86,0.86,0.516,0.4,0.516,0.776
76,,0.84,0.9,0.84,0.84,0.496,0.38,0.496,0.756
77,,0.82,0.88,0.82,0.82,0.476,0.36,0.476,0.736
78,,0.8,0.86,0.8,0.8,0.456,0.34,0.456,0.716
79,,0.78,0.84,0.78,0.78,0.436,0.32,0.436,0.696
80,,0.76,0.82,0.76,0.76,0.416,0.3,0.416,0.676
81,,0.74,0.8,0.74,0.74,0.396,0.28,0.396,0.656
82,,0.72,0.78,0.72,0.72,0.376,0.26,0.376,0.636
83,,0.7,0.76,0.7,0.7,0.356,0.24,0.356,0.616
84,,0.68,0.74,0.68,0.68,0.336,0.22,0.336,0.596
85,,0.66,0.72,0.66,0.66,0.316,0.2,0.316,0.576
86,,0.64,0.7,0.64,0.64,0.296,0.18,0.296,0.556
87,,0.62,0.68,0.62,0.62,0.276,0.16,0.276,0.536
88,,0.6,0.66,0.6,0.6,0.256,0.14,0.256,0.516
89,,0.58,0.64,0.58,0.58,0.236,0.12,0.236,0.496
90,,0.56,0.62,0.56,0.56,0.216,0.1,0.216,0.476
91,,0.54,0.6,0.54,0.54,0.196,0.08,0.196,0.456
92,,0.52,0.58,0.52,0.52,0.176,0.06,0.176,0.436
93,,0.5,0.56,0.5,0.5,0.156,0.04,0.156,0.416
94,,0.48,0.54,0.48,0.48,0.136,0.02,0.136,0.396
95,,0.46,0.52,0.46,0.46,0.116,0.0,0.116,0.376
96,,0.44,0.5,0.44,0.44,0.096,-0.02,0.096,0.356
97,6,0.408,0.38,0.408,0.62,0.488,0.98,0.488,0.536
98,6,0.376,0.26,0.376,0.8,0.88,1.0,0.88,0.716
99,,0.356,0.24,0.356,0.78,0.86,0.98,0.86,0.696
100,,0.336,0.22,0.336,0.76,0.84,0.96,0.84,0.676
101,,0.316,0.2,0.316,0.74,0.82,0.94,0.82,0.656
102,,0.296,0.18,0.296,0.72,0.8,0.92,0.8,0.636
103,,0.276,0.16,0.276,0.7,0.78,0.9,0.78,0.616
104,,0.256,0.14,0.256,0.68,0.76,0.88,0.76,0.596
105,,0.236,0.12,0.236,0.66,0.74,0.86,0.74,0.576
106,,0.216,0.1,0.216,0.64,0.72,0.84,0.72,0.556
107,,0.196,0.08,0.196,0.62,0.7,0.82,0.7,0.536
108,,0.176,0.06,0.176,0.6,0.68,0.8,0.68,0.516
109,,0.156,0.04,0.156,0.58,0.66,0.78,0.66,0.496
110,,0.136,0.02,0.136,0.56,0.64,0.76,0.64,0.476
111,,0.116,0.0,0.116,0.54,0.62,0.74,0.62,0.456
112,,0.096,-0.02,0.096,0.52,0.6,0.72,0.6,0.436
113,2,0.488,0.98,0.488,0.7,0.568,0.6,0.568,0.616
114,2,0.88,1.0,0.88,0.88,0.536,0.48,0.536,0.796
115,,0.86,0.98,0.86,0.86,0.516,0.46,0.516,0.776
116,,0.84,0.96,0.84,0.84,0.496,0.44,0.496,0.756
117,,0.82,0.94,0.82,0.82,0.476,0.42,0.476,0.736
118,,0.8,0.92,0.8,0.8,0.456,0.4,0.456,0.716
119,,0.78,0.9,0.78,0.78,0.436,0.38,0.436,0.696
120,,0.76,0.88,0.76,0.76,0.416,0.36,0.416,0.676
121,,0.74,0.86,0.74,0.74,0.396,0.34,0.396,0.656
122,,0.72,0.84,0.72,0.72,0.376,0.32,0.376,0.636
123,,0.7,0.82,0.7,0.7,0.356,0.3,0.356,0.616
124,,0.68,0.8,0.68,0.68,0.336,0.28,0.336,0.596
125,,0.66,0.78,0.66,0.66,0.316,0.26,0.316,0.576
126,,0.64,0.76,0.64,0.64,0.296,0.24,0.296,0.556
127,,0.62,0.74,0.62,0.62,0.276,0.22,0.276,0.536
128,,0.6,0.72,0.6,0.6,0.256,0.2,0.256,0.516
129,,0.58,0.7,0.58,0.58,0.236,0.18,0.236,0.496
130,,0.56,0.68,0.56,0.56,0.216,0.16,0.216,0.476
131,,0.54,0.66,0.54,0.54,0.196,0.14,0.196,0.456
132,,0.52,0.64,0.52,0.52,0.176,0.12,0.176,0.436
133,,0.5,0.62,0.5,0.5,0.156,0.1,0.156,0.416
134,,0.48,0.6,0.48,0.48,0.136,0.08,0.136,0.396
135,,0.46,0.58,0.46,0.46,0.116,0.06,0.116,0.376
136,,0.44,0.56,0.44,0.44,0.096,0.04,0.096,0.356
137,,0.42,0.54,0.42,0.42,0.076,0.02,0.076,0.336
138,,0.4,0.52,0.4,0.4,0.056,0.0,0.056,0.316
139,,0.38,0.5,0.38,0.38,0.036,-0.02,0.036,0.296
140,6,0.348,0.38,0.348,0.56,0.428,0.98,0.428,0.476
141,6,0.316,0.26,0.316,0.74,0.82,1.0,0.82,0.656
142,,0.296,0.24,0.296,0.72,0.8,0.98,0.8,0.636
143,,0.276,0.22,0.276,0.7,0.78,0.96,0.78,0.616
144,,0.256,0.2,0.256,0.68,0.76,0.94,0.76,0.596
145,,0.236,0.18,0.236,0.66,0.74,0.92,0.74,0.576
146,,0.216,0.16,0.216,0.64,0.72,0.9,0.72,0.556
147,,0.196,0.14,0.196,0.62,0.7,0.88,0.7,0.536
148,,0.176,0.12,0.176,0.6,0.68,0.86,0.68,0.516
149,,0.156,0.1,0.156,0.58,0.66,0.84,0.66,0.496
150,,0.136,0.08,0.136,0.56,0.64,0.82,0.64,0.476
151,,0.116,0.06,0.116,0.54,0.62,0.8,0.62,0.456
152,,0.096,0.04,0.096,0.52,0.6,0.78,0.6,0.436
153,,0.076,0.02,0.076,0.5,0.58,0.76,0.58,0.416
154,,0.056,0.0,0.056,0.48,0.56,0.74,0.56,0.396
155,,0.036,-0.02,0.036,0.46,0.54,0.72,0.54,0.376
156,2,0.428,0.98,0.428,0.64,0.508,0.6,0.508,0.556
157,2,0.82,1.0,0.82,0.82,0.476,0.48,0.476,0.736
158,,0.8,0.98,0.8,0.8,0.456,0.46,0.456,0.716
159,,0.78,0.96,0.78,0.78,0.436,0.44,0.436,0.696
160,,0.76,0.94,0.76,0.76,0.416,0.42,0.416,0.676
161,,0.74,0.92,0.74,0.74,0.396,0.4,0.396,0.656
162,,0.72,0.9,0.72,0.72,0.376,0.38,0.376,0.636
163,,0.7,0.88,0.7,0.7,0.356,0.36,0.356,0.616
164,,0.68,0.86,0.68,0.68,0.336,0.34,0.336,0.596
165,,0.66,0.84,0.66,0.66,0.316,0.32,0.316,0.576
166,,0.64,0.82,0.64,0.64,0.296,0.3,0.296,0.556
167,,0.62,0.8,0.62,0.62,0.276,0.28,0.276,0.536
168,,0.6,0.78,0.6,0.6,0.256,0.26,0.256,0.516
169,,0.58,0.76,0.58,0.58,0.236,0.24,0.236,0.496
170,,0.56,0.74,0.56,0.56,0.216,0.22,0.216,0.476
171,,0.54,0.72,0.54,0.54,0.196,0.2,0.196,0.456
172,,0.52,0.7,0.52,0.52,0.176,0.18,0.176,0.436
173,,0.5,0.68,0.5,0.5,0.156,0.16,0.156,0.416
174,,0.48,0.66,0.48,0.48,0.136,0.14,0.136,0.396
175,,0.46,0.64,0.46,0.46,0.116,0.12,0.116,0.376
176,,0.44,0.62,0.44,0.44,0.096,0.1,0.096,0.356
177,,0.42,0.6,0.42,0.42,0.076,0.08,0.076,0.336
178,,0.4,0.58,0.4,0.4,0.056,0.06,0.056,0.316
179,,0.38,0.56,0.38,0.38,0.036,0.04,0.036,0.296
180,,0.36,0.54,0.36,0.36,0.016,0.02,0.016,0.276
181,,0.34,0.52,0.34,0.34,-0.004,0.0,-0.004,0.256
182,7,0.52,0.488,0.22,0.308,0.176,0.392,0.996,0.648
183,7,0.7,0.456,0.1,0.276,0.356,0.784,1.0,1.0
184,,0.68,0.436,0.08,0.256,0.336,0.764,0.98,0.98
185,,0.66,0.416,0.06,0.236,0.316,0.744,0.96,0.96
186,,0.64,0.396,0.04,0.216,0.296,0.724,0.94,0.94
187,,0.62,0.376,0.02,0.196,0.276,0.704,0.92,0.92
188,,0.6,0.356,0.0,0.176,0.256,0.684,0.9,0.9
189,,0.58,0.336,-0.02,0.156,0.236,0.664,0.88,0.88
190,3,0.76,0.728,0.98,0.548,0.416,0.632,0.76,0.848
191,3,0.94,1.0,1.0,0.94,0.596,0.6,0.64,0.816
192,,0.92,0.98,0.98,0.92,0.576,0.58,0.62,0.796
193,,0.9,0.96,0.96,0.9,0.556,0.56,0.6,0.776
194,,0.88,0.94,0.94,0.88,0.536,0.54,0.58,0.756
195,,0.86,0.92,0.92,0.86,0.516,0.52,0.56,0.736
196,,0.84,0.9,0.9,0.84,0.496,0.5,0.54,0.716
197,,0.82,0.88,0.88,0.82,0.476,0.48,0.52,0.696
198,,0.8,0.86,0.86,0.8,0.456,0.46,0.5,0.676
199,,0.78,0.84,0.84,0.78,0.436,0.44,0.48,0.656
200,,0.76,0.82,0.82,0.76,0.416,0.42,0.46,0.636
201,,0.74,0.8,0.8,0.74,0.396,0.4,0.44,0.616
202,,0.72,0.78,0.78,0.72,0.376,0.38,0.42,0.596
203,,0.7,0.76,0.76,0.7,0.356,0.36,0.4,0.576
204,,0.68,0.74,0.74,0.68,0.336,0.34,0.38,0.556
205,,0.66,0.72,0.72,0.66,0.316,0.32,0.36,0.536
206,,0.64,0.7,0.7,0.64,0.296,0.3,0.34,0.516
207,,0.62,0.68,0.68,0.62,0.276,0.28,0.32,0.496
208,,0.6,0.66,0.66,0.6,0.256,0.26,0.3,0.476
209,,0.58,0.64,0.64,0.58,0.236,0.24,0.28,0.456
210,,0.56,0.62,0.62,0.56,0.216,0.22,0.26,0.436
211,,0.54,0.6,0.6,0.54,0.196,0.2,0.24,0.416
212,,0.52,0.58,0.58,0.52,0.176,0.18,0.22,0.396
213,,0.5,0.56,0.56,0.5,0.156,0.16,0.2,0.376
214,,0.48,0.54,0.54,0.48,0.136,0.14,0.18,0.356
215,,0.46,0.52,0.52,0.46,0.116,0.12,0.16,0.336
216,,0.44,0.5,0.5,0.44,0.096,0.1,0.14,0.316
217,,0.42,0.48,0.48,0.42,0.076,0.08,0.12,0.296
218,,0.4,0.46,0.46,0.4,0.056,0.06,0.1,0.276
219,,0.38,0.44,0.44,0.38,0.036,0.04,0.08,0.256
220,,0.36,0.42,0.42,0.36,0.016,0.02,0.06,0.236
221,,0.34,0.4,0.4,0.34,-0.004,0.0,0.04,0.216
222,5,0.22,0.368,0.58,0.732,0.996,0.392,0.22,0.184
223,5,0.1,0.336,0.76,1.0,1.0,0.784,0.4,0.152
224,,0.08,0.316,0.74,0.98,0.98,0.764,0.38,0.132
225,,0.06,0.296,0.72,0.96,0.96,0.744,0.36,0.112
226,,0.04,0.276,0.7,0.94,0.94,0.724,0.34,0.092
227,,0.02,0.256,0.68,0.92,0.92,0.704,0.32,0.072
228,,0.0,0.236,0.66,0.9,0.9,0.684,0.3,0.052
229,,-0.02,0.216,0.64,0.88,0.88,0.664,0.28,0.032
230,1,0.98,0.608,0.82,0.848,0.76,0.632,0.46,0.424
231,1,1.0,1.0,1.0,0.816,0.64,0.6,0.64,0.816
232,,0.98,0.98,0.98,0.796,0.62,0.58,0.62,0.796
233,,0.96,0.96,0.96,0.776,0.6,0.56,0.6,0.776
234,,0.94,0.94,0.94,0.756,0.58,0.54,0.58,0.756
235,,0.92,0.92,0.92,0.736,0.56,0.52,0.56,0.736
236,,0.9,0.9,0.9,0.716,0.54,0.5,0.54,0.716
237,,0.88,0.88,0.88,0.696,0.52,0.48,0.52,0.696
238,,0.86,0.86,0.86,0.676,0.5,0.46,0.5,0.676
239,,0.84,0.84,0.84,0.656,0.48,0.44,0.48,0.656
240,,0.82,0.82,0.82,0.636,0.46,0.42,0.46,0.636
241,,0.8,0.8,0.8,0.616,0.44,0.4,0.44,0.616
242,,0.78,0.78,0.78,0.596,0.42,0.38,0.42,0.596
243,,0.76,0.76,0.76,0.576,0.4,0.36,0.4,0.576
244,,0.74,0.74,0.74,0.556,0.38,0.34,0.38,0.556
245,,0.72,0.72,0.72,0.536,0.36,0.32,0.36,0.536
246,,0.7,0.7,0.7,0.516,0.34,0.3,0.34,0.516
247,,0.68,0.68,0.68,0.496,0.32,0.28,0.32,0.496
248,,0.66,0.66,0.66,0.476,0.3,0.26,0.3,0.476
249,,0.64,0.64,0.64,0.456,0.28,0.24,0.28,0.456
250,,0.62,0.62,0.62,0.436,0.26,0.22,0.26,0.436
251,,0.6,0.6,0.6,0.416,0.24,0.2,0.24,0.416
252,,0.58,0.58,0.58,0.396,0.22,0.18,0.22,0.396
253,,0.56,0.56,0.56,0.376,0.2,0.16,0.2,0.376
254,,0.54,0.54,0.54,0.356,0.18,0.14,0.18,0.356
255,,0.52,0.52,0.52,0.336,0.16,0.12,0.16,0.336
256,,0.5,0.5,0.5,0.316,0.14,0.1,0.14,0.316
257,,0.48,0.48,0.48,0.296,0.12,0.08,0.12,0.296
258,,0.46,0.46,0.46,0.276,0.1,0.06,0.1,0.276
259,,0.44,0.44,0.44,0.256,0.08,0.04,0.08,0.256
260,,0.42,0.42,0.42,0.236,0.06,0.02,0.06,0.236
261,,0.4,0.4,0.4,0.216,0.04,0.0,0.04,0.216
262,,0.38,0.38,0.38,0.196,0.02,-0.02,0.02,0.196
263,6,0.348,0.26,0.348,0.376,0.412,0.98,0.412,0.376
264,6,0.316,0.14,0.316,0.556,0.804,1.0,0.804,0.556
265,,0.296,0.12,0.296,0.536,0.784,0.98,0.784,0.536
266,,0.276,0.1,0.276,0.516,0.764,0.96,0.764,0.516
267,,0.256,0.08,0.256,0.496,0.744,0.94,0.744,0.496
268,,0.236,0.06,0.236,0.476,0.724,0.92,0.724,0.476
269,,0.216,0.04,0.216,0.456,0.704,0.9,0.704,0.456
270,,0.196,0.02,0.196,0.436,0.684,0.88,0.684,0.436
271,,0.176,0.0,0.176,0.416,0.664,0.86,0.664,0.416
272,,0.156,-0.02,0.156,0.396,0.644,0.84,0.644,0.396
273,2,0.548,0.98,0.548,0.576,0.612,0.72,0.612,0.576
274,2,0.94,1.0,0.94,0.756,0.58,0.6,0.58,0.756
275,,0.92,0.98,0.92,0.736,0.56,0.58,0.56,0.736
276,,0.9,0.96,0.9,0.716,0.54,0.56,0.54,0.716
277,,0.88,0.94,0.88,0.696,0.52,0.54,0.52,0.696
278,,0.86,0.92,0.86,0.676,0.5,0.52,0.5,0.676
279,,0.84,0.9,0.84,0.656,0.48,0.5,0.48,0.656
280,,0.82,0.88,0.82,0.636,0.46,0.48,0.46,0.636
281,,0.8,0.86,0.8,0.616,0.44,0.46,0.44,0.616
282,,0.78,0.84,0.78,0.596,0.42,0.44,0.42,0.596
283,,0.76,0.82,0.76,0.576,0.4,0.42,0.4,0.576
284,,0.74,0.8,0.74,0.556,0.38,0.4,0.38,0.556
285,,0.72,0.78,0.72,0.536,0.36,0.38,0.36,0.536
286,,0.7,0.76,0.7,0.516,0.34,0.36,0.34,0.516
287,,0.68,0.74,0.68,0.496,0.32,0.34,0.32,0.496
288,,0.66,0.72,0.66,0.476,0.3,0.32,0.3,0.476
289,,0.64,0.7,0.64,0.456,0.28,0.3,0.28,0.456
290,,0.62,0.68,0.62,0.436,0.26,0.28,0.26,0.436
291,,0.6,0.66,0.6,0.416,0.24,0.26,0.24,0.416
292,,0.58,0.64,0.58,0.396,0.22,0.24,0.22,0.396
293,,0.56,0.62,0.56,0.376,0.2,0.22,0.2,0.376
294,,0.54,0.6,0.54,0.356,0.18,0.2,0.18,0.356
295,,0.52,0.58,0.52,0.336,0.16,0.18,0.16,0.336
296,,0.5,0.56,0.5,0.316,0.14,0.16,0.14,0.316
297,,0.48,0.54,0.48,0.296,0.12,0.14,0.12,0.296
298,,0.46,0.52,0.46,0.276,0.1,0.12,0.1,0.276
299,,0.44,0.5,0.44,0.256,0.08,0.1,0.08,0.256
300,,0.42,0.48,0.42,0.236,0.06,0.08,0.06,0.236
301,,0.4,0.46,0.4,0.216,0.04,0.06,0.04,0.216
302,,0.38,0.44,0.38,0.196,0.02,0.04,0.02,0.196
303,,0.36,0.42,0.36,0.176,0.0,0.02,0.0,0.176
304,,0.34,0.4,0.34,0.156,-0.02,0.0,-0.02,0.156
305,7,0.52,0.368,0.22,0.124,0.16,0.392,0.98,0.548
306,7,0.7,0.336,0.1,0.092,0.34,0.784,1.0,0.94
307,,0.68,0.316,0.08,0.072,0.32,0.764,0.98,0.92
308,,0.66,0.296,0.06,0.052,0.3,0.744,0.96,0.9
309,,0.64,0.276,0.04,0.032,0.28,0.724,0.94,0.88
310,,0.62,0.256,0.02,0.012,0.26,0.704,0.92,0.86
311,,0.6,0.236,0.0,-0.008,0.24,0.684,0.9,0.84
312,4,0.568,0.416,0.392,0.992,0.632,0.864,0.868,0.72
313,4,0.536,0.596,0.784,1.0,1.0,1.0,0.836,0.6
314,,0.516,0.576,0.764,0.98,0.98,0.98,0.816,0.58
315,,0.496,0.556,0.744,0.96,0.96,0.96,0.796,0.56
316,,0.476,0.536,0.724,0.94,0.94,0.94,0.776,0.54
317,,0.456,0.516,0.704,0.92,0.92,0.92,0.756,0.52
318,,0.436,0.496,0.684,0.9,0.9,0.9,0.736,0.5
319,,0.416,0.476,0.664,0.88,0.88,0.88,0.716,0.48
320,,0.396,0.456,0.644,0.86,0.86,0.86,0.696,0.46
321,,0.376,0.436,0.624,0.84,0.84,0.84,0.676,0.44
322,,0.356,0.416,0.604,0.82,0.82,0.82,0.656,0.42
323,,0.336,0.396,0.584,0.8,0.8,0.8,0.636,0.4
324,,0.316,0.376,0.564,0.78,0.78,0.78,0.616,0.38
325,,0.296,0.356,0.544,0.76,0.76,0.76,0.596,0.36
326,,0.276,0.336,0.524,0.74,0.74,0.74,0.576,0.34
327,,0.256,0.316,0.504,0.72,0.72,0.72,0.556,0.32
328,,0.236,0.296,0.484,0.7,0.7,0.7,0.536,0.3
329,,0.216,0.276,0.464,0.68,0.68,0.68,0.516,0.28
330,,0.196,0.256,0.444,0.66,0.66,0.66,0.496,0.26
331,,0.176,0.236,0.424,0.64,0.64,0.64,0.476,0.24
332,,0.156,0.216,0.404,0.62,0.62,0.62,0.456,0.22
333,,0.136,0.196,0.384,0.6,0.6,0.6,0.436,0.2
334,,0.116,0.176,0.364,0.58,0.58,0.58,0.416,0.18
335,,0.096,0.156,0.344,0.56,0.56,0.56,0.396,0.16
336,,0.076,0.136,0.324,0.54,0.54,0.54,0.376,0.14
337,,0.056,0.116,0.304,0.52,0.52,0.52,0.356,0.12
338,,0.036,0.096,0.284,0.5,0.5,0.5,0.336,0.1
339,,0.016,0.076,0.264,0.48,0.48,0.48,0.316,0.08
340,,-0.004,0.056,0.244,0.46,0.46,0.46,0.296,0.06
341,1,0.996,0.448,0.424,0.428,0.34,0.428,0.476,0.452
342,1,1.0,0.84,0.604,0.396,0.22,0.396,0.656,0.844
343,,0.98,0.82,0.584,0.376,0.2,0.376,0.636,0.824
344,,0.96,0.8,0.564,0.356,0.18,0.356,0.616,0.804
345,,0.94,0.78,0.544,0.336,0.16,0.336,0.596,0.784
346,,0.92,0.76,0.524,0.316,0.14,0.316,0.576,0.764
347,,0.9,0.74,0.504,0.296,0.12,0.296,0.556,0.744
348,,0.88,0.72,0.484,0.276,0.1,0.276,0.536,0.724
349,,0.86,0.7,0.464,0.256,0.08,0.256,0.516,0.704
350,,0.84,0.68,0.444,0.236,0.06,0.236,0.496,0.684
351,,0.82,0.66,0.424,0.216,0.04,0.216,0.476,0.664
352,,0.8,0.64,0.404,0.196,0.02,0.196,0.456,0.644
353,,0.78,0.62,0.384,0.176,0.0,0.176,0.436,0.624
354,,0.76,0.6,0.364,0.156,-0.02,0.156,0.416,0.604
355,5,0.64,0.568,0.544,0.548,0.98,0.548,0.596,0.572
356,5,0.52,0.536,0.724,0.94,1.0,0.94,0.776,0.54
357,,0.5,0.516,0.704,0.92,0.98,0.92,0.756,0.52
358,,0.48,0.496,0.684,0.9,0.96,0.9,0.736,0.5
359,,0.46,0.476,0.664,0.88,0.94,0.88,0.716,0.48
360,,0.44,0.456,0.644,0.86,0.92,0.86,0.696,0.46
361,,0.42,0.436,0.624,0.84,0.9,0.84,0.676,0.44
362,,0.4,0.416,0.604,0.82,0.88,0.82,0.656,0.42
363,,0.38,0.396,0.584,0.8,0.86,0.8,0.636,0.4
364,,0.36,0.376,0.564,0.78,0.84,0.78,0.616,0.38
365,,0.34,0.356,0.544,0.76,0.82,0.76,0.596,0.36
366,,0.32,0.336,0.524,0.74,0.8,0.74,0.576,0.34
367,,0.3,0.316,0.504,0.72,0.78,0.72,0.556,0.32
368,,0.28,0.296,0.484,0.7,0.76,0.7,0.536,0.3
369,,0.26,0.276,0.464,0.68,0.74,0.68,0.516,0.28
370,,0.24,0.256,0.444,0.66,0.72,0.66,0.496,0.26
371,,0.22,0.236,0.424,0.64,0.7,0.64,0.476,0.24
372,,0.2,0.216,0.404,0.62,0.68,0.62,0.456,0.22
373,,0.18,0.196,0.384,0.6,0.66,0.6,0.436,0.2
374,,0.16,0.176,0.364,0.58,0.64,0.58,0.416,0.18
375,,0.14,0.156,0.344,0.56,0.62,0.56,0.396,0.16
376,,0.12,0.136,0.324,0.54,0.6,0.54,0.376,0.14
377,,0.1,0.116,0.304,0.52,0.58,0.52,0.356,0.12
378,,0.08,0.096,0.284,0.5,0.56,0.5,0.336,0.1
379,,0.06,0.076,0.264,0.48,0.54,0.48,0.316,0.08
380,,0.04,0.056,0.244,0.46,0.52,0.46,0.296,0.06
381,,0.02,0.036,0.224,0.44,0.5,0.44,0.276,0.04
382,,0.0,0.016,0.204,0.42,0.48,0.42,0.256,0.02
383,,-0.02,-0.004,0.184,0.4,0.46,0.4,0.236,0.0
384,1,0.98,0.388,0.364,0.368,0.34,0.368,0.416,0.392
385,1,1.0,0.78,0.544,0.336,0.22,0.336,0.596,0.784
386,,0.98,0.76,0.524,0.316,0.2,0.316,0.576,0.764
387,,0.96,0.74,0.504,0.296,0.18,0.296,0.556,0.744
388,,0.94,0.72,0.484,0.276,0.16,0.276,0.536,0.724
389,,0.92,0.7,0.464,0.256,0.14,0.256,0.516,0.704
390,,0.9,0.68,0.444,0.236,0.12,0.236,0.496,0.684
391,,0.88,0.66,0.424,0.216,0.1,0.216,0.476,0.664
392,,0.86,0.64,0.404,0.196,0.08,0.196,0.456,0.644
393,,0.84,0.62,0.384,0.176,0.06,0.176,0.436,0.624
394,,0.82,0.6,0.364,0.156,0.04,0.156,0.416,0.604
395,,0.8,0.58,0.344,0.136,0.02,0.136,0.396,0.584
396,,0.78,0.56,0.324,0.116,0.0,0.116,0.376,0.564
397,,0.76,0.54,0.304,0.096,-0.02,0.096,0.356,0.544
398,5,0.64,0.508,0.484,0.488,0.98,0.488,0.536,0.512
399,5,0.52,0.476,0.664,0.88,1.0,0.88,0.716,0.48
400,,0.5,0.456,0.644,0.86,0.98,0.86,0.696,0.46
401,,0.48,0.436,0.624,0.84,0.96,0.84,0.676,0.44
402,,0.46,0.416,0.604,0.82,0.94,0.82,0.656,0.42
403,,0.44,0.396,0.584,0.8,0.92,0.8,0.636,0.4
404,,0.42,0.376,0.564,0.78,0.9,0.78,0.616,0.38
405,,0.4,0.356,0.544,0.76,0.88,0.76,0.596,0.36
406,,0.38,0.336,0.524,0.74,0.86,0.74,0.576,0.34
407,,0.36,0.316,0.504,0.72,0.84,0.72,0.556,0.32
408,,0.34,0.296,0.484,0.7,0.82,0.7,0.536,0.3
409,,0.32,0.276,0.464,0.68,0.8,0.68,0.516,0.28
410,,0.3,0.256,0.444,0.66,0.78,0.66,0.496,0.26
411,,0.28,0.236,0.424,0.64,0.76,0.64,0.476,0.24
412,,0.26,0.216,0.404,0.62,0.74,0.62,0.456,0.22
413,,0.24,0.196,0.384,0.6,0.72,0.6,0.436,0.2
414,,0.22,0.176,0.364,0.58,0.7,0.58,0.416,0.18
415,,0.2,0.156,0.344,0.56,0.68,0.56,0.396,0.16
416,,0.18,0.136,0.324,0.54,0.66,0.54,0.376,0.14
417,,0.16,0.116,0.304,0.52,0.64,0.52,0.356,0.12
418,,0.14,0.096,0.284,0.5,0.62,0.5,0.336,0.1
419,,0.12,0.076,0.264,0.48,0.6,0.48,0.316,0.08
420,,0.1,0.056,0.244,0.46,0.58,0.46,0.296,0.06
421,,0.08,0.036,0.224,0.44,0.56,0.44,0.276,0.04
422,,0.06,0.016,0.204,0.42,0.54,0.42,0.256,0.02
423,,0.04,-0.004,0.184,0.4,0.52,0.4,0.236,0.0
424,2,0.432,0.996,0.576,0.58,0.488,0.28,0.204,0.18
425,2,0.824,1.0,0.968,0.76,0.456,0.16,0.172,0.36
426,,0.804,0.98,0.948,0.74,0.436,0.14,0.152,0.34
427,,0.784,0.96,0.928,0.72,0.416,0.12,0.132,0.32
428,,0.764,0.94,0.908,0.7,0.396,0.1,0.112,0.3
429,,0.744,0.92,0.888,0.68,0.376,0.08,0.092,0.28
430,,0.724,0.9,0.868,0.66,0.356,0.06,0.072,0.26
431,,0.704,0.88,0.848,0.64,0.336,0.04,0.052,0.24
432,,0.684,0.86,0.828,0.62,0.316,0.02,0.032,0.22
433,,0.664,0.84,0.808,0.6,0.296,0.0,0.012,0.2
434,,0.644,0.82,0.788,0.58,0.276,-0.02,-0.008,0.18
435,6,0.612,0.7,0.756,0.76,0.668,0.98,0.384,0.36
436,6,0.58,0.58,0.724,0.94,1.0,1.0,0.776,0.54
437,,0.56,0.56,0.704,0.92,0.98,0.98,0.756,0.52
438,,0.54,0.54,0.684,0.9,0.96,0.96,0.736,0.5
439,,0.52,0.52,0.664,0.88,0.94,0.94,0.716,0.48
440,,0.5,0.5,0.644,0.86,0.92,0.92,0.696,0.46
441,,0.48,0.48,0.624,0.84,0.9,0.9,0.676,0.44
442,,0.46,0.46,0.604,0.82,0.88,0.88,0.656,0.42
443,,0.44,0.44,0.584,0.8,0.86,0.86,0.636,0.4
444,,0.42,0.42,0.564,0.78,0.84,0.84,0.616,0.38
445,,0.4,0.4,0.544,0.76,0.82,0.82,0.596,0.36
446,,0.38,0.38,0.524,0.74,0.8,0.8,0.576,0.34
447,,0.36,0.36,0.504,0.72,0.78,0.78,0.556,0.32
448,,0.34,0.34,0.484,0.7,0.76,0.76,0.536,0.3
449,,0.32,0.32,0.464,0.68,0.74,0.74,0.516,0.28
450,,0.3,0.3,0.444,0.66,0.72,0.72,0.496,0.26
451,,0.28,0.28,0.424,0.64,0.7,0.7,0.476,0.24
452,,0.26,0.26,0.404,0.62,0.68,0.68,0.456,0.22
453,,0.24,0.24,0.384,0.6,0.66,0.66,0.436,0.2
454,,0.22,0.22,0.364,0.58,0.64,0.64,0.416,0.18
455,,0.2,0.2,0.344,0.56,0.62,0.62,0.396,0.16
456,,0.18,0.18,0.324,0.54,0.6,0.6,0.376,0.14
457,,0.16,0.16,0.304,0.52,0.58,0.58,0.356,0.12
458,,0.14,0.14,0.284,0.5,0.56,0.56,0.336,0.1
459,,0.12,0.12,0.264,0.48,0.54,0.54,0.316,0.08
460,,0.1,0.1,0.244,0.46,0.52,0.52,0.296,0.06
461,,0.08,0.08,0.224,0.44,0.5,0.5,0.276,0.04
462,,0.06,0.06,0.204,0.42,0.48,0.48,0.256,0.02
463,,0.04,0.04,0.184,0.4,0.46,0.46,0.236,0.0
464,,0.02,0.02,0.164,0.38,0.44,0.44,0.216,-0.02
465,8,0.412,0.2,0.132,0.26,0.408,0.62,0.608,0.98
466,8,0.804,0.38,0.1,0.14,0.376,0.8,1.0,1.0
467,,0.784,0.36,0.08,0.12,0.356,0.78,0.98,0.98
468,,0.764,0.34,0.06,0.1,0.336,0.76,0.96,0.96
469,,0.744,0.32,0.04,0.08,0.316,0.74,0.94,0.94
470,,0.724,0.3,0.02,0.06,0.296,0.72,0.92,0.92
471,,0.704,0.28,0.0,0.04,0.276,0.7,0.9,0.9
472,,0.684,0.26,-0.02,0.02,0.256,0.68,0.88,0.88
473,3,0.864,0.652,0.98,0.412,0.436,0.648,0.76,0.848
474,3,1.0,1.0,1.0,0.804,0.616,0.616,0.64,0.816
475,,0.98,0.98,0.98,0.784,0.596,0.596,0.62,0.796
476,,0.96,0.96,0.96,0.764,0.576,0.576,0.6,0.776
477,,0.94,0.94,0.94,0.744,0.556,0.556,0.58,0.756
478,,0.92,0.92,0.92,0.724,0.536,0.536,0.56,0.736
479,,0.9,0.9,0.9,0.704,0.516,0.516,0.54,0.716
480,,0.88,0.88,0.88,0.684,0.496,0.496,0.52,0.696
481,,0.86,0.86,0.86,0.664,0.476,0.476,0.5,0.676
482,,0.84,0.84,0.84,0.644,0.456,0.456,0.48,0.656
483,,0.82,0.82,0.82,0.624,0.436,0.436,0.46,0.636
484,,0.8,0.8,0.8,0.604,0.416,0.416,0.44,0.616
485,,0.78,0.78,0.78,0.584,0.396,0.396,0.42,0.596
486,,0.76,0.76,0.76,0.564,0.376,0.376,0.4,0.576
487,,0.74,0.74,0.74,0.544,0.356,0.356,0.38,0.556
488,,0.72,0.72,0.72,0.524,0.336,0.336,0.36,0.536
489,,0.7,0.7,0.7,0.504,0.316,0.316,0.34,0.516
490,,0.68,0.68,0.68,0.484,0.296,0.296,0.32,0.496
491,,0.66,0.66,0.66,0.464,0.276,0.276,0.3,0.476
492,,0.64,0.64,0.64,0.444,0.256,0.256,0.28,0.456
493,,0.62,0.62,0.62,0.424,0.236,0.236,0.26,0.436
494,,0.6,0.6,0.6,0.404,0.216,0.216,0.24,0.416
495,,0.58,0.58,0.58,0.384,0.196,0.196,0.22,0.396
496,,0.56,0.56,0.56,0.364,0.176,0.176,0.2,0.376
497,,0.54,0.54,0.54,0.344,0.156,0.156,0.18,0.356
498,,0.52,0.52,0.52,0.324,0.136,0.136,0.16,0.336
499,,0.5,0.5,0.5,0.304,0.116,0.116,0.14,0.316
500,,0.48,0.48,0.48,0.284,0.096,0.096,0.12,0.296
501,,0.46,0.46,0.46,0.264,0.076,0.076,0.1,0.276
502,,0.44,0.44,0.44,0.244,0.056,0.056,0.08,0.256
503,,0.42,0.42,0.42,0.224,0.036,0.036,0.06,0.236
504,,0.4,0.4,0.4,0.204,0.016,0.016,0.04,0.216
505,,0.38,0.38,0.38,0.184,-0.004,-0.004,0.02,0.196
506,5,0.26,0.348,0.56,0.576,0.996,0.388,0.2,0.164
507,5,0.14,0.316,0.74,0.968,1.0,0.78,0.38,0.132
508,,0.12,0.296,0.72,0.948,0.98,0.76,0.36,0.112
509,,0.1,0.276,0.7,0.928,0.96,0.74,0.34,0.092
510,,0.08,0.256,0.68,0.908,0.94,0.72,0.32,0.072
511,,0.06,0.236,0.66,0.888,0.92,0.7,0.3,0.052
512,,0.04,0.216,0.64,0.868,0.9,0.68,0.28,0.032
513,,0.02,0.196,0.62,0.848,0.88,0.66,0.26,0.012
514,,0.0,0.176,0.6,0.828,0.86,0.64,0.24,-0.008
515,8,0.392,0.356,0.568,0.708,0.828,0.82,0.632,0.992
516,8,0.784,0.536,0.536,0.588,0.796,1.0,1.0,1.0
517,,0.764,0.516,0.516,0.568,0.776,0.98,0.98,0.98
518,,0.744,0.496,0.496,0.548,0.756,0.96,0.96,0.96
519,,0.724,0.476,0.476,0.528,0.736,0.94,0.94,0.94
520,,0.704,0.456,0.456,0.508,0.716,0.92,0.92,0.92
521,,0.684,0.436,0.436,0.488,0.696,0.9,0.9,0.9
522,,0.664,0.416,0.416,0.468,0.676,0.88,0.88,0.88
523,,0.644,0.396,0.396,0.448,0.656,0.86,0.86,0.86
524,,0.624,0.376,0.376,0.428,0.636,0.84,0.84,0.84
525,,0.604,0.356,0.356,0.408,0.616,0.82,0.82,0.82
526,,0.584,0.336,0.336,0.388,0.596,0.8,0.8,0.8
527,,0.564,0.316,0.316,0.368,0.576,0.78,0.78,0.78
528,,0.544,0.296,0.296,0.348,0.556,0.76,0.76,0.76
529,,0.524,0.276,0.276,0.328,0.536,0.74,0.74,0.74
530,,0.504,0.256,0.256,0.308,0.516,0.72,0.72,0.72
531,,0.484,0.236,0.236,0.288,0.496,0.7,0.7,0.7
532,,0.464,0.216,0.216,0.268,0.476,0.68,0.68,0.68
533,,0.444,0.196,0.196,0.248,0.456,0.66,0.66,0.66
534,,0.424,0.176,0.176,0.228,0.436,0.64,0.64,0.64
535,,0.404,0.156,0.156,0.208,0.416,0.62,0.62,0.62
536,,0.384,0.136,0.136,0.188,0.396,0.6,0.6,0.6
537,,0.364,0.116,0.116,0.168,0.376,0.58,0.58,0.58
538,,0.344,0.096,0.096,0.148,0.356,0.56,0.56,0.56
539,,0.324,0.076,0.076,0.128,0.336,0.54,0.54,0.54
540,,0.304,0.056,0.056,0.108,0.316,0.52,0.52,0.52
541,,0.284,0.036,0.036,0.088,0.296,0.5,0.5,0.5
542,,0.264,0.016,0.016,0.068,0.276,0.48,0.48,0.48
543,,0.244,-0.004,-0.004,0.048,0.256,0.46,0.46,0.46
544,2,0.636,0.996,0.388,0.228,0.224,0.34,0.428,0.64
545,2,1.0,1.0,0.78,0.408,0.192,0.22,0.396,0.82
546,,0.98,0.98,0.76,0.388,0.172,0.2,0.376,0.8
547,,0.96,0.96,0.74,0.368,0.152,0.18,0.356,0.78
548,,0.94,0.94,0.72,0.348,0.132,0.16,0.336,0.76
549,,0.92,0.92,0.7,0.328,0.112,0.14,0.316,0.74
550,,0.9,0.9,0.68,0.308,0.092,0.12,0.296,0.72
551,,0.88,0.88,0.66,0.288,0.072,0.1,0.276,0.7
552,,0.86,0.86,0.64,0.268,0.052,0.08,0.256,0.68
553,,0.84,0.84,0.62,0.248,0.032,0.06,0.236,0.66
554,,0.82,0.82,0.6,0.228,0.012,0.04,0.216,0.64
555,,0.8,0.8,0.58,0.208,-0.008,0.02,0.196,0.62
556,5,0.68,0.768,0.76,0.6,0.992,0.412,0.376,0.588
557,5,0.56,0.736,0.94,0.992,1.0,0.804,0.556,0.556
558,,0.54,0.716,0.92,0.972,0.98,0.784,0.536,0.536
559,,0.52,0.696,0.9,0.952,0.96,0.764,0.516,0.516
560,,0.5,0.676,0.88,0.932,0.94,0.744,0.496,0.496
561,,0.48,0.656,0.86,0.912,0.92,0.724,0.476,0.476
562,,0.46,0.636,0.84,0.892,0.9,0.704,0.456,0.456
563,,0.44,0.616,0.82,0.872,0.88,0.684,0.436,0.436
564,,0.42,0.596,0.8,0.852,0.86,0.664,0.416,0.416
565,,0.4,0.576,0.78,0.832,0.84,0.644,0.396,0.396
566,,0.38,0.556,0.76,0.812,0.82,0.624,0.376,0.376
567,,0.36,0.536,0.74,0.792,0.8,0.604,0.356,0.356
568,,0.34,0.516,0.72,0.772,0.78,0.584,0.336,0.336
569,,0.32,0.496,0.7,0.752,0.76,0.564,0.316,0.316
570,,0.3,0.476,0.68,0.732,0.74,0.544,0.296,0.296
571,,0.28,0.456,0.66,0.712,0.72,0.524,0.276,0.276
572,,0.26,0.436,0.64,0.692,0.7,0.504,0.256,0.256
573,,0.24,0.416,0.62,0.672,0.68,0.484,0.236,0.236
574,,0.22,0.396,0.6,0.652,0.66,0.464,0.216,0.216
575,,0.2,0.376,0.58,0.632,0.64,0.444,0.196,0.196
576,,0.18,0.356,0.56,0.612,0.62,0.424,0.176,0.176
577,,0.16,0.336,0.54,0.592,0.6,0.404,0.156,0.156
578,,0.14,0.316,0.52,0.572,0.58,0.384,0.136,0.136
579,,0.12,0.296,0.5,0.552,0.56,0.364,0.116,0.116
580,,0.1,0.276,0.48,0.532,0.54,0.344,0.096,0.096
581,,0.08,0.256,0.46,0.512,0.52,0.324,0.076,0.076
582,,0.06,0.236,0.44,0.492,0.5,0.304,0.056,0.056
583,,0.04,0.216,0.42,0.472,0.48,0.284,0.036,0.036
584,,0.02,0.196,0.4,0.452,0.46,0.264,0.016,0.016
585,,0.0,0.176,0.38,0.432,0.44,0.244,-0.004,-0.004
586,7,0.18,0.144,0.26,0.4,0.62,0.636,0.996,0.388
587,7,0.36,0.112,0.14,0.368,0.8,1.0,1.0,0.78
588,,0.34,0.092,0.12,0.348,0.78,0.98,0.98,0.76
589,,0.32,0.072,0.1,0.328,0.76,0.96,0.96,0.74
590,,0.3,0.052,0.08,0.308,0.74,0.94,0.94,0.72
591,,0.28,0.032,0.06,0.288,0.72,0.92,0.92,0.7
592,,0.26,0.012,0.04,0.268,0.7,0.9,0.9,0.68
593,,0.24,-0.008,0.02,0.248,0.68,0.88,0.88,0.66
594,2,0.632,0.992,0.412,0.428,0.648,0.76,0.848,0.84
595,2,1.0,1.0,0.804,0.608,0.616,0.64,0.816,1.0
596,,0.98,0.98,0.784,0.588,0.596,0.62,0.796,0.98
597,,0.96,0.96,0.764,0.568,0.576,0.6,0.776,0.96
598,,0.94,0.94,0.744,0.548,0.556,0.58,0.756,0.94
599,,0.92,0.92,0.724,0.528,0.536,0.56,0.736,0.92
600,,0.9,0.9,0.704,0.508,0.516,0.54,0.716,0.9
601,,0.88,0.88,0.684,0.488,0.496,0.52,0.696,0.88
602,,0.86,0.86,0.664,0.468,0.476,0.5,0.676,0.86
603,,0.84,0.84,0.644,0.448,0.456,0.48,0.656,0.84
604,,0.82,0.82,0.624,0.428,0.436,0.46,0.636,0.82
605,,0.8,0.8,0.604,0.408,0.416,0.44,0.616,0.8
606,,0.78,0.78,0.584,0.388,0.396,0.42,0.596,0.78
607,,0.76,0.76,0.564,0.368,0.376,0.4,0.576,0.76
608,,0.74,0.74,0.544,0.348,0.356,0.38,0.556,0.74
609,,0.72,0.72,0.524,0.328,0.336,0.36,0.536,0.72
610,,0.7,0.7,0.504,0.308,0.316,0.34,0.516,0.7
611,,0.68,0.68,0.484,0.288,0.296,0.32,0.496,0.68
612,,0.66,0.66,0.464,0.268,0.276,0.3,0.476,0.66
613,,0.64,0.64,0.444,0.248,0.256,0.28,0.456,0.64
614,,0.62,0.62,0.424,0.228,0.236,0.26,0.436,0.62
615,,0.6,0.6,0.404,0.208,0.216,0.24,0.416,0.6
616,,0.58,0.58,0.384,0.188,0.196,0.22,0.396,0.58
617,,0.56,0.56,0.364,0.168,0.176,0.2,0.376,0.56
618,,0.54,0.54,0.344,0.148,0.156,0.18,0.356,0.54
619,,0.52,0.52,0.324,0.128,0.136,0.16,0.336,0.52
620,,0.5,0.5,0.304,0.108,0.116,0.14,0.316,0.5
621,,0.48,0.48,0.284,0.088,0.096,0.12,0.296,0.48
622,,0.46,0.46,0.264,0.068,0.076,0.1,0.276,0.46
623,,0.44,0.44,0.244,0.048,0.056,0.08,0.256,0.44
624,,0.42,0.42,0.224,0.028,0.036,0.06,0.236,0.42
625,,0.4,0.4,0.204,0.008,0.016,0.04,0.216,0.4
626,,0.38,0.38,0.184,-0.012,-0.004,0.02,0.196,0.38
627,4,0.348,0.56,0.576,0.988,0.388,0.2,0.164,0.26
628,4,0.316,0.74,0.968,1.0,0.78,0.38,0.132,0.14
629,,0.296,0.72,0.948,0.98,0.76,0.36,0.112,0.12
630,,0.276,0.7,0.928,0.96,0.74,0.34,0.092,0.1
631,,0.256,0.68,0.908,0.94,0.72,0.32,0.072,0.08
632,,0.236,0.66,0.888,0.92,0.7,0.3,0.052,0.06
633,,0.216,0.64,0.868,0.9,0.68,0.28,0.032,0.04
634,,0.196,0.62,0.848,0.88,0.66,0.26,0.012,0.02
635,,0.176,0.6,0.828,0.86,0.64,0.24,-0.008,0.0
636,7,0.356,0.568,0.708,0.828,0.82,0.632,0.992,0.392
637,7,0.536,0.536,0.588,0.796,1.0,1.0,1.0,0.784
638,,0.516,0.516,0.568,0.776,0.98,0.98,0.98,0.764
639,,0.496,0.496,0.548,0.756,0.96,0.96,0.96,0.744
640,,0.476,0.476,0.528,0.736,0.94,0.94,0.94,0.724
641,,0.456,0.456,0.508,0.716,0.92,0.92,0.92,0.704
642,,0.436,0.436,0.488,0.696,0.9,0.9,0.9,0.684
643,,0.416,0.416,0.468,0.676,0.88,0.88,0.88,0.664
644,,0.396,0.396,0.448,0.656,0.86,0.86,0.86,0.644
645,,0.376,0.376,0.428,0.636,0.84,0.84,0.84,0.624
646,,0.356,0.356,0.408,0.616,0.82,0.82,0.82,0.604
647,,0.336,0.336,0.388,0.596,0.8,0.8,0.8,0.584
648,,0.316,0.316,0.368,0.576,0.78,0.78,0.78,0.564
649,,0.296,0.296,0.348,0.556,0.76,0.76,0.76,0.544
650,,0.276,0.276,0.328,0.536,0.74,0.74,0.74,0.524
651,,0.256,0.256,0.308,0.516,0.72,0.72,0.72,0.504
652,,0.236,0.236,0.288,0.496,0.7,0.7,0.7,0.484
653,,0.216,0.216,0.268,0.476,0.68,0.68,0.68,0.464
654,,0.196,0.196,0.248,0.456,0.66,0.66,0.66,0.444
655,,0.176,0.176,0.228,0.436,0.64,0.64,0.64,0.424
656,,0.156,0.156,0.208,0.416,0.62,0.62,0.62,0.404
657,,0.136,0.136,0.188,0.396,0.6,0.6,0.6,0.384
658,,0.116,0.116,0.168,0.376,0.58,0.58,0.58,0.364
659,,0.096,0.096,0.148,0.356,0.56,0.56,0.56,0.344
660,,0.076,0.076,0.128,0.336,0.54,0.54,0.54,0.324
661,,0.056,0.056,0.108,0.316,0.52,0.52,0.52,0.304
662,,0.036,0.036,0.088,0.296,0.5,0.5,0.5,0.284
663,,0.016,0.016,0.068,0.276,0.48,0.48,0.48,0.264
664,,-0.004,-0.004,0.048,0.256,0.46,0.46,0.46,0.244
665,2,0.388,0.996,0.44,0.436,0.428,0.34,0.428,0.424
666,2,0.78,1.0,0.832,0.616,0.396,0.22,0.396,0.604
667,,0.76,0.98,0.812,0.596,0.376,0.2,0.376,0.584
668,,0.74,0.96,0.792,0.576,0.356,0.18,0.356,0.564
669,,0.72,0.94,0.772,0.556,0.336,0.16,0.336,0.544
670,,0.7,0.92,0.752,0.536,0.316,0.14,0.316,0.524
671,,0.68,0.9,0.732,0.516,0.296,0.12,0.296,0.504
672,,0.66,0.88,0.712,0.496,0.276,0.1,0.276,0.484
673,,0.64,0.86,0.692,0.476,0.256,0.08,0.256,0.464
674,,0.62,0.84,0.672,0.456,0.236,0.06,0.236,0.444
675,,0.6,0.82,0.652,0.436,0.216,0.04,0.216,0.424
676,,0.58,0.8,0.632,0.416,0.196,0.02,0.196,0.404
677,,0.56,0.78,0.612,0.396,0.176,0.0,0.176,0.384
678,,0.54,0.76,0.592,0.376,0.156,-0.02,0.156,0.364
679,6,0.508,0.64,0.56,0.556,0.548,0.98,0.548,0.544
680,6,0.476,0.52,0.528,0.736,0.94,1.0,0.94,0.724
681,,0.456,0.5,0.508,0.716,0.92,0.98,0.92,0.704
682,,0.436,0.48,0.488,0.696,0.9,0.96,0.9,0.684
683,,0.416,0.46,0.468,0.676,0.88,0.94,0.88,0.664
684,,0.396,0.44,0.448,0.656,0.86,0.92,0.86,0.644
685,,0.376,0.42,0.428,0.636,0.84,0.9,0.84,0.624
686,,0.356,0.4,0.408,0.616,0.82,0.88,0.82,0.604
687,,0.336,0.38,0.388,0.596,0.8,0.86,0.8,0.584
688,,0.316,0.36,0.368,0.576,0.78,0.84,0.78,0.564
689,,0.296,0.34,0.348,0.556,0.76,0.82,0.76,0.544
690,,0.276,0.32,0.328,0.536,0.74,0.8,0.74,0.524
691,,0.256,0.3,0.308,0.516,0.72,0.78,0.72,0.504
692,,0.236,0.28,0.288,0.496,0.7,0.76,0.7,0.484
693,,0.216,0.26,0.268,0.476,0.68,0.74,0.68,0.464
694,,0.196,0.24,0.248,0.456,0.66,0.72,0.66,0.444
695,,0.176,0.22,0.228,0.436,0.64,0.7,0.64,0.424
696,,0.156,0.2,0.208,0.416,0.62,0.68,0.62,0.404
697,,0.136,0.18,0.188,0.396,0.6,0.66,0.6,0.384
698,,0.116,0.16,0.168,0.376,0.58,0.64,0.58,0.364
699,,0.096,0.14,0.148,0.356,0.56,0.62,0.56,0.344
700,,0.076,0.12,0.128,0.336,0.54,0.6,0.54,0.324
701,,0.056,0.1,0.108,0.316,0.52,0.58,0.52,0.304
702,,0.036,0.08,0.088,0.296,0.5,0.56,0.5,0.284
703,,0.016,0.06,0.068,0.276,0.48,0.54,0.48,0.264
704,,-0.004,0.04,0.048,0.256,0.46,0.52,0.46,0.244
705,1,0.996,0.432,0.228,0.224,0.34,0.488,0.64,0.636
706,1,1.0,0.824,0.408,0.192,0.22,0.456,0.82,1.0
707,,0.98,0.804,0.388,0.172,0.2,0.436,0.8,0.98
708,,0.96,0.784,0.368,0.152,0.18,0.416,0.78,0.96
709,,0.94,0.764,0.348,0.132,0.16,0.396,0.76,0.94
710,,0.92,0.744,0.328,0.112,0.14,0.376,0.74,0.92
711,,0.9,0.724,0.308,0.092,0.12,0.356,0.72,0.9
712,,0.88,0.704,0.288,0.072,0.1,0.336,0.7,0.88
713,,0.86,0.684,0.268,0.052,0.08,0.316,0.68,0.86
714,,0.84,0.664,0.248,0.032,0.06,0.296,0.66,0.84
715,,0.82,0.644,0.228,0.012,0.04,0.276,0.64,0.82
716,,0.8,0.624,0.208,-0.008,0.02,0.256,0.62,0.8
717,4,0.768,0.804,0.6,0.992,0.412,0.436,0.588,0.68
718,4,0.736,0.984,0.992,1.0,0.804,0.616,0.556,0.56
719,,0.716,0.964,0.972,0.98,0.784,0.596,0.536,0.54
720,,0.696,0.944,0.952,0.96,0.764,0.576,0.516,0.52
721,,0.676,0.924,0.932,0.94,0.744,0.556,0.496,0.5
722,,0.656,0.904,0.912,0.92,0.724,0.536,0.476,0.48
723,,0.636,0.884,0.892,0.9,0.704,0.516,0.456,0.46
724,,0.616,0.864,0.872,0.88,0.684,0.496,0.436,0.44
725,,0.596,0.844,0.852,0.86,0.664,0.476,0.416,0.42
726,,0.576,0.824,0.832,0.84,0.644,0.456,0.396,0.4
727,,0.556,0.804,0.812,0.82,0.624,0.436,0.376,0.38
728,,0.536,0.784,0.792,0.8,0.604,0.416,0.356,0.36
729,,0.516,0.764,0.772,0.78,0.584,0.396,0.336,0.34
730,,0.496,0.744,0.752,0.76,0.564,0.376,0.316,0.32
731,,0.476,0.724,0.732,0.74,0.544,0.356,0.296,0.3
732,,0.456,0.704,0.712,0.72,0.524,0.336,0.276,0.28
733,,0.436,0.684,0.692,0.7,0.504,0.316,0.256,0.26
734,,0.416,0.664,0.672,0.68,0.484,0.296,0.236,0.24
735,,0.396,0.644,0.652,0.66,0.464,0.276,0.216,0.22
736,,0.376,0.624,0.632,0.64,0.444,0.256,0.196,0.2
737,,0.356,0.604,0.612,0.62,0.424,0.236,0.176,0.18
738,,0.336,0.584,0.592,0.6,0.404,0.216,0.156,0.16
739,,0.316,0.564,0.572,0.58,0.384,0.196,0.136,0.14
740,,0.296,0.544,0.552,0.56,0.364,0.176,0.116,0.12
741,,0.276,0.524,0.532,0.54,0.344,0.156,0.096,0.1
742,,0.256,0.504,0.512,0.52,0.324,0.136,0.076,0.08
743,,0.236,0.484,0.492,0.5,0.304,0.116,0.056,0.06
744,,0.216,0.464,0.472,0.48,0.284,0.096,0.036,0.04
745,,0.196,0.444,0.452,0.46,0.264,0.076,0.016,0.02
746,,0.176,0.424,0.432,0.44,0.244,0.056,-0.004,0.0
747,7,0.356,0.392,0.312,0.408,0.424,0.448,0.996,0.392
748,7,0.536,0.36,0.192,0.376,0.604,0.84,1.0,0.784
749,,0.516,0.34,0.172,0.356,0.584,0.82,0.98,0.764
750,,0.496,0.32,0.152,0.336,0.564,0.8,0.96,0.744
751,,0.476,0.3,0.132,0.316,0.544,0.78,0.94,0.724
752,,0.456,0.28,0.112,0.296,0.524,0.76,0.92,0.704
753,,0.436,0.26,0.092,0.276,0.504,0.74,0.9,0.684
754,,0.416,0.24,0.072,0.256,0.484,0.72,0.88,0.664
755,,0.396,0.22,0.052,0.236,0.464,0.7,0.86,0.644
756,,0.376,0.2,0.032,0.216,0.444,0.68,0.84,0.624
757,,0.356,0.18,0.012,0.196,0.424,0.66,0.82,0.604
758,,0.336,0.16,-0.008,0.176,0.404,0.64,0.8,0.584
759,3,0.516,0.552,0.992,0.568,0.584,0.608,0.68,0.552
760,3,0.696,0.944,1.0,0.96,0.764,0.576,0.56,0.52
761,,0.676,0.924,0.98,0.94,0.744,0.556,0.54,0.5
762,,0.656,0.904,0.96,0.92,0.724,0.536,0.52,0.48
763,,0.636,0.884,0.94,0.9,0.704,0.516,0.5,0.46
764,,0.616,0.864,0.92,0.88,0.684,0.496,0.48,0.44
765,,0.596,0.844,0.9,0.86,0.664,0.476,0.46,0.42
766,,0.576,0.824,0.88,0.84,0.644,0.456,0.44,0.4
767,,0.556,0.804,0.86,0.82,0.624,0.436,0.42,0.38
768,,0.536,0.784,0.84,0.8,0.604,0.416,0.4,0.36
769,,0.516,0.764,0.82,0.78,0.584,0.396,0.38,0.34
770,,0.496,0.744,0.8,0.76,0.564,0.376,0.36,0.32
771,,0.476,0.724,0.78,0.74,0.544,0.356,0.34,0.3
772,,0.456,0.704,0.76,0.72,0.524,0.336,0.32,0.28
773,,0.436,0.684,0.74,0.7,0.504,0.316,0.3,0.26
774,,0.416,0.664,0.72,0.68,0.484,0.296,0.28,0.24
775,,0.396,0.644,0.7,0.66,0.464,0.276,0.26,0.22
776,,0.376,0.624,0.68,0.64,0.444,0.256,0.24,0.2
777,,0.356,0.604,0.66,0.62,0.424,0.236,0.22,0.18
778,,0.336,0.584,0.64,0.6,0.404,0.216,0.2,0.16
779,,0.316,0.564,0.62,0.58,0.384,0.196,0.18,0.14
780,,0.296,0.544,0.6,0.56,0.364,0.176,0.16,0.12
781,,0.276,0.524,0.58,0.54,0.344,0.156,0.14,0.1
782,,0.256,0.504,0.56,0.52,0.324,0.136,0.12,0.08
783,,0.236,0.484,0.54,0.5,0.304,0.116,0.1,0.06
784,,0.216,0.464,0.52,0.48,0.284,0.096,0.08,0.04
785,,0.196,0.444,0.5,0.46,0.264,0.076,0.06,0.02
786,,0.176,0.424,0.48,0.44,0.244,0.056,0.04,0.0
787,,0.156,0.404,0.46,0.42,0.224,0.036,0.02,-0.02
788,8,0.548,0.584,0.428,0.3,0.192,0.216,0.412,0.98
789,8,0.94,0.764,0.396,0.18,0.16,0.396,0.804,1.0
790,,0.92,0.744,0.376,0.16,0.14,0.376,0.784,0.98
791,,0.9,0.724,0.356,0.14,0.12,0.356,0.764,0.96
792,,0.88,0.704,0.336,0.12,0.1,0.336,0.744,0.94
793,,0.86,0.684,0.316,0.1,0.08,0.316,0.724,0.92
794,,0.84,0.664,0.296,0.08,0.06,0.296,0.704,0.9
795,,0.82,0.644,0.276,0.06,0.04,0.276,0.684,0.88
796,,0.8,0.624,0.256,0.04,0.02,0.256,0.664,0.86
797,,0.78,0.604,0.236,0.02,0.0,0.236,0.644,0.84
798,,0.76,0.584,0.216,0.0,-0.02,0.216,0.624,0.82
799,5,0.64,0.552,0.396,0.392,0.98,0.608,0.804,0.788
800,5,0.52,0.52,0.576,0.784,1.0,1.0,0.984,0.756
801,,0.5,0.5,0.556,0.764,0.98,0.98,0.964,0.736
802,,0.48,0.48,0.536,0.744,0.96,0.96,0.944,0.716
803,,0.46,0.46,0.516,0.724,0.94,0.94,0.924,0.696
804,,0.44,0.44,0.496,0.704,0.92,0.92,0.904,0.676
805,,0.42,0.42,0.476,0.684,0.9,0.9,0.884,0.656
806,,0.4,0.4,0.456,0.664,0.88,0.88,0.864,0.636
807,,0.38,0.38,0.436,0.644,0.86,0.86,0.844,0.616
808,,0.36,0.36,0.416,0.624,0.84,0.84,0.824,0.596
809,,0.34,0.34,0.396,0.604,0.82,0.82,0.804,0.576
810,,0.32,0.32,0.376,0.584,0.8,0.8,0.784,0.556
811,,0.3,0.3,0.356,0.564,0.78,0.78,0.764,0.536
812,,0.28,0.28,0.336,0.544,0.76,0.76,0.744,0.516
813,,0.26,0.26,0.316,0.524,0.74,0.74,0.724,0.496
814,,0.24,0.24,0.296,0.504,0.72,0.72,0.704,0.476
815,,0.22,0.22,0.276,0.484,0.7,0.7,0.684,0.456
816,,0.2,0.2,0.256,0.464,0.68,0.68,0.664,0.436
817,,0.18,0.18,0.236,0.444,0.66,0.66,0.644,0.416
818,,0.16,0.16,0.216,0.424,0.64,0.64,0.624,0.396
819,,0.14,0.14,0.196,0.404,0.62,0.62,0.604,0.376
820,,0.12,0.12,0.176,0.384,0.6,0.6,0.584,0.356
821,,0.1,0.1,0.156,0.364,0.58,0.58,0.564,0.336
822,,0.08,0.08,0.136,0.344,0.56,0.56,0.544,0.316
823,,0.06,0.06,0.116,0.324,0.54,0.54,0.524,0.296
824,,0.04,0.04,0.096,0.304,0.52,0.52,0.504,0.276
825,,0.02,0.02,0.076,0.284,0.5,0.5,0.484,0.256
826,,0.0,0.0,0.056,0.264,0.48,0.48,0.464,0.236
827,,-0.02,-0.02,0.036,0.244,0.46,0.46,0.444,0.216
