step,active_motive,motive_1,motive_2,motive_3,motive_4,motive_5,motive_6,motive_7,motive_8
0,,0.34035,0.26547,0.22389,0.27645,0.29635,0.04043,0.18483,0.12108
1,,0.33035,0.25547,0.21389,0.26645,0.28635,0.03043,0.17483,0.11108
2,,0.32035,0.24547,0.20389,0.25645,0.27635,0.02043,0.16483,0.10108
3,,0.31035,0.23547,0.19389,0.24645,0.26635,0.01043,0.15483,0.09108
4,,0.30035,0.22547,0.18389,0.23645,0.25635,0.00043,0.14483,0.08108
5,,0.29035,0.21547,0.17389,0.22645,0.24635,-0.00957,0.13483,0.07108
6,6,-0.00265,-0.19453,-0.11911,0.21645,0.51935,0.99043,0.40783,0.06108
7,6,-0.29565,-0.60453,-0.41211,0.20645,0.79235,1.0,0.68083,0.05108
8,2,-0.02265,0.39547,-0.13911,0.19645,0.49935,0.59,0.38783,0.04108
9,2,0.25035,1.0,0.13389,0.18645,0.20635,0.18,0.09483,0.03108
10,,0.24035,0.99,0.12389,0.17645,0.19635,0.17,0.08483,0.02108
11,,0.23035,0.98,0.11389,0.16645,0.18635,0.16,0.07483,0.01108
12,,0.22035,0.97,0.10389,0.15645,0.17635,0.15,0.06483,0.00108
13,,0.21035,0.96,0.09389,0.14645,0.16635,0.14,0.05483,-0.00892
14,8,0.48335,0.95,-0.19911,-0.26355,-0.12665,0.13,0.32783,0.99108
15,8,0.75635,0.94,-0.49211,-0.67355,-0.41965,0.12,0.60083,1.0
16,4,0.46335,0.93,-0.21911,0.32645,-0.14665,0.11,0.30783,0.59
17,4,0.17035,0.92,0.05389,1.0,0.12635,0.1,0.01483,0.18
18,,0.16035,0.91,0.04389,0.99,0.11635,0.09,0.00483,0.17
19,,0.15035,0.9,0.03389,0.98,0.10635,0.08,-0.00517,0.16
20,7,0.14035,0.607,-0.37611,0.687,0.09635,0.353,0.99483,0.433
21,7,0.13035,0.314,-0.78611,0.394,0.08635,0.626,1.0,0.706
22,3,0.12035,0.587,0.21389,0.667,0.07635,0.333,0.59,0.413
23,3,0.11035,0.86,1.0,0.94,0.06635,0.04,0.18,0.12
24,,0.10035,0.85,0.99,0.93,0.05635,0.03,0.17,0.11
25,,0.09035,0.84,0.98,0.92,0.04635,0.02,0.16,0.1
26,,0.08035,0.83,0.97,0.91,0.03635,0.01,0.15,0.09
27,,0.07035,0.82,0.96,0.9,0.02635,0.0,0.14,0.08
28,,0.06035,0.81,0.95,0.89,0.01635,-0.01,0.13,0.07
29,6,-0.23265,0.4,0.657,0.88,0.28935,0.99,0.403,0.06
30,6,-0.52565,-0.01,0.364,0.87,0.56235,1.0,0.676,0.05
31,1,0.47435,0.263,0.354,0.577,0.15235,0.707,0.666,0.323
32,1,1.0,0.536,0.344,0.284,-0.25765,0.414,0.656,0.596
33,5,0.59,0.243,0.334,0.557,0.74235,0.687,0.646,0.303
34,5,0.18,-0.05,0.324,0.83,1.0,0.96,0.636,0.01
35,2,0.453,0.95,0.597,0.82,0.707,0.55,0.343,0.0
36,2,0.726,1.0,0.87,0.81,0.414,0.14,0.05,-0.01
37,8,0.999,0.99,0.577,0.4,0.121,0.13,0.323,0.99
38,8,1.0,0.98,0.284,-0.01,-0.172,0.12,0.596,1.0
39,5,0.59,0.687,0.274,0.263,0.828,0.393,0.586,0.707
40,5,0.18,0.394,0.264,0.536,1.0,0.666,0.576,0.414
41,,0.17,0.384,0.254,0.526,0.99,0.656,0.566,0.404
42,,0.16,0.374,0.244,0.516,0.98,0.646,0.556,0.394
43,,0.15,0.364,0.234,0.506,0.97,0.636,0.546,0.384
44,,0.14,0.354,0.224,0.496,0.96,0.626,0.536,0.374
45,,0.13,0.344,0.214,0.486,0.95,0.616,0.526,0.364
46,,0.12,0.334,0.204,0.476,0.94,0.606,0.516,0.354
47,,0.11,0.324,0.194,0.466,0.93,0.596,0.506,0.344
48,,0.1,0.314,0.184,0.456,0.92,0.586,0.496,0.334
49,,0.09,0.304,0.174,0.446,0.91,0.576,0.486,0.324
50,,0.08,0.294,0.164,0.436,0.9,0.566,0.476,0.314
51,,0.07,0.284,0.154,0.426,0.89,0.556,0.466,0.304
52,,0.06,0.274,0.144,0.416,0.88,0.546,0.456,0.294
53,,0.05,0.264,0.134,0.406,0.87,0.536,0.446,0.284
54,,0.04,0.254,0.124,0.396,0.86,0.526,0.436,0.274
55,,0.03,0.244,0.114,0.386,0.85,0.516,0.426,0.264
56,,0.02,0.234,0.104,0.376,0.84,0.506,0.416,0.254
57,,0.01,0.224,0.094,0.366,0.83,0.496,0.406,0.244
58,,0.0,0.214,0.084,0.356,0.82,0.486,0.396,0.234
59,,-0.01,0.204,0.074,0.346,0.81,0.476,0.386,0.224
60,1,0.99,0.477,0.064,0.053,0.4,0.183,0.376,0.497
61,1,1.0,0.75,0.054,-0.24,-0.01,-0.11,0.366,0.77
62,4,0.707,0.74,0.327,0.76,0.263,-0.12,0.073,0.36
63,4,0.414,0.73,0.6,1.0,0.536,-0.13,-0.22,-0.05
64,7,0.404,0.437,0.19,0.707,0.526,0.143,0.78,0.223
65,7,0.394,0.144,-0.22,0.414,0.516,0.416,1.0,0.496
66,3,0.384,0.417,0.78,0.687,0.506,0.123,0.59,0.203
67,3,0.374,0.69,1.0,0.96,0.496,-0.17,0.18,-0.09
68,6,0.081,0.28,0.707,0.95,0.769,0.83,0.453,-0.1
69,6,-0.212,-0.13,0.414,0.94,1.0,1.0,0.726,-0.11
70,1,0.788,0.143,0.404,0.647,0.59,0.707,0.716,0.163
71,1,1.0,0.416,0.394,0.354,0.18,0.414,0.706,0.436
72,,0.99,0.406,0.384,0.344,0.17,0.404,0.696,0.426
73,,0.98,0.396,0.374,0.334,0.16,0.394,0.686,0.416
74,,0.97,0.386,0.364,0.324,0.15,0.384,0.676,0.406
75,,0.96,0.376,0.354,0.314,0.14,0.374,0.666,0.396
76,,0.95,0.366,0.344,0.304,0.13,0.364,0.656,0.386
77,,0.94,0.356,0.334,0.294,0.12,0.354,0.646,0.376
78,,0.93,0.346,0.324,0.284,0.11,0.344,0.636,0.366
79,,0.92,0.336,0.314,0.274,0.1,0.334,0.626,0.356
80,,0.91,0.326,0.304,0.264,0.09,0.324,0.616,0.346
81,,0.9,0.316,0.294,0.254,0.08,0.314,0.606,0.336
82,,0.89,0.306,0.284,0.244,0.07,0.304,0.596,0.326
83,,0.88,0.296,0.274,0.234,0.06,0.294,0.586,0.316
84,,0.87,0.286,0.264,0.224,0.05,0.284,0.576,0.306
85,,0.86,0.276,0.254,0.214,0.04,0.274,0.566,0.296
86,,0.85,0.266,0.244,0.204,0.03,0.264,0.556,0.286
87,,0.84,0.256,0.234,0.194,0.02,0.254,0.546,0.276
88,,0.83,0.246,0.224,0.184,0.01,0.244,0.536,0.266
89,,0.82,0.236,0.214,0.174,0.0,0.234,0.526,0.256
90,,0.81,0.226,0.204,0.164,-0.01,0.224,0.516,0.246
91,5,0.4,-0.067,0.194,0.437,0.99,0.497,0.506,-0.047
92,5,-0.01,-0.36,0.184,0.71,1.0,0.77,0.496,-0.34
93,2,0.263,0.64,0.457,0.7,0.707,0.36,0.203,-0.35
94,2,0.536,1.0,0.73,0.69,0.414,-0.05,-0.09,-0.36
95,8,0.809,0.99,0.437,0.28,0.121,-0.06,0.183,0.64
96,8,1.0,0.98,0.144,-0.13,-0.172,-0.07,0.456,1.0
97,5,0.59,0.687,0.134,0.143,0.828,0.203,0.446,0.707
98,5,0.18,0.394,0.124,0.416,1.0,0.476,0.436,0.414
99,,0.17,0.384,0.114,0.406,0.99,0.466,0.426,0.404
100,,0.16,0.374,0.104,0.396,0.98,0.456,0.416,0.394
101,,0.15,0.364,0.094,0.386,0.97,0.446,0.406,0.384
102,,0.14,0.354,0.084,0.376,0.96,0.436,0.396,0.374
103,,0.13,0.344,0.074,0.366,0.95,0.426,0.386,0.364
104,,0.12,0.334,0.064,0.356,0.94,0.416,0.376,0.354
105,,0.11,0.324,0.054,0.346,0.93,0.406,0.366,0.344
106,,0.1,0.314,0.044,0.336,0.92,0.396,0.356,0.334
107,,0.09,0.304,0.034,0.326,0.91,0.386,0.346,0.324
108,,0.08,0.294,0.024,0.316,0.9,0.376,0.336,0.314
109,,0.07,0.284,0.014,0.306,0.89,0.366,0.326,0.304
110,,0.06,0.274,0.004,0.296,0.88,0.356,0.316,0.294
111,,0.05,0.264,-0.006,0.286,0.87,0.346,0.306,0.284
112,3,0.04,0.537,0.994,0.559,0.86,0.053,-0.104,-0.009
113,3,0.03,0.81,1.0,0.832,0.85,-0.24,-0.514,-0.302
114,7,0.02,0.517,0.59,0.539,0.84,0.033,0.486,-0.029
115,7,0.01,0.224,0.18,0.246,0.83,0.306,1.0,0.244
116,,0.0,0.214,0.17,0.236,0.82,0.296,0.99,0.234
117,,-0.01,0.204,0.16,0.226,0.81,0.286,0.98,0.224
118,1,0.99,0.477,0.15,-0.067,0.4,-0.007,0.97,0.497
119,1,1.0,0.75,0.14,-0.36,-0.01,-0.3,0.96,0.77
120,4,0.707,0.74,0.413,0.64,0.263,-0.31,0.667,0.36
121,4,0.414,0.73,0.686,1.0,0.536,-0.32,0.374,-0.05
122,6,0.121,0.32,0.393,0.99,0.809,0.68,0.647,-0.06
123,6,-0.172,-0.09,0.1,0.98,1.0,1.0,0.92,-0.07
124,1,0.828,0.183,0.09,0.687,0.59,0.707,0.91,0.203
125,1,1.0,0.456,0.08,0.394,0.18,0.414,0.9,0.476
126,,0.99,0.446,0.07,0.384,0.17,0.404,0.89,0.466
127,,0.98,0.436,0.06,0.374,0.16,0.394,0.88,0.456
128,,0.97,0.426,0.05,0.364,0.15,0.384,0.87,0.446
129,,0.96,0.416,0.04,0.354,0.14,0.374,0.86,0.436
130,,0.95,0.406,0.03,0.344,0.13,0.364,0.85,0.426
131,,0.94,0.396,0.02,0.334,0.12,0.354,0.84,0.416
132,,0.93,0.386,0.01,0.324,0.11,0.344,0.83,0.406
133,,0.92,0.376,0.0,0.314,0.1,0.334,0.82,0.396
134,,0.91,0.366,-0.01,0.304,0.09,0.324,0.81,0.386
135,3,0.9,0.639,0.99,0.577,0.08,0.031,0.4,0.093
136,3,0.89,0.912,1.0,0.85,0.07,-0.262,-0.01,-0.2
137,6,0.597,0.502,0.707,0.84,0.343,0.738,0.263,-0.21
138,6,0.304,0.092,0.414,0.83,0.616,1.0,0.536,-0.22
139,8,0.577,0.082,0.121,0.42,0.323,0.99,0.809,0.78
140,8,0.85,0.072,-0.172,0.01,0.03,0.98,1.0,1.0
141,3,0.84,0.345,0.828,0.283,0.02,0.687,0.59,0.707
142,3,0.83,0.618,1.0,0.556,0.01,0.394,0.18,0.414
143,,0.82,0.608,0.99,0.546,0.0,0.384,0.17,0.404
144,,0.81,0.598,0.98,0.536,-0.01,0.374,0.16,0.394
145,5,0.4,0.305,0.97,0.809,0.99,0.647,0.15,0.101
146,5,-0.01,0.012,0.96,1.0,1.0,0.92,0.14,-0.192
147,8,0.263,0.002,0.667,0.59,0.707,0.91,0.413,0.808
148,8,0.536,-0.008,0.374,0.18,0.414,0.9,0.686,1.0
149,2,0.809,0.992,0.647,0.17,0.121,0.49,0.393,0.99
150,2,1.0,1.0,0.92,0.16,-0.172,0.08,0.1,0.98
151,5,0.59,0.707,0.91,0.433,0.828,0.353,0.09,0.687
152,5,0.18,0.414,0.9,0.706,1.0,0.626,0.08,0.394
153,,0.17,0.404,0.89,0.696,0.99,0.616,0.07,0.384
154,,0.16,0.394,0.88,0.686,0.98,0.606,0.06,0.374
155,,0.15,0.384,0.87,0.676,0.97,0.596,0.05,0.364
156,,0.14,0.374,0.86,0.666,0.96,0.586,0.04,0.354
157,,0.13,0.364,0.85,0.656,0.95,0.576,0.03,0.344
158,,0.12,0.354,0.84,0.646,0.94,0.566,0.02,0.334
159,,0.11,0.344,0.83,0.636,0.93,0.556,0.01,0.324
160,,0.1,0.334,0.82,0.626,0.92,0.546,0.0,0.314
161,,0.09,0.324,0.81,0.616,0.91,0.536,-0.01,0.304
162,7,0.08,0.031,0.4,0.323,0.9,0.809,0.99,0.577
163,7,0.07,-0.262,-0.01,0.03,0.89,1.0,1.0,0.85
164,2,0.343,0.738,0.263,0.02,0.597,0.59,0.707,0.84
165,2,0.616,1.0,0.536,0.01,0.304,0.18,0.414,0.83
166,,0.606,0.99,0.526,0.0,0.294,0.17,0.404,0.82
167,,0.596,0.98,0.516,-0.01,0.284,0.16,0.394,0.81
168,4,0.303,0.97,0.789,0.99,0.557,0.15,0.101,0.4
169,4,0.01,0.96,1.0,1.0,0.83,0.14,-0.192,-0.01
170,7,0.0,0.667,0.59,0.707,0.82,0.413,0.808,0.263
171,7,-0.01,0.374,0.18,0.414,0.81,0.686,1.0,0.536
172,1,0.99,0.647,0.17,0.121,0.4,0.393,0.99,0.809
173,1,1.0,0.92,0.16,-0.172,-0.01,0.1,0.98,1.0
174,4,0.707,0.91,0.433,0.828,0.263,0.09,0.687,0.59
175,4,0.414,0.9,0.706,1.0,0.536,0.08,0.394,0.18
176,,0.404,0.89,0.696,0.99,0.526,0.07,0.384,0.17
177,,0.394,0.88,0.686,0.98,0.516,0.06,0.374,0.16
178,,0.384,0.87,0.676,0.97,0.506,0.05,0.364,0.15
179,,0.374,0.86,0.666,0.96,0.496,0.04,0.354,0.14
180,,0.364,0.85,0.656,0.95,0.486,0.03,0.344,0.13
181,,0.354,0.84,0.646,0.94,0.476,0.02,0.334,0.12
182,,0.344,0.83,0.636,0.93,0.466,0.01,0.324,0.11
183,,0.334,0.82,0.626,0.92,0.456,0.0,0.314,0.1
184,,0.324,0.81,0.616,0.91,0.446,-0.01,0.304,0.09
185,6,0.031,0.4,0.323,0.9,0.719,0.99,0.577,0.08
186,6,-0.262,-0.01,0.03,0.89,0.992,1.0,0.85,0.07
187,1,0.738,0.263,0.02,0.597,0.582,0.707,0.84,0.343
188,1,1.0,0.536,0.01,0.304,0.172,0.414,0.83,0.616
189,,0.99,0.526,0.0,0.294,0.162,0.404,0.82,0.606
190,,0.98,0.516,-0.01,0.284,0.152,0.394,0.81,0.596
191,3,0.97,0.789,0.99,0.557,0.142,0.101,0.4,0.303
192,3,0.96,1.0,1.0,0.83,0.132,-0.192,-0.01,0.01
193,6,0.667,0.59,0.707,0.82,0.405,0.808,0.263,0.0
194,6,0.374,0.18,0.414,0.81,0.678,1.0,0.536,-0.01
195,8,0.647,0.17,0.121,0.4,0.385,0.99,0.809,0.99
196,8,0.92,0.16,-0.172,-0.01,0.092,0.98,1.0,1.0
197,3,0.91,0.433,0.828,0.263,0.082,0.687,0.59,0.707
198,3,0.9,0.706,1.0,0.536,0.072,0.394,0.18,0.414
199,,0.89,0.696,0.99,0.526,0.062,0.384,0.17,0.404
200,,0.88,0.686,0.98,0.516,0.052,0.374,0.16,0.394
201,,0.87,0.676,0.97,0.506,0.042,0.364,0.15,0.384
202,,0.86,0.666,0.96,0.496,0.032,0.354,0.14,0.374
203,,0.85,0.656,0.95,0.486,0.022,0.344,0.13,0.364
204,,0.84,0.646,0.94,0.476,0.012,0.334,0.12,0.354
205,,0.83,0.636,0.93,0.466,0.002,0.324,0.11,0.344
206,,0.82,0.626,0.92,0.456,-0.008,0.314,0.1,0.334
207,5,0.41,0.333,0.91,0.729,0.992,0.587,0.09,0.041
208,5,-0.0,0.04,0.9,1.0,1.0,0.86,0.08,-0.252
209,8,0.273,0.03,0.607,0.59,0.707,0.85,0.353,0.748
210,8,0.546,0.02,0.314,0.18,0.414,0.84,0.626,1.0
211,,0.536,0.01,0.304,0.17,0.404,0.83,0.616,0.99
212,,0.526,0.0,0.294,0.16,0.394,0.82,0.606,0.98
213,,0.516,-0.01,0.284,0.15,0.384,0.81,0.596,0.97
214,2,0.789,0.99,0.557,0.14,0.091,0.4,0.303,0.96
215,2,1.0,1.0,0.83,0.13,-0.202,-0.01,0.01,0.95
216,5,0.59,0.707,0.82,0.403,0.798,0.263,0.0,0.657
217,5,0.18,0.414,0.81,0.676,1.0,0.536,-0.01,0.364
218,7,0.17,0.121,0.4,0.383,0.99,0.809,0.99,0.637
219,7,0.16,-0.172,-0.01,0.09,0.98,1.0,1.0,0.91
220,2,0.433,0.828,0.263,0.08,0.687,0.59,0.707,0.9
221,2,0.706,1.0,0.536,0.07,0.394,0.18,0.414,0.89
222,,0.696,0.99,0.526,0.06,0.384,0.17,0.404,0.88
223,,0.686,0.98,0.516,0.05,0.374,0.16,0.394,0.87
224,,0.676,0.97,0.506,0.04,0.364,0.15,0.384,0.86
225,,0.666,0.96,0.496,0.03,0.354,0.14,0.374,0.85
226,,0.656,0.95,0.486,0.02,0.344,0.13,0.364,0.84
227,,0.646,0.94,0.476,0.01,0.334,0.12,0.354,0.83
228,,0.636,0.93,0.466,0.0,0.324,0.11,0.344,0.82
229,,0.626,0.92,0.456,-0.01,0.314,0.1,0.334,0.81
230,4,0.333,0.91,0.729,0.99,0.587,0.09,0.041,0.4
231,4,0.04,0.9,1.0,1.0,0.86,0.08,-0.252,-0.01
232,7,0.03,0.607,0.59,0.707,0.85,0.353,0.748,0.263
233,7,0.02,0.314,0.18,0.414,0.84,0.626,1.0,0.536
234,,0.01,0.304,0.17,0.404,0.83,0.616,0.99,0.526
235,,0.0,0.294,0.16,0.394,0.82,0.606,0.98,0.516
236,,-0.01,0.284,0.15,0.384,0.81,0.596,0.97,0.506
237,1,0.99,0.557,0.14,0.091,0.4,0.303,0.96,0.779
238,1,1.0,0.83,0.13,-0.202,-0.01,0.01,0.95,1.0
239,4,0.707,0.82,0.403,0.798,0.263,0.0,0.657,0.59
240,4,0.414,0.81,0.676,1.0,0.536,-0.01,0.364,0.18
241,6,0.121,0.4,0.383,0.99,0.809,0.99,0.637,0.17
242,6,-0.172,-0.01,0.09,0.98,1.0,1.0,0.91,0.16
243,1,0.828,0.263,0.08,0.687,0.59,0.707,0.9,0.433
244,1,1.0,0.536,0.07,0.394,0.18,0.414,0.89,0.706
245,,0.99,0.526,0.06,0.384,0.17,0.404,0.88,0.696
246,,0.98,0.516,0.05,0.374,0.16,0.394,0.87,0.686
247,,0.97,0.506,0.04,0.364,0.15,0.384,0.86,0.676
248,,0.96,0.496,0.03,0.354,0.14,0.374,0.85,0.666
249,,0.95,0.486,0.02,0.344,0.13,0.364,0.84,0.656
250,,0.94,0.476,0.01,0.334,0.12,0.354,0.83,0.646
251,,0.93,0.466,0.0,0.324,0.11,0.344,0.82,0.636
252,,0.92,0.456,-0.01,0.314,0.1,0.334,0.81,0.626
253,3,0.91,0.729,0.99,0.587,0.09,0.041,0.4,0.333
254,3,0.9,1.0,1.0,0.86,0.08,-0.252,-0.01,0.04
255,6,0.607,0.59,0.707,0.85,0.353,0.748,0.263,0.03
256,6,0.314,0.18,0.414,0.84,0.626,1.0,0.536,0.02
257,,0.304,0.17,0.404,0.83,0.616,0.99,0.526,0.01
258,,0.294,0.16,0.394,0.82,0.606,0.98,0.516,0.0
259,,0.284,0.15,0.384,0.81,0.596,0.97,0.506,-0.01
260,8,0.557,0.14,0.091,0.4,0.303,0.96,0.779,0.99
261,8,0.83,0.13,-0.202,-0.01,0.01,0.95,1.0,1.0
262,3,0.82,0.403,0.798,0.263,0.0,0.657,0.59,0.707
263,3,0.81,0.676,1.0,0.536,-0.01,0.364,0.18,0.414
264,5,0.4,0.383,0.99,0.809,0.99,0.637,0.17,0.121
265,5,-0.01,0.09,0.98,1.0,1.0,0.91,0.16,-0.172
266,8,0.263,0.08,0.687,0.59,0.707,0.9,0.433,0.828
267,8,0.536,0.07,0.394,0.18,0.414,0.89,0.706,1.0
268,,0.526,0.06,0.384,0.17,0.404,0.88,0.696,0.99
269,,0.516,0.05,0.374,0.16,0.394,0.87,0.686,0.98
270,,0.506,0.04,0.364,0.15,0.384,0.86,0.676,0.97
271,,0.496,0.03,0.354,0.14,0.374,0.85,0.666,0.96
272,,0.486,0.02,0.344,0.13,0.364,0.84,0.656,0.95
273,,0.476,0.01,0.334,0.12,0.354,0.83,0.646,0.94
274,,0.466,0.0,0.324,0.11,0.344,0.82,0.636,0.93
275,,0.456,-0.01,0.314,0.1,0.334,0.81,0.626,0.92
276,2,0.729,0.99,0.587,0.09,0.041,0.4,0.333,0.91
277,2,1.0,1.0,0.86,0.08,-0.252,-0.01,0.04,0.9
278,5,0.59,0.707,0.85,0.353,0.748,0.263,0.03,0.607
279,5,0.18,0.414,0.84,0.626,1.0,0.536,0.02,0.314
280,,0.17,0.404,0.83,0.616,0.99,0.526,0.01,0.304
281,,0.16,0.394,0.82,0.606,0.98,0.516,0.0,0.294
282,,0.15,0.384,0.81,0.596,0.97,0.506,-0.01,0.284
283,7,0.14,0.091,0.4,0.303,0.96,0.779,0.99,0.557
284,7,0.13,-0.202,-0.01,0.01,0.95,1.0,1.0,0.83
285,2,0.403,0.798,0.263,0.0,0.657,0.59,0.707,0.82
286,2,0.676,1.0,0.536,-0.01,0.364,0.18,0.414,0.81
287,4,0.383,0.99,0.809,0.99,0.637,0.17,0.121,0.4
288,4,0.09,0.98,1.0,1.0,0.91,0.16,-0.172,-0.01
289,7,0.08,0.687,0.59,0.707,0.9,0.433,0.828,0.263
290,7,0.07,0.394,0.18,0.414,0.89,0.706,1.0,0.536
291,,0.06,0.384,0.17,0.404,0.88,0.696,0.99,0.526
292,,0.05,0.374,0.16,0.394,0.87,0.686,0.98,0.516
293,,0.04,0.364,0.15,0.384,0.86,0.676,0.97,0.506
294,,0.03,0.354,0.14,0.374,0.85,0.666,0.96,0.496
295,,0.02,0.344,0.13,0.364,0.84,0.656,0.95,0.486
296,,0.01,0.334,0.12,0.354,0.83,0.646,0.94,0.476
297,,0.0,0.324,0.11,0.344,0.82,0.636,0.93,0.466
298,,-0.01,0.314,0.1,0.334,0.81,0.626,0.92,0.456
299,1,0.99,0.587,0.09,0.041,0.4,0.333,0.91,0.729
300,1,1.0,0.86,0.08,-0.252,-0.01,0.04,0.9,1.0
301,4,0.707,0.85,0.353,0.748,0.263,0.03,0.607,0.59
302,4,0.414,0.84,0.626,1.0,0.536,0.02,0.314,0.18
303,,0.404,0.83,0.616,0.99,0.526,0.01,0.304,0.17
304,,0.394,0.82,0.606,0.98,0.516,0.0,0.294,0.16
305,,0.384,0.81,0.596,0.97,0.506,-0.01,0.284,0.15
306,6,0.091,0.4,0.303,0.96,0.779,0.99,0.557,0.14
307,6,-0.202,-0.01,0.01,0.95,1.0,1.0,0.83,0.13
308,1,0.798,0.263,0.0,0.657,0.59,0.707,0.82,0.403
309,1,1.0,0.536,-0.01,0.364,0.18,0.414,0.81,0.676
310,3,0.99,0.809,0.99,0.637,0.17,0.121,0.4,0.383
311,3,0.98,1.0,1.0,0.91,0.16,-0.172,-0.01,0.09
312,6,0.687,0.59,0.707,0.9,0.433,0.828,0.263,0.08
313,6,0.394,0.18,0.414,0.89,0.706,1.0,0.536,0.07
314,,0.384,0.17,0.404,0.88,0.696,0.99,0.526,0.06
315,,0.374,0.16,0.394,0.87,0.686,0.98,0.516,0.05
316,,0.364,0.15,0.384,0.86,0.676,0.97,0.506,0.04
317,,0.354,0.14,0.374,0.85,0.666,0.96,0.496,0.03
318,,0.344,0.13,0.364,0.84,0.656,0.95,0.486,0.02
319,,0.334,0.12,0.354,0.83,0.646,0.94,0.476,0.01
320,,0.324,0.11,0.344,0.82,0.636,0.93,0.466,0.0
321,,0.314,0.1,0.334,0.81,0.626,0.92,0.456,-0.01
322,8,0.587,0.09,0.041,0.4,0.333,0.91,0.729,0.99
323,8,0.86,0.08,-0.252,-0.01,0.04,0.9,1.0,1.0
324,3,0.85,0.353,0.748,0.263,0.03,0.607,0.59,0.707
325,3,0.84,0.626,1.0,0.536,0.02,0.314,0.18,0.414
326,,0.83,0.616,0.99,0.526,0.01,0.304,0.17,0.404
327,,0.82,0.606,0.98,0.516,0.0,0.294,0.16,0.394
328,,0.81,0.596,0.97,0.506,-0.01,0.284,0.15,0.384
329,5,0.4,0.303,0.96,0.779,0.99,0.557,0.14,0.091
330,5,-0.01,0.01,0.95,1.0,1.0,0.83,0.13,-0.202
331,8,0.263,0.0,0.657,0.59,0.707,0.82,0.403,0.798
332,8,0.536,-0.01,0.364,0.18,0.414,0.81,0.676,1.0
333,2,0.809,0.99,0.637,0.17,0.121,0.4,0.383,0.99
334,2,1.0,1.0,0.91,0.16,-0.172,-0.01,0.09,0.98
335,5,0.59,0.707,0.9,0.433,0.828,0.263,0.08,0.687
336,5,0.18,0.414,0.89,0.706,1.0,0.536,0.07,0.394
337,,0.17,0.404,0.88,0.696,0.99,0.526,0.06,0.384
338,,0.16,0.394,0.87,0.686,0.98,0.516,0.05,0.374
339,,0.15,0.384,0.86,0.676,0.97,0.506,0.04,0.364
340,,0.14,0.374,0.85,0.666,0.96,0.496,0.03,0.354
341,,0.13,0.364,0.84,0.656,0.95,0.486,0.02,0.344
342,,0.12,0.354,0.83,0.646,0.94,0.476,0.01,0.334
343,,0.11,0.344,0.82,0.636,0.93,0.466,0.0,0.324
344,,0.1,0.334,0.81,0.626,0.92,0.456,-0.01,0.314
345,7,0.09,0.041,0.4,0.333,0.91,0.729,0.99,0.587
346,7,0.08,-0.252,-0.01,0.04,0.9,1.0,1.0,0.86
347,2,0.353,0.748,0.263,0.03,0.607,0.59,0.707,0.85
348,2,0.626,1.0,0.536,0.02,0.314,0.18,0.414,0.84
349,,0.616,0.99,0.526,0.01,0.304,0.17,0.404,0.83
350,,0.606,0.98,0.516,0.0,0.294,0.16,0.394,0.82
351,,0.596,0.97,0.506,-0.01,0.284,0.15,0.384,0.81
352,4,0.303,0.96,0.779,0.99,0.557,0.14,0.091,0.4
353,4,0.01,0.95,1.0,1.0,0.83,0.13,-0.202,-0.01
354,7,0.0,0.657,0.59,0.707,0.82,0.403,0.798,0.263
355,7,-0.01,0.364,0.18,0.414,0.81,0.676,1.0,0.536
356,1,0.99,0.637,0.17,0.121,0.4,0.383,0.99,0.809
357,1,1.0,0.91,0.16,-0.172,-0.01,0.09,0.98,1.0
358,4,0.707,0.9,0.433,0.828,0.263,0.08,0.687,0.59
359,4,0.414,0.89,0.706,1.0,0.536,0.07,0.394,0.18
360,,0.404,0.88,0.696,0.99,0.526,0.06,0.384,0.17
361,,0.394,0.87,0.686,0.98,0.516,0.05,0.374,0.16
362,,0.384,0.86,0.676,0.97,0.506,0.04,0.364,0.15
363,,0.374,0.85,0.666,0.96,0.496,0.03,0.354,0.14
364,,0.364,0.84,0.656,0.95,0.486,0.02,0.344,0.13
365,,0.354,0.83,0.646,0.94,0.476,0.01,0.334,0.12
366,,0.344,0.82,0.636,0.93,0.466,0.0,0.324,0.11
367,,0.334,0.81,0.626,0.92,0.456,-0.01,0.314,0.1
368,6,0.041,0.4,0.333,0.91,0.729,0.99,0.587,0.09
369,6,-0.252,-0.01,0.04,0.9,1.0,1.0,0.86,0.08
370,1,0.748,0.263,0.03,0.607,0.59,0.707,0.85,0.353
371,1,1.0,0.536,0.02,0.314,0.18,0.414,0.84,0.626
372,,0.99,0.526,0.01,0.304,0.17,0.404,0.83,0.616
373,,0.98,0.516,0.0,0.294,0.16,0.394,0.82,0.606
374,,0.97,0.506,-0.01,0.284,0.15,0.384,0.81,0.596
375,3,0.96,0.779,0.99,0.557,0.14,0.091,0.4,0.303
376,3,0.95,1.0,1.0,0.83,0.13,-0.202,-0.01,0.01
377,6,0.657,0.59,0.707,0.82,0.403,0.798,0.263,0.0
378,6,0.364,0.18,0.414,0.81,0.676,1.0,0.536,-0.01
379,8,0.637,0.17,0.121,0.4,0.383,0.99,0.809,0.99
380,8,0.91,0.16,-0.172,-0.01,0.09,0.98,1.0,1.0
381,3,0.9,0.433,0.828,0.263,0.08,0.687,0.59,0.707
382,3,0.89,0.706,1.0,0.536,0.07,0.394,0.18,0.414
383,,0.88,0.696,0.99,0.526,0.06,0.384,0.17,0.404
384,,0.87,0.686,0.98,0.516,0.05,0.374,0.16,0.394
385,,0.86,0.676,0.97,0.506,0.04,0.364,0.15,0.384
386,,0.85,0.666,0.96,0.496,0.03,0.354,0.14,0.374
387,,0.84,0.656,0.95,0.486,0.02,0.344,0.13,0.364
388,,0.83,0.646,0.94,0.476,0.01,0.334,0.12,0.354
389,,0.82,0.636,0.93,0.466,0.0,0.324,0.11,0.344
390,,0.81,0.626,0.92,0.456,-0.01,0.314,0.1,0.334
391,5,0.4,0.333,0.91,0.729,0.99,0.587,0.09,0.041
392,5,-0.01,0.04,0.9,1.0,1.0,0.86,0.08,-0.252
393,8,0.263,0.03,0.607,0.59,0.707,0.85,0.353,0.748
394,8,0.536,0.02,0.314,0.18,0.414,0.84,0.626,1.0
395,,0.526,0.01,0.304,0.17,0.404,0.83,0.616,0.99
396,,0.516,0.0,0.294,0.16,0.394,0.82,0.606,0.98
397,,0.506,-0.01,0.284,0.15,0.384,0.81,0.596,0.97
398,2,0.779,0.99,0.557,0.14,0.091,0.4,0.303,0.96
399,2,1.0,1.0,0.83,0.13,-0.202,-0.01,0.01,0.95
400,5,0.59,0.707,0.82,0.403,0.798,0.263,0.0,0.657
401,5,0.18,0.414,0.81,0.676,1.0,0.536,-0.01,0.364
402,7,0.17,0.121,0.4,0.383,0.99,0.809,0.99,0.637
403,7,0.16,-0.172,-0.01,0.09,0.98,1.0,1.0,0.91
404,2,0.433,0.828,0.263,0.08,0.687,0.59,0.707,0.9
405,2,0.706,1.0,0.536,0.07,0.394,0.18,0.414,0.89
406,,0.696,0.99,0.526,0.06,0.384,0.17,0.404,0.88
407,,0.686,0.98,0.516,0.05,0.374,0.16,0.394,0.87
408,,0.676,0.97,0.506,0.04,0.364,0.15,0.384,0.86
409,,0.666,0.96,0.496,0.03,0.354,0.14,0.374,0.85
410,,0.656,0.95,0.486,0.02,0.344,0.13,0.364,0.84
411,,0.646,0.94,0.476,0.01,0.334,0.12,0.354,0.83
412,,0.636,0.93,0.466,0.0,0.324,0.11,0.344,0.82
413,,0.626,0.92,0.456,-0.01,0.314,0.1,0.334,0.81
414,4,0.333,0.91,0.729,0.99,0.587,0.09,0.041,0.4
415,4,0.04,0.9,1.0,1.0,0.86,0.08,-0.252,-0.01
416,7,0.03,0.607,0.59,0.707,0.85,0.353,0.748,0.263
417,7,0.02,0.314,0.18,0.414,0.84,0.626,1.0,0.536
418,,0.01,0.304,0.17,0.404,0.83,0.616,0.99,0.526
419,,0.0,0.294,0.16,0.394,0.82,0.606,0.98,0.516
420,,-0.01,0.284,0.15,0.384,0.81,0.596,0.97,0.506
421,1,0.99,0.557,0.14,0.091,0.4,0.303,0.96,0.779
422,1,1.0,0.83,0.13,-0.202,-0.01,0.01,0.95,1.0
423,4,0.707,0.82,0.403,0.798,0.263,0.0,0.657,0.59
424,4,0.414,0.81,0.676,1.0,0.536,-0.01,0.364,0.18
425,6,0.121,0.4,0.383,0.99,0.809,0.99,0.637,0.17
426,6,-0.172,-0.01,0.09,0.98,1.0,1.0,0.91,0.16
427,1,0.828,0.263,0.08,0.687,0.59,0.707,0.9,0.433
428,1,1.0,0.536,0.07,0.394,0.18,0.414,0.89,0.706
429,,0.99,0.526,0.06,0.384,0.17,0.404,0.88,0.696
430,,0.98,0.516,0.05,0.374,0.16,0.394,0.87,0.686
431,,0.97,0.506,0.04,0.364,0.15,0.384,0.86,0.676
432,,0.96,0.496,0.03,0.354,0.14,0.374,0.85,0.666
433,,0.95,0.486,0.02,0.344,0.13,0.364,0.84,0.656
434,,0.94,0.476,0.01,0.334,0.12,0.354,0.83,0.646
435,,0.93,0.466,0.0,0.324,0.11,0.344,0.82,0.636
436,,0.92,0.456,-0.01,0.314,0.1,0.334,0.81,0.626
437,3,0.91,0.729,0.99,0.587,0.09,0.041,0.4,0.333
438,3,0.9,1.0,1.0,0.86,0.08,-0.252,-0.01,0.04
439,6,0.607,0.59,0.707,0.85,0.353,0.748,0.263,0.03
440,6,0.314,0.18,0.414,0.84,0.626,1.0,0.536,0.02
441,,0.304,0.17,0.404,0.83,0.616,0.99,0.526,0.01
442,,0.294,0.16,0.394,0.82,0.606,0.98,0.516,0.0
443,,0.284,0.15,0.384,0.81,0.596,0.97,0.506,-0.01
444,8,0.557,0.14,0.091,0.4,0.303,0.96,0.779,0.99
445,8,0.83,0.13,-0.202,-0.01,0.01,0.95,1.0,1.0
446,3,0.82,0.403,0.798,0.263,0.0,0.657,0.59,0.707
447,3,0.81,0.676,1.0,0.536,-0.01,0.364,0.18,0.414
448,5,0.4,0.383,0.99,0.809,0.99,0.637,0.17,0.121
449,5,-0.01,0.09,0.98,1.0,1.0,0.91,0.16,-0.172
450,8,0.263,0.08,0.687,0.59,0.707,0.9,0.433,0.828
451,8,0.536,0.07,0.394,0.18,0.414,0.89,0.706,1.0
452,,0.526,0.06,0.384,0.17,0.404,0.88,0.696,0.99
453,,0.516,0.05,0.374,0.16,0.394,0.87,0.686,0.98
454,,0.506,0.04,0.364,0.15,0.384,0.86,0.676,0.97
455,,0.496,0.03,0.354,0.14,0.374,0.85,0.666,0.96
456,,0.486,0.02,0.344,0.13,0.364,0.84,0.656,0.95
457,,0.476,0.01,0.334,0.12,0.354,0.83,0.646,0.94
458,,0.466,0.0,0.324,0.11,0.344,0.82,0.636,0.93
459,,0.456,-0.01,0.314,0.1,0.334,0.81,0.626,0.92
460,2,0.729,0.99,0.587,0.09,0.041,0.4,0.333,0.91
461,2,1.0,1.0,0.86,0.08,-0.252,-0.01,0.04,0.9
462,5,0.59,0.707,0.85,0.353,0.748,0.263,0.03,0.607
463,5,0.18,0.414,0.84,0.626,1.0,0.536,0.02,0.314
464,,0.17,0.404,0.83,0.616,0.99,0.526,0.01,0.304
465,,0.16,0.394,0.82,0.606,0.98,0.516,0.0,0.294
466,,0.15,0.384,0.81,0.596,0.97,0.506,-0.01,0.284
467,7,0.14,0.091,0.4,0.303,0.96,0.779,0.99,0.557
468,7,0.13,-0.202,-0.01,0.01,0.95,1.0,1.0,0.83
469,2,0.403,0.798,0.263,0.0,0.657,0.59,0.707,0.82
470,2,0.676,1.0,0.536,-0.01,0.364,0.18,0.414,0.81
471,4,0.383,0.99,0.809,0.99,0.637,0.17,0.121,0.4
472,4,0.09,0.98,1.0,1.0,0.91,0.16,-0.172,-0.01
473,7,0.08,0.687,0.59,0.707,0.9,0.433,0.828,0.263
474,7,0.07,0.394,0.18,0.414,0.89,0.706,1.0,0.536
475,,0.06,0.384,0.17,0.404,0.88,0.696,0.99,0.526
476,,0.05,0.374,0.16,0.394,0.87,0.686,0.98,0.516
477,,0.04,0.364,0.15,0.384,0.86,0.676,0.97,0.506
478,,0.03,0.354,0.14,0.374,0.85,0.666,0.96,0.496
479,,0.02,0.344,0.13,0.364,0.84,0.656,0.95,0.486
480,,0.01,0.334,0.12,0.354,0.83,0.646,0.94,0.476
481,,0.0,0.324,0.11,0.344,0.82,0.636,0.93,0.466
482,,-0.01,0.314,0.1,0.334,0.81,0.626,0.92,0.456
483,1,0.99,0.587,0.09,0.041,0.4,0.333,0.91,0.729
484,1,1.0,0.86,0.08,-0.252,-0.01,0.04,0.9,1.0
485,4,0.707,0.85,0.353,0.748,0.263,0.03,0.607,0.59
486,4,0.414,0.84,0.626,1.0,0.536,0.02,0.314,0.18
487,,0.404,0.83,0.616,0.99,0.526,0.01,0.304,0.17
488,,0.394,0.82,0.606,0.98,0.516,0.0,0.294,0.16
489,,0.384,0.81,0.596,0.97,0.506,-0.01,0.284,0.15
490,6,0.091,0.4,0.303,0.96,0.779,0.99,0.557,0.14
491,6,-0.202,-0.01,0.01,0.95,1.0,1.0,0.83,0.13
492,1,0.798,0.263,0.0,0.657,0.59,0.707,0.82,0.403
493,1,1.0,0.536,-0.01,0.364,0.18,0.414,0.81,0.676
494,3,0.99,0.809,0.99,0.637,0.17,0.121,0.4,0.383
495,3,0.98,1.0,1.0,0.91,0.16,-0.172,-0.01,0.09
496,6,0.687,0.59,0.707,0.9,0.433,0.828,0.263,0.08
497,6,0.394,0.18,0.414,0.89,0.706,1.0,0.536,0.07
498,,0.384,0.17,0.404,0.88,0.696,0.99,0.526,0.06
499,,0.374,0.16,0.394,0.87,0.686,0.98,0.516,0.05
500,,0.364,0.15,0.384,0.86,0.676,0.97,0.506,0.04
501,,0.354,0.14,0.374,0.85,0.666,0.96,0.496,0.03
502,,0.344,0.13,0.364,0.84,0.656,0.95,0.486,0.02
503,,0.334,0.12,0.354,0.83,0.646,0.94,0.476,0.01
504,,0.324,0.11,0.344,0.82,0.636,0.93,0.466,0.0
505,,0.314,0.1,0.334,0.81,0.626,0.92,0.456,-0.01
506,8,0.587,0.09,0.041,0.4,0.333,0.91,0.729,0.99
507,8,0.86,0.08,-0.252,-0.01,0.04,0.9,1.0,1.0
508,3,0.85,0.353,0.748,0.263,0.03,0.607,0.59,0.707
509,3,0.84,0.626,1.0,0.536,0.02,0.314,0.18,0.414
510,,0.83,0.616,0.99,0.526,0.01,0.304,0.17,0.404
511,,0.82,0.606,0.98,0.516,0.0,0.294,0.16,0.394
512,,0.81,0.596,0.97,0.506,-0.01,0.284,0.15,0.384
513,5,0.4,0.303,0.96,0.779,0.99,0.557,0.14,0.091
514,5,-0.01,0.01,0.95,1.0,1.0,0.83,0.13,-0.202
515,8,0.263,0.0,0.657,0.59,0.707,0.82,0.403,0.798
516,8,0.536,-0.01,0.364,0.18,0.414,0.81,0.676,1.0
517,2,0.809,0.99,0.637,0.17,0.121,0.4,0.383,0.99
518,2,1.0,1.0,0.91,0.16,-0.172,-0.01,0.09,0.98
519,5,0.59,0.707,0.9,0.433,0.828,0.263,0.08,0.687
520,5,0.18,0.414,0.89,0.706,1.0,0.536,0.07,0.394
521,,0.17,0.404,0.88,0.696,0.99,0.526,0.06,0.384
522,,0.16,0.394,0.87,0.686,0.98,0.516,0.05,0.374
523,,0.15,0.384,0.86,0.676,0.97,0.506,0.04,0.364
524,,0.14,0.374,0.85,0.666,0.96,0.496,0.03,0.354
525,,0.13,0.364,0.84,0.656,0.95,0.486,0.02,0.344
526,,0.12,0.354,0.83,0.646,0.94,0.476,0.01,0.334
527,,0.11,0.344,0.82,0.636,0.93,0.466,0.0,0.324
528,,0.1,0.334,0.81,0.626,0.92,0.456,-0.01,0.314
529,7,0.09,0.041,0.4,0.333,0.91,0.729,0.99,0.587
530,7,0.08,-0.252,-0.01,0.04,0.9,1.0,1.0,0.86
531,2,0.353,0.748,0.263,0.03,0.607,0.59,0.707,0.85
532,2,0.626,1.0,0.536,0.02,0.314,0.18,0.414,0.84
533,,0.616,0.99,0.526,0.01,0.304,0.17,0.404,0.83
534,,0.606,0.98,0.516,0.0,0.294,0.16,0.394,0.82
535,,0.596,0.97,0.506,-0.01,0.284,0.15,0.384,0.81
536,4,0.303,0.96,0.779,0.99,0.557,0.14,0.091,0.4
537,4,0.01,0.95,1.0,1.0,0.83,0.13,-0.202,-0.01
538,7,0.0,0.657,0.59,0.707,0.82,0.403,0.798,0.263
539,7,-0.01,0.364,0.18,0.414,0.81,0.676,1.0,0.536
540,1,0.99,0.637,0.17,0.121,0.4,0.383,0.99,0.809
541,1,1.0,0.91,0.16,-0.172,-0.01,0.09,0.98,1.0
542,4,0.707,0.9,0.433,0.828,0.263,0.08,0.687,0.59
543,4,0.414,0.89,0.706,1.0,0.536,0.07,0.394,0.18
544,,0.404,0.88,0.696,0.99,0.526,0.06,0.384,0.17
545,,0.394,0.87,0.686,0.98,0.516,0.05,0.374,0.16
546,,0.384,0.86,0.676,0.97,0.506,0.04,0.364,0.15
547,,0.374,0.85,0.666,0.96,0.496,0.03,0.354,0.14
548,,0.364,0.84,0.656,0.95,0.486,0.02,0.344,0.13
549,,0.354,0.83,0.646,0.94,0.476,0.01,0.334,0.12
550,,0.344,0.82,0.636,0.93,0.466,0.0,0.324,0.11
551,,0.334,0.81,0.626,0.92,0.456,-0.01,0.314,0.1
552,6,0.041,0.4,0.333,0.91,0.729,0.99,0.587,0.09
553,6,-0.252,-0.01,0.04,0.9,1.0,1.0,0.86,0.08
554,1,0.748,0.263,0.03,0.607,0.59,0.707,0.85,0.353
555,1,1.0,0.536,0.02,0.314,0.18,0.414,0.84,0.626
556,,0.99,0.526,0.01,0.304,0.17,0.404,0.83,0.616
557,,0.98,0.516,0.0,0.294,0.16,0.394,0.82,0.606
558,,0.97,0.506,-0.01,0.284,0.15,0.384,0.81,0.596
559,3,0.96,0.779,0.99,0.557,0.14,0.091,0.4,0.303
560,3,0.95,1.0,1.0,0.83,0.13,-0.202,-0.01,0.01
561,6,0.657,0.59,0.707,0.82,0.403,0.798,0.263,0.0
562,6,0.364,0.18,0.414,0.81,0.676,1.0,0.536,-0.01
563,8,0.637,0.17,0.121,0.4,0.383,0.99,0.809,0.99
564,8,0.91,0.16,-0.172,-0.01,0.09,0.98,1.0,1.0
565,3,0.9,0.433,0.828,0.263,0.08,0.687,0.59,0.707
566,3,0.89,0.706,1.0,0.536,0.07,0.394,0.18,0.414
567,,0.88,0.696,0.99,0.526,0.06,0.384,0.17,0.404
568,,0.87,0.686,0.98,0.516,0.05,0.374,0.16,0.394
569,,0.86,0.676,0.97,0.506,0.04,0.364,0.15,0.384
570,,0.85,0.666,0.96,0.496,0.03,0.354,0.14,0.374
571,,0.84,0.656,0.95,0.486,0.02,0.344,0.13,0.364
572,,0.83,0.646,0.94,0.476,0.01,0.334,0.12,0.354
573,,0.82,0.636,0.93,0.466,0.0,0.324,0.11,0.344
574,,0.81,0.626,0.92,0.456,-0.01,0.314,0.1,0.334
575,5,0.4,0.333,0.91,0.729,0.99,0.587,0.09,0.041
576,5,-0.01,0.04,0.9,1.0,1.0,0.86,0.08,-0.252
577,8,0.263,0.03,0.607,0.59,0.707,0.85,0.353,0.748
578,8,0.536,0.02,0.314,0.18,0.414,0.84,0.626,1.0
579,,0.526,0.01,0.304,0.17,0.404,0.83,0.616,0.99
580,,0.516,0.0,0.294,0.16,0.394,0.82,0.606,0.98
581,,0.506,-0.01,0.284,0.15,0.384,0.81,0.596,0.97
582,2,0.779,0.99,0.557,0.14,0.091,0.4,0.303,0.96
583,2,1.0,1.0,0.83,0.13,-0.202,-0.01,0.01,0.95
584,5,0.59,0.707,0.82,0.403,0.798,0.263,0.0,0.657
585,5,0.18,0.414,0.81,0.676,1.0,0.536,-0.01,0.364
586,7,0.17,0.121,0.4,0.383,0.99,0.809,0.99,0.637
587,7,0.16,-0.172,-0.01,0.09,0.98,1.0,1.0,0.91
588,2,0.433,0.828,0.263,0.08,0.687,0.59,0.707,0.9
589,2,0.706,1.0,0.536,0.07,0.394,0.18,0.414,0.89
590,,0.696,0.99,0.526,0.06,0.384,0.17,0.404,0.88
591,,0.686,0.98,0.516,0.05,0.374,0.16,0.394,0.87
592,,0.676,0.97,0.506,0.04,0.364,0.15,0.384,0.86
593,,0.666,0.96,0.496,0.03,0.354,0.14,0.374,0.85
594,,0.656,0.95,0.486,0.02,0.344,0.13,0.364,0.84
595,,0.646,0.94,0.476,0.01,0.334,0.12,0.354,0.83
596,,0.636,0.93,0.466,0.0,0.324,0.11,0.344,0.82
597,,0.626,0.92,0.456,-0.01,0.314,0.1,0.334,0.81
598,4,0.333,0.91,0.729,0.99,0.587,0.09,0.041,0.4
599,4,0.04,0.9,1.0,1.0,0.86,0.08,-0.252,-0.01
600,7,0.03,0.607,0.59,0.707,0.85,0.353,0.748,0.263
601,7,0.02,0.314,0.18,0.414,0.84,0.626,1.0,0.536
602,,0.01,0.304,0.17,0.404,0.83,0.616,0.99,0.526
603,,0.0,0.294,0.16,0.394,0.82,0.606,0.98,0.516
604,,-0.01,0.284,0.15,0.384,0.81,0.596,0.97,0.506
605,1,0.99,0.557,0.14,0.091,0.4,0.303,0.96,0.779
606,1,1.0,0.83,0.13,-0.202,-0.01,0.01,0.95,1.0
607,4,0.707,0.82,0.403,0.798,0.263,0.0,0.657,0.59
608,4,0.414,0.81,0.676,1.0,0.536,-0.01,0.364,0.18
609,6,0.121,0.4,0.383,0.99,0.809,0.99,0.637,0.17
610,6,-0.172,-0.01,0.09,0.98,1.0,1.0,0.91,0.16
611,1,0.828,0.263,0.08,0.687,0.59,0.707,0.9,0.433
612,1,1.0,0.536,0.07,0.394,0.18,0.414,0.89,0.706
613,,0.99,0.526,0.06,0.384,0.17,0.404,0.88,0.696
614,,0.98,0.516,0.05,0.374,0.16,0.394,0.87,0.686
615,,0.97,0.506,0.04,0.364,0.15,0.384,0.86,0.676
616,,0.96,0.496,0.03,0.354,0.14,0.374,0.85,0.666
617,,0.95,0.486,0.02,0.344,0.13,0.364,0.84,0.656
618,,0.94,0.476,0.01,0.334,0.12,0.354,0.83,0.646
619,,0.93,0.466,0.0,0.324,0.11,0.344,0.82,0.636
620,,0.92,0.456,-0.01,0.314,0.1,0.334,0.81,0.626
621,3,0.91,0.729,0.99,0.587,0.09,0.041,0.4,0.333
622,3,0.9,1.0,1.0,0.86,0.08,-0.252,-0.01,0.04
623,6,0.607,0.59,0.707,0.85,0.353,0.748,0.263,0.03
624,6,0.314,0.18,0.414,0.84,0.626,1.0,0.536,0.02
625,,0.304,0.17,0.404,0.83,0.616,0.99,0.526,0.01
626,,0.294,0.16,0.394,0.82,0.606,0.98,0.516,0.0
627,,0.284,0.15,0.384,0.81,0.596,0.97,0.506,-0.01
628,8,0.557,0.14,0.091,0.4,0.303,0.96,0.779,0.99
629,8,0.83,0.13,-0.202,-0.01,0.01,0.95,1.0,1.0
630,3,0.82,0.403,0.798,0.263,0.0,0.657,0.59,0.707
631,3,0.81,0.676,1.0,0.536,-0.01,0.364,0.18,0.414
632,5,0.4,0.383,0.99,0.809,0.99,0.637,0.17,0.121
633,5,-0.01,0.09,0.98,1.0,1.0,0.91,0.16,-0.172
634,8,0.263,0.08,0.687,0.59,0.707,0.9,0.433,0.828
635,8,0.536,0.07,0.394,0.18,0.414,0.89,0.706,1.0
636,,0.526,0.06,0.384,0.17,0.404,0.88,0.696,0.99
637,,0.516,0.05,0.374,0.16,0.394,0.87,0.686,0.98
638,,0.506,0.04,0.364,0.15,0.384,0.86,0.676,0.97
639,,0.496,0.03,0.354,0.14,0.374,0.85,0.666,0.96
640,,0.486,0.02,0.344,0.13,0.364,0.84,0.656,0.95
641,,0.476,0.01,0.334,0.12,0.354,0.83,0.646,0.94
642,,0.466,0.0,0.324,0.11,0.344,0.82,0.636,0.93
643,,0.456,-0.01,0.314,0.1,0.334,0.81,0.626,0.92
644,2,0.729,0.99,0.587,0.09,0.041,0.4,0.333,0.91
645,2,1.0,1.0,0.86,0.08,-0.252,-0.01,0.04,0.9
646,5,0.59,0.707,0.85,0.353,0.748,0.263,0.03,0.607
647,5,0.18,0.414,0.84,0.626,1.0,0.536,0.02,0.314
648,,0.17,0.404,0.83,0.616,0.99,0.526,0.01,0.304
649,,0.16,0.394,0.82,0.606,0.98,0.516,0.0,0.294
650,,0.15,0.384,0.81,0.596,0.97,0.506,-0.01,0.284
651,7,0.14,0.091,0.4,0.303,0.96,0.779,0.99,0.557
652,7,0.13,-0.202,-0.01,0.01,0.95,1.0,1.0,0.83
653,2,0.403,0.798,0.263,0.0,0.657,0.59,0.707,0.82
654,2,0.676,1.0,0.536,-0.01,0.364,0.18,0.414,0.81
655,4,0.383,0.99,0.809,0.99,0.637,0.17,0.121,0.4
656,4,0.09,0.98,1.0,1.0,0.91,0.16,-0.172,-0.01
657,7,0.08,0.687,0.59,0.707,0.9,0.433,0.828,0.263
658,7,0.07,0.394,0.18,0.414,0.89,0.706,1.0,0.536
659,,0.06,0.384,0.17,0.404,0.88,0.696,0.99,0.526
660,,0.05,0.374,0.16,0.394,0.87,0.686,0.98,0.516
661,,0.04,0.364,0.15,0.384,0.86,0.676,0.97,0.506
662,,0.03,0.354,0.14,0.374,0.85,0.666,0.96,0.496
663,,0.02,0.344,0.13,0.364,0.84,0.656,0.95,0.486
664,,0.01,0.334,0.12,0.354,0.83,0.646,0.94,0.476
665,,0.0,0.324,0.11,0.344,0.82,0.636,0.93,0.466
666,,-0.01,0.314,0.1,0.334,0.81,0.626,0.92,0.456
667,1,0.99,0.587,0.09,0.041,0.4,0.333,0.91,0.729
668,1,1.0,0.86,0.08,-0.252,-0.01,0.04,0.9,1.0
669,4,0.707,0.85,0.353,0.748,0.263,0.03,0.607,0.59
670,4,0.414,0.84,0.626,1.0,0.536,0.02,0.314,0.18
671,,0.404,0.83,0.616,0.99,0.526,0.01,0.304,0.17
672,,0.394,0.82,0.606,0.98,0.516,0.0,0.294,0.16
673,,0.384,0.81,0.596,0.97,0.506,-0.01,0.284,0.15
674,6,0.091,0.4,0.303,0.96,0.779,0.99,0.557,0.14
675,6,-0.202,-0.01,0.01,0.95,1.0,1.0,0.83,0.13
676,1,0.798,0.263,0.0,0.657,0.59,0.707,0.82,0.403
677,1,1.0,0.536,-0.01,0.364,0.18,0.414,0.81,0.676
678,3,0.99,0.809,0.99,0.637,0.17,0.121,0.4,0.383
679,3,0.98,1.0,1.0,0.91,0.16,-0.172,-0.01,0.09
680,6,0.687,0.59,0.707,0.9,0.433,0.828,0.263,0.08
681,6,0.394,0.18,0.414,0.89,0.706,1.0,0.536,0.07
682,,0.384,0.17,0.404,0.88,0.696,0.99,0.526,0.06
683,,0.374,0.16,0.394,0.87,0.686,0.98,0.516,0.05
684,,0.364,0.15,0.384,0.86,0.676,0.97,0.506,0.04
685,,0.354,0.14,0.374,0.85,0.666,0.96,0.496,0.03
686,,0.344,0.13,0.364,0.84,0.656,0.95,0.486,0.02
687,,0.334,0.12,0.354,0.83,0.646,0.94,0.476,0.01
688,,0.324,0.11,0.344,0.82,0.636,0.93,0.466,0.0
689,,0.314,0.1,0.334,0.81,0.626,0.92,0.456,-0.01
690,8,0.587,0.09,0.041,0.4,0.333,0.91,0.729,0.99
691,8,0.86,0.08,-0.252,-0.01,0.04,0.9,1.0,1.0
692,3,0.85,0.353,0.748,0.263,0.03,0.607,0.59,0.707
693,3,0.84,0.626,1.0,0.536,0.02,0.314,0.18,0.414
694,,0.83,0.616,0.99,0.526,0.01,0.304,0.17,0.404
695,,0.82,0.606,0.98,0.516,0.0,0.294,0.16,0.394
696,,0.81,0.596,0.97,0.506,-0.01,0.284,0.15,0.384
697,5,0.4,0.303,0.96,0.779,0.99,0.557,0.14,0.091
698,5,-0.01,0.01,0.95,1.0,1.0,0.83,0.13,-0.202
699,8,0.263,0.0,0.657,0.59,0.707,0.82,0.403,0.798
700,8,0.536,-0.01,0.364,0.18,0.414,0.81,0.676,1.0
701,2,0.809,0.99,0.637,0.17,0.121,0.4,0.383,0.99
702,2,1.0,1.0,0.91,0.16,-0.172,-0.01,0.09,0.98
703,5,0.59,0.707,0.9,0.433,0.828,0.263,0.08,0.687
704,5,0.18,0.414,0.89,0.706,1.0,0.536,0.07,0.394
705,,0.17,0.404,0.88,0.696,0.99,0.526,0.06,0.384
706,,0.16,0.394,0.87,0.686,0.98,0.516,0.05,0.374
707,,0.15,0.384,0.86,0.676,0.97,0.506,0.04,0.364
708,,0.14,0.374,0.85,0.666,0.96,0.496,0.03,0.354
709,,0.13,0.364,0.84,0.656,0.95,0.486,0.02,0.344
710,,0.12,0.354,0.83,0.646,0.94,0.476,0.01,0.334
711,,0.11,0.344,0.82,0.636,0.93,0.466,0.0,0.324
712,,0.1,0.334,0.81,0.626,0.92,0.456,-0.01,0.314
713,7,0.09,0.041,0.4,0.333,0.91,0.729,0.99,0.587
714,7,0.08,-0.252,-0.01,0.04,0.9,1.0,1.0,0.86
715,2,0.353,0.748,0.263,0.03,0.607,0.59,0.707,0.85
716,2,0.626,1.0,0.536,0.02,0.314,0.18,0.414,0.84
717,,0.616,0.99,0.526,0.01,0.304,0.17,0.404,0.83
718,,0.606,0.98,0.516,0.0,0.294,0.16,0.394,0.82
719,,0.596,0.97,0.506,-0.01,0.284,0.15,0.384,0.81
720,4,0.303,0.96,0.779,0.99,0.557,0.14,0.091,0.4
721,4,0.01,0.95,1.0,1.0,0.83,0.13,-0.202,-0.01
722,7,0.0,0.657,0.59,0.707,0.82,0.403,0.798,0.263
723,7,-0.01,0.364,0.18,0.414,0.81,0.676,1.0,0.536
724,1,0.99,0.637,0.17,0.121,0.4,0.383,0.99,0.809
725,1,1.0,0.91,0.16,-0.172,-0.01,0.09,0.98,1.0
726,4,0.707,0.9,0.433,0.828,0.263,0.08,0.687,0.59
727,4,0.414,0.89,0.706,1.0,0.536,0.07,0.394,0.18
728,,0.404,0.88,0.696,0.99,0.526,0.06,0.384,0.17
729,,0.394,0.87,0.686,0.98,0.516,0.05,0.374,0.16
730,,0.384,0.86,0.676,0.97,0.506,0.04,0.364,0.15
731,,0.374,0.85,0.666,0.96,0.496,0.03,0.354,0.14
732,,0.364,0.84,0.656,0.95,0.486,0.02,0.344,0.13
733,,0.354,0.83,0.646,0.94,0.476,0.01,0.334,0.12
734,,0.344,0.82,0.636,0.93,0.466,0.0,0.324,0.11
735,,0.334,0.81,0.626,0.92,0.456,-0.01,0.314,0.1
736,6,0.041,0.4,0.333,0.91,0.729,0.99,0.587,0.09
737,6,-0.252,-0.01,0.04,0.9,1.0,1.0,0.86,0.08
738,1,0.748,0.263,0.03,0.607,0.59,0.707,0.85,0.353
739,1,1.0,0.536,0.02,0.314,0.18,0.414,0.84,0.626
740,,0.99,0.526,0.01,0.304,0.17,0.404,0.83,0.616
741,,0.98,0.516,0.0,0.294,0.16,0.394,0.82,0.606
742,,0.97,0.506,-0.01,0.284,0.15,0.384,0.81,0.596
743,3,0.96,0.779,0.99,0.557,0.14,0.091,0.4,0.303
744,3,0.95,1.0,1.0,0.83,0.13,-0.202,-0.01,0.01
745,6,0.657,0.59,0.707,0.82,0.403,0.798,0.263,0.0
746,6,0.364,0.18,0.414,0.81,0.676,1.0,0.536,-0.01
747,8,0.637,0.17,0.121,0.4,0.383,0.99,0.809,0.99
748,8,0.91,0.16,-0.172,-0.01,0.09,0.98,1.0,1.0
749,3,0.9,0.433,0.828,0.263,0.08,0.687,0.59,0.707
750,3,0.89,0.706,1.0,0.536,0.07,0.394,0.18,0.414
751,,0.88,0.696,0.99,0.526,0.06,0.384,0.17,0.404
752,,0.87,0.686,0.98,0.516,0.05,0.374,0.16,0.394
753,,0.86,0.676,0.97,0.506,0.04,0.364,0.15,0.384
754,,0.85,0.666,0.96,0.496,0.03,0.354,0.14,0.374
755,,0.84,0.656,0.95,0.486,0.02,0.344,0.13,0.364
756,,0.83,0.646,0.94,0.476,0.01,0.334,0.12,0.354
757,,0.82,0.636,0.93,0.466,0.0,0.324,0.11,0.344
758,,0.81,0.626,0.92,0.456,-0.01,0.314,0.1,0.334
759,5,0.4,0.333,0.91,0.729,0.99,0.587,0.09,0.041
760,5,-0.01,0.04,0.9,1.0,1.0,0.86,0.08,-0.252
761,8,0.263,0.03,0.607,0.59,0.707,0.85,0.353,0.748
762,8,0.536,0.02,0.314,0.18,0.414,0.84,0.626,1.0
763,,0.526,0.01,0.304,0.17,0.404,0.83,0.616,0.99
764,,0.516,0.0,0.294,0.16,0.394,0.82,0.606,0.98
765,,0.506,-0.01,0.284,0.15,0.384,0.81,0.596,0.97
766,2,0.779,0.99,0.557,0.14,0.091,0.4,0.303,0.96
767,2,1.0,1.0,0.83,0.13,-0.202,-0.01,0.01,0.95
768,5,0.59,0.707,0.82,0.403,0.798,0.263,0.0,0.657
769,5,0.18,0.414,0.81,0.676,1.0,0.536,-0.01,0.364
770,7,0.17,0.121,0.4,0.383,0.99,0.809,0.99,0.637
771,7,0.16,-0.172,-0.01,0.09,0.98,1.0,1.0,0.91
772,2,0.433,0.828,0.263,0.08,0.687,0.59,0.707,0.9
773,2,0.706,1.0,0.536,0.07,0.394,0.18,0.414,0.89
774,,0.696,0.99,0.526,0.06,0.384,0.17,0.404,0.88
775,,0.686,0.98,0.516,0.05,0.374,0.16,0.394,0.87
776,,0.676,0.97,0.506,0.04,0.364,0.15,0.384,0.86
777,,0.666,0.96,0.496,0.03,0.354,0.14,0.374,0.85
778,,0.656,0.95,0.486,0.02,0.344,0.13,0.364,0.84
779,,0.646,0.94,0.476,0.01,0.334,0.12,0.354,0.83
780,,0.636,0.93,0.466,0.0,0.324,0.11,0.344,0.82
781,,0.626,0.92,0.456,-0.01,0.314,0.1,0.334,0.81
782,4,0.333,0.91,0.729,0.99,0.587,0.09,0.041,0.4
783,4,0.04,0.9,1.0,1.0,0.86,0.08,-0.252,-0.01
784,7,0.03,0.607,0.59,0.707,0.85,0.353,0.748,0.263
785,7,0.02,0.314,0.18,0.414,0.84,0.626,1.0,0.536
786,,0.01,0.304,0.17,0.404,0.83,0.616,0.99,0.526
787,,0.0,0.294,0.16,0.394,0.82,0.606,0.98,0.516
788,,-0.01,0.284,0.15,0.384,0.81,0.596,0.97,0.506
789,1,0.99,0.557,0.14,0.091,0.4,0.303,0.96,0.779
790,1,1.0,0.83,0.13,-0.202,-0.01,0.01,0.95,1.0
791,4,0.707,0.82,0.403,0.798,0.263,0.0,0.657,0.59
792,4,0.414,0.81,0.676,1.0,0.536,-0.01,0.364,0.18
793,6,0.121,0.4,0.383,0.99,0.809,0.99,0.637,0.17
794,6,-0.172,-0.01,0.09,0.98,1.0,1.0,0.91,0.16
795,1,0.828,0.263,0.08,0.687,0.59,0.707,0.9,0.433
796,1,1.0,0.536,0.07,0.394,0.18,0.414,0.89,0.706
797,,0.99,0.526,0.06,0.384,0.17,0.404,0.88,0.696
798,,0.98,0.516,0.05,0.374,0.16,0.394,0.87,0.686
799,,0.97,0.506,0.04,0.364,0.15,0.384,0.86,0.676
800,,0.96,0.496,0.03,0.354,0.14,0.374,0.85,0.666
801,,0.95,0.486,0.02,0.344,0.13,0.364,0.84,0.656
802,,0.94,0.476,0.01,0.334,0.12,0.354,0.83,0.646
803,,0.93,0.466,0.0,0.324,0.11,0.344,0.82,0.636
804,,0.92,0.456,-0.01,0.314,0.1,0.334,0.81,0.626
805,3,0.91,0.729,0.99,0.587,0.09,0.041,0.4,0.333
