step,active_motive,motive_1,motive_2,motive_3,motive_4,motive_5,motive_6,motive_7,motive_8
0,,0.19879,0.25888,0.41886,0.33785,0.36761,0.10454,0.27072,0.34789
1,,0.18879,0.24888,0.40886,0.32785,0.35761,0.09454,0.26072,0.33789
2,,0.17879,0.23888,0.39886,0.31785,0.34761,0.08454,0.25072,0.32789
3,,0.16879,0.22888,0.38886,0.30785,0.33761,0.07454,0.24072,0.31789
4,,0.15879,0.21888,0.37886,0.29785,0.32761,0.06454,0.23072,0.30789
5,,0.14879,0.20888,0.36886,0.28785,0.31761,0.05454,0.22072,0.29789
6,,0.13879,0.19888,0.35886,0.27785,0.30761,0.04454,0.21072,0.28789
7,,0.12879,0.18888,0.34886,0.26785,0.29761,0.03454,0.20072,0.27789
8,,0.11879,0.17888,0.33886,0.25785,0.28761,0.02454,0.19072,0.26789
9,,0.10879,0.16888,0.32886,0.24785,0.27761,0.01454,0.18072,0.25789
10,,0.09879,0.15888,0.31886,0.23785,0.26761,0.00454,0.17072,0.24789
11,,0.08879,0.14888,0.30886,0.22785,0.25761,-0.00546,0.16072,0.23789
12,6,-0.20421,-0.26112,0.01586,0.21785,0.53061,0.99454,0.43372,0.22789
13,6,-0.49721,-0.67112,-0.27714,0.20785,0.80361,1.0,0.70672,0.21789
14,2,-0.22421,0.32888,-0.00414,0.19785,0.51061,0.59,0.41372,0.20789
15,2,0.04879,1.0,0.26886,0.18785,0.21761,0.18,0.12072,0.19789
16,,0.03879,0.99,0.25886,0.17785,0.20761,0.17,0.11072,0.18789
17,,0.02879,0.98,0.24886,0.16785,0.19761,0.16,0.10072,0.17789
18,,0.01879,0.97,0.23886,0.15785,0.18761,0.15,0.09072,0.16789
19,,0.00879,0.96,0.22886,0.14785,0.17761,0.14,0.08072,0.15789
20,,-0.00121,0.95,0.21886,0.13785,0.16761,0.13,0.07072,0.14789
21,1,0.99879,1.0,0.20886,-0.15515,-0.24239,-0.163,0.06072,0.42089
22,1,1.0,1.0,0.19886,-0.44815,-0.65239,-0.456,0.05072,0.69389
23,5,0.59,0.707,0.18886,-0.17515,0.34761,-0.183,0.04072,0.40089
24,5,0.18,0.414,0.17886,0.09785,1.0,0.09,0.03072,0.10789
25,,0.17,0.404,0.16886,0.08785,0.99,0.08,0.02072,0.09789
26,,0.16,0.394,0.15886,0.07785,0.98,0.07,0.01072,0.08789
27,,0.15,0.384,0.14886,0.06785,0.97,0.06,0.00072,0.07789
28,,0.14,0.374,0.13886,0.05785,0.96,0.05,-0.00928,0.06789
29,7,0.13,0.081,-0.27114,-0.23515,0.95,0.323,0.99072,0.34089
30,7,0.12,-0.212,-0.68114,-0.52815,0.94,0.596,1.0,0.61389
31,3,0.11,0.061,0.31886,-0.25515,0.93,0.303,0.59,0.32089
32,3,0.1,0.334,1.0,0.01785,0.92,0.01,0.18,0.02789
33,,0.09,0.324,0.99,0.00785,0.91,0.0,0.17,0.01789
34,,0.08,0.314,0.98,-0.00215,0.9,-0.01,0.16,0.00789
35,6,-0.213,-0.096,0.687,-0.01215,1.0,0.99,0.433,-0.00211
36,6,-0.506,-0.506,0.394,-0.02215,1.0,1.0,0.706,-0.01211
37,1,0.494,-0.233,0.384,-0.31515,0.59,0.707,0.696,0.26089
38,1,1.0,0.04,0.374,-0.60815,0.18,0.414,0.686,0.53389
39,4,0.707,0.03,0.647,0.39185,0.453,0.404,0.393,0.12389
40,4,0.414,0.02,0.92,1.0,0.726,0.394,0.1,-0.28611
41,8,0.687,0.01,0.627,0.59,0.433,0.384,0.373,0.71389
42,8,0.96,0.0,0.334,0.18,0.14,0.374,0.646,1.0
43,,0.95,-0.01,0.324,0.17,0.13,0.364,0.636,0.99
44,2,1.0,0.99,0.597,0.16,-0.163,-0.046,0.343,0.98
45,2,1.0,1.0,0.87,0.15,-0.456,-0.456,0.05,0.97
46,6,0.707,0.59,0.577,0.14,-0.183,0.544,0.323,0.96
47,6,0.414,0.18,0.284,0.13,0.09,1.0,0.596,0.95
48,,0.404,0.17,0.274,0.12,0.08,0.99,0.586,0.94
49,,0.394,0.16,0.264,0.11,0.07,0.98,0.576,0.93
50,,0.384,0.15,0.254,0.1,0.06,0.97,0.566,0.92
51,,0.374,0.14,0.244,0.09,0.05,0.96,0.556,0.91
52,,0.364,0.13,0.234,0.08,0.04,0.95,0.546,0.9
53,,0.354,0.12,0.224,0.07,0.03,0.94,0.536,0.89
54,,0.344,0.11,0.214,0.06,0.02,0.93,0.526,0.88
55,,0.334,0.1,0.204,0.05,0.01,0.92,0.516,0.87
56,,0.324,0.09,0.194,0.04,0.0,0.91,0.506,0.86
57,,0.314,0.08,0.184,0.03,-0.01,0.9,0.496,0.85
58,5,-0.096,-0.213,0.174,0.303,0.99,1.0,0.486,0.557
59,5,-0.506,-0.506,0.164,0.576,1.0,1.0,0.476,0.264
60,2,-0.233,0.494,0.437,0.566,0.707,0.59,0.183,0.254
61,2,0.04,1.0,0.71,0.556,0.414,0.18,-0.11,0.244
62,7,0.03,0.707,0.3,0.263,0.404,0.453,0.89,0.517
63,7,0.02,0.414,-0.11,-0.03,0.394,0.726,1.0,0.79
64,3,0.01,0.687,0.89,0.243,0.384,0.433,0.59,0.497
65,3,0.0,0.96,1.0,0.516,0.374,0.14,0.18,0.204
66,,-0.01,0.95,0.99,0.506,0.364,0.13,0.17,0.194
67,1,0.99,1.0,0.98,0.213,-0.046,-0.163,0.16,0.467
68,1,1.0,1.0,0.97,-0.08,-0.456,-0.456,0.15,0.74
69,6,0.707,0.59,0.677,-0.09,-0.183,0.544,0.423,0.73
70,6,0.414,0.18,0.384,-0.1,0.09,1.0,0.696,0.72
71,4,0.121,0.17,0.657,0.9,0.363,0.99,0.403,0.31
72,4,-0.172,0.16,0.93,1.0,0.636,0.98,0.11,-0.1
73,1,0.828,0.433,0.92,0.707,0.226,0.687,0.1,0.173
74,1,1.0,0.706,0.91,0.414,-0.184,0.394,0.09,0.446
75,5,0.59,0.413,0.9,0.687,0.816,0.667,0.08,0.153
76,5,0.18,0.12,0.89,0.96,1.0,0.94,0.07,-0.14
77,8,0.453,0.11,0.597,0.55,0.707,0.93,0.343,0.86
78,8,0.726,0.1,0.304,0.14,0.414,0.92,0.616,1.0
79,,0.716,0.09,0.294,0.13,0.404,0.91,0.606,0.99
80,,0.706,0.08,0.284,0.12,0.394,0.9,0.596,0.98
81,,0.696,0.07,0.274,0.11,0.384,0.89,0.586,0.97
82,,0.686,0.06,0.264,0.1,0.374,0.88,0.576,0.96
83,,0.676,0.05,0.254,0.09,0.364,0.87,0.566,0.95
84,,0.666,0.04,0.244,0.08,0.354,0.86,0.556,0.94
85,,0.656,0.03,0.234,0.07,0.344,0.85,0.546,0.93
86,,0.646,0.02,0.224,0.06,0.334,0.84,0.536,0.92
87,,0.636,0.01,0.214,0.05,0.324,0.83,0.526,0.91
88,,0.626,0.0,0.204,0.04,0.314,0.82,0.516,0.9
89,,0.616,-0.01,0.194,0.03,0.304,0.81,0.506,0.89
90,2,0.889,0.99,0.467,0.02,0.011,0.4,0.213,0.88
91,2,1.0,1.0,0.74,0.01,-0.282,-0.01,-0.08,0.87
92,5,0.59,0.707,0.73,0.283,0.718,0.263,-0.09,0.577
93,5,0.18,0.414,0.72,0.556,1.0,0.536,-0.1,0.284
94,7,0.17,0.121,0.31,0.263,0.99,0.809,0.9,0.557
95,7,0.16,-0.172,-0.1,-0.03,0.98,1.0,1.0,0.83
96,2,0.433,0.828,0.173,-0.04,0.687,0.59,0.707,0.82
97,2,0.706,1.0,0.446,-0.05,0.394,0.18,0.414,0.81
98,4,0.413,0.99,0.719,0.95,0.667,0.17,0.121,0.4
99,4,0.12,0.98,0.992,1.0,0.94,0.16,-0.172,-0.01
100,7,0.11,0.687,0.582,0.707,0.93,0.433,0.828,0.263
101,7,0.1,0.394,0.172,0.414,0.92,0.706,1.0,0.536
102,,0.09,0.384,0.162,0.404,0.91,0.696,0.99,0.526
103,,0.08,0.374,0.152,0.394,0.9,0.686,0.98,0.516
104,,0.07,0.364,0.142,0.384,0.89,0.676,0.97,0.506
105,,0.06,0.354,0.132,0.374,0.88,0.666,0.96,0.496
106,,0.05,0.344,0.122,0.364,0.87,0.656,0.95,0.486
107,,0.04,0.334,0.112,0.354,0.86,0.646,0.94,0.476
108,,0.03,0.324,0.102,0.344,0.85,0.636,0.93,0.466
109,,0.02,0.314,0.092,0.334,0.84,0.626,0.92,0.456
110,,0.01,0.304,0.082,0.324,0.83,0.616,0.91,0.446
111,,0.0,0.294,0.072,0.314,0.82,0.606,0.9,0.436
112,,-0.01,0.284,0.062,0.304,0.81,0.596,0.89,0.426
113,1,0.99,0.557,0.052,0.011,0.4,0.303,0.88,0.699
114,1,1.0,0.83,0.042,-0.282,-0.01,0.01,0.87,0.972
115,4,0.707,0.82,0.315,0.718,0.263,0.0,0.577,0.562
116,4,0.414,0.81,0.588,1.0,0.536,-0.01,0.284,0.152
117,6,0.121,0.4,0.295,0.99,0.809,0.99,0.557,0.142
118,6,-0.172,-0.01,0.002,0.98,1.0,1.0,0.83,0.132
119,1,0.828,0.263,-0.008,0.687,0.59,0.707,0.82,0.405
120,1,1.0,0.536,-0.018,0.394,0.18,0.414,0.81,0.678
121,3,0.99,0.809,0.982,0.667,0.17,0.121,0.4,0.385
122,3,0.98,1.0,1.0,0.94,0.16,-0.172,-0.01,0.092
123,6,0.687,0.59,0.707,0.93,0.433,0.828,0.263,0.082
124,6,0.394,0.18,0.414,0.92,0.706,1.0,0.536,0.072
125,,0.384,0.17,0.404,0.91,0.696,0.99,0.526,0.062
126,,0.374,0.16,0.394,0.9,0.686,0.98,0.516,0.052
127,,0.364,0.15,0.384,0.89,0.676,0.97,0.506,0.042
128,,0.354,0.14,0.374,0.88,0.666,0.96,0.496,0.032
129,,0.344,0.13,0.364,0.87,0.656,0.95,0.486,0.022
130,,0.334,0.12,0.354,0.86,0.646,0.94,0.476,0.012
131,,0.324,0.11,0.344,0.85,0.636,0.93,0.466,0.002
132,,0.314,0.1,0.334,0.84,0.626,0.92,0.456,-0.008
133,8,0.587,0.09,0.041,0.43,0.333,0.91,0.729,0.992
134,8,0.86,0.08,-0.252,0.02,0.04,0.9,1.0,1.0
135,3,0.85,0.353,0.748,0.293,0.03,0.607,0.59,0.707
136,3,0.84,0.626,1.0,0.566,0.02,0.314,0.18,0.414
137,,0.83,0.616,0.99,0.556,0.01,0.304,0.17,0.404
138,,0.82,0.606,0.98,0.546,0.0,0.294,0.16,0.394
139,,0.81,0.596,0.97,0.536,-0.01,0.284,0.15,0.384
140,5,0.4,0.303,0.96,0.809,0.99,0.557,0.14,0.091
141,5,-0.01,0.01,0.95,1.0,1.0,0.83,0.13,-0.202
142,8,0.263,0.0,0.657,0.59,0.707,0.82,0.403,0.798
143,8,0.536,-0.01,0.364,0.18,0.414,0.81,0.676,1.0
144,2,0.809,0.99,0.637,0.17,0.121,0.4,0.383,0.99
145,2,1.0,1.0,0.91,0.16,-0.172,-0.01,0.09,0.98
146,5,0.59,0.707,0.9,0.433,0.828,0.263,0.08,0.687
147,5,0.18,0.414,0.89,0.706,1.0,0.536,0.07,0.394
148,,0.17,0.404,0.88,0.696,0.99,0.526,0.06,0.384
149,,0.16,0.394,0.87,0.686,0.98,0.516,0.05,0.374
150,,0.15,0.384,0.86,0.676,0.97,0.506,0.04,0.364
151,,0.14,0.374,0.85,0.666,0.96,0.496,0.03,0.354
152,,0.13,0.364,0.84,0.656,0.95,0.486,0.02,0.344
153,,0.12,0.354,0.83,0.646,0.94,0.476,0.01,0.334
154,,0.11,0.344,0.82,0.636,0.93,0.466,0.0,0.324
155,,0.1,0.334,0.81,0.626,0.92,0.456,-0.01,0.314
156,7,0.09,0.041,0.4,0.333,0.91,0.729,0.99,0.587
157,7,0.08,-0.252,-0.01,0.04,0.9,1.0,1.0,0.86
158,2,0.353,0.748,0.263,0.03,0.607,0.59,0.707,0.85
159,2,0.626,1.0,0.536,0.02,0.314,0.18,0.414,0.84
160,,0.616,0.99,0.526,0.01,0.304,0.17,0.404,0.83
161,,0.606,0.98,0.516,0.0,0.294,0.16,0.394,0.82
162,,0.596,0.97,0.506,-0.01,0.284,0.15,0.384,0.81
163,4,0.303,0.96,0.779,0.99,0.557,0.14,0.091,0.4
164,4,0.01,0.95,1.0,1.0,0.83,0.13,-0.202,-0.01
165,7,0.0,0.657,0.59,0.707,0.82,0.403,0.798,0.263
166,7,-0.01,0.364,0.18,0.414,0.81,0.676,1.0,0.536
167,1,0.99,0.637,0.17,0.121,0.4,0.383,0.99,0.809
168,1,1.0,0.91,0.16,-0.172,-0.01,0.09,0.98,1.0
169,4,0.707,0.9,0.433,0.828,0.263,0.08,0.687,0.59
170,4,0.414,0.89,0.706,1.0,0.536,0.07,0.394,0.18
171,,0.404,0.88,0.696,0.99,0.526,0.06,0.384,0.17
172,,0.394,0.87,0.686,0.98,0.516,0.05,0.374,0.16
173,,0.384,0.86,0.676,0.97,0.506,0.04,0.364,0.15
174,,0.374,0.85,0.666,0.96,0.496,0.03,0.354,0.14
175,,0.364,0.84,0.656,0.95,0.486,0.02,0.344,0.13
176,,0.354,0.83,0.646,0.94,0.476,0.01,0.334,0.12
177,,0.344,0.82,0.636,0.93,0.466,0.0,0.324,0.11
178,,0.334,0.81,0.626,0.92,0.456,-0.01,0.314,0.1
179,6,0.041,0.4,0.333,0.91,0.729,0.99,0.587,0.09
180,6,-0.252,-0.01,0.04,0.9,1.0,1.0,0.86,0.08
181,1,0.748,0.263,0.03,0.607,0.59,0.707,0.85,0.353
182,1,1.0,0.536,0.02,0.314,0.18,0.414,0.84,0.626
183,,0.99,0.526,0.01,0.304,0.17,0.404,0.83,0.616
184,,0.98,0.516,0.0,0.294,0.16,0.394,0.82,0.606
185,,0.97,0.506,-0.01,0.284,0.15,0.384,0.81,0.596
186,3,0.96,0.779,0.99,0.557,0.14,0.091,0.4,0.303
187,3,0.95,1.0,1.0,0.83,0.13,-0.202,-0.01,0.01
188,6,0.657,0.59,0.707,0.82,0.403,0.798,0.263,0.0
189,6,0.364,0.18,0.414,0.81,0.676,1.0,0.536,-0.01
190,8,0.637,0.17,0.121,0.4,0.383,0.99,0.809,0.99
191,8,0.91,0.16,-0.172,-0.01,0.09,0.98,1.0,1.0
192,3,0.9,0.433,0.828,0.263,0.08,0.687,0.59,0.707
193,3,0.89,0.706,1.0,0.536,0.07,0.394,0.18,0.414
194,,0.88,0.696,0.99,0.526,0.06,0.384,0.17,0.404
195,,0.87,0.686,0.98,0.516,0.05,0.374,0.16,0.394
196,,0.86,0.676,0.97,0.506,0.04,0.364,0.15,0.384
197,,0.85,0.666,0.96,0.496,0.03,0.354,0.14,0.374
198,,0.84,0.656,0.95,0.486,0.02,0.344,0.13,0.364
199,,0.83,0.646,0.94,0.476,0.01,0.334,0.12,0.354
200,,0.82,0.636,0.93,0.466,0.0,0.324,0.11,0.344
201,,0.81,0.626,0.92,0.456,-0.01,0.314,0.1,0.334
202,5,0.4,0.333,0.91,0.729,0.99,0.587,0.09,0.041
203,5,-0.01,0.04,0.9,1.0,1.0,0.86,0.08,-0.252
204,8,0.263,0.03,0.607,0.59,0.707,0.85,0.353,0.748
205,8,0.536,0.02,0.314,0.18,0.414,0.84,0.626,1.0
206,,0.526,0.01,0.304,0.17,0.404,0.83,0.616,0.99
207,,0.516,0.0,0.294,0.16,0.394,0.82,0.606,0.98
208,,0.506,-0.01,0.284,0.15,0.384,0.81,0.596,0.97
209,2,0.779,0.99,0.557,0.14,0.091,0.4,0.303,0.96
210,2,1.0,1.0,0.83,0.13,-0.202,-0.01,0.01,0.95
211,5,0.59,0.707,0.82,0.403,0.798,0.263,0.0,0.657
212,5,0.18,0.414,0.81,0.676,1.0,0.536,-0.01,0.364
213,7,0.17,0.121,0.4,0.383,0.99,0.809,0.99,0.637
214,7,0.16,-0.172,-0.01,0.09,0.98,1.0,1.0,0.91
215,2,0.433,0.828,0.263,0.08,0.687,0.59,0.707,0.9
216,2,0.706,1.0,0.536,0.07,0.394,0.18,0.414,0.89
217,,0.696,0.99,0.526,0.06,0.384,0.17,0.404,0.88
218,,0.686,0.98,0.516,0.05,0.374,0.16,0.394,0.87
219,,0.676,0.97,0.506,0.04,0.364,0.15,0.384,0.86
220,,0.666,0.96,0.496,0.03,0.354,0.14,0.374,0.85
221,,0.656,0.95,0.486,0.02,0.344,0.13,0.364,0.84
222,,0.646,0.94,0.476,0.01,0.334,0.12,0.354,0.83
223,,0.636,0.93,0.466,0.0,0.324,0.11,0.344,0.82
224,,0.626,0.92,0.456,-0.01,0.314,0.1,0.334,0.81
225,4,0.333,0.91,0.729,0.99,0.587,0.09,0.041,0.4
226,4,0.04,0.9,1.0,1.0,0.86,0.08,-0.252,-0.01
227,7,0.03,0.607,0.59,0.707,0.85,0.353,0.748,0.263
228,7,0.02,0.314,0.18,0.414,0.84,0.626,1.0,0.536
229,,0.01,0.304,0.17,0.404,0.83,0.616,0.99,0.526
230,,0.0,0.294,0.16,0.394,0.82,0.606,0.98,0.516
231,,-0.01,0.284,0.15,0.384,0.81,0.596,0.97,0.506
232,1,0.99,0.557,0.14,0.091,0.4,0.303,0.96,0.779
233,1,1.0,0.83,0.13,-0.202,-0.01,0.01,0.95,1.0
234,4,0.707,0.82,0.403,0.798,0.263,0.0,0.657,0.59
235,4,0.414,0.81,0.676,1.0,0.536,-0.01,0.364,0.18
236,6,0.121,0.4,0.383,0.99,0.809,0.99,0.637,0.17
237,6,-0.172,-0.01,0.09,0.98,1.0,1.0,0.91,0.16
238,1,0.828,0.263,0.08,0.687,0.59,0.707,0.9,0.433
239,1,1.0,0.536,0.07,0.394,0.18,0.414,0.89,0.706
240,,0.99,0.526,0.06,0.384,0.17,0.404,0.88,0.696
241,,0.98,0.516,0.05,0.374,0.16,0.394,0.87,0.686
242,,0.97,0.506,0.04,0.364,0.15,0.384,0.86,0.676
243,,0.96,0.496,0.03,0.354,0.14,0.374,0.85,0.666
244,,0.95,0.486,0.02,0.344,0.13,0.364,0.84,0.656
245,,0.94,0.476,0.01,0.334,0.12,0.354,0.83,0.646
246,,0.93,0.466,0.0,0.324,0.11,0.344,0.82,0.636
247,,0.92,0.456,-0.01,0.314,0.1,0.334,0.81,0.626
248,3,0.91,0.729,0.99,0.587,0.09,0.041,0.4,0.333
249,3,0.9,1.0,1.0,0.86,0.08,-0.252,-0.01,0.04
250,6,0.607,0.59,0.707,0.85,0.353,0.748,0.263,0.03
251,6,0.314,0.18,0.414,0.84,0.626,1.0,0.536,0.02
252,,0.304,0.17,0.404,0.83,0.616,0.99,0.526,0.01
253,,0.294,0.16,0.394,0.82,0.606,0.98,0.516,0.0
254,,0.284,0.15,0.384,0.81,0.596,0.97,0.506,-0.01
255,8,0.557,0.14,0.091,0.4,0.303,0.96,0.779,0.99
256,8,0.83,0.13,-0.202,-0.01,0.01,0.95,1.0,1.0
257,3,0.82,0.403,0.798,0.263,0.0,0.657,0.59,0.707
258,3,0.81,0.676,1.0,0.536,-0.01,0.364,0.18,0.414
259,5,0.4,0.383,0.99,0.809,0.99,0.637,0.17,0.121
260,5,-0.01,0.09,0.98,1.0,1.0,0.91,0.16,-0.172
261,8,0.263,0.08,0.687,0.59,0.707,0.9,0.433,0.828
262,8,0.536,0.07,0.394,0.18,0.414,0.89,0.706,1.0
263,,0.526,0.06,0.384,0.17,0.404,0.88,0.696,0.99
264,,0.516,0.05,0.374,0.16,0.394,0.87,0.686,0.98
265,,0.506,0.04,0.364,0.15,0.384,0.86,0.676,0.97
266,,0.496,0.03,0.354,0.14,0.374,0.85,0.666,0.96
267,,0.486,0.02,0.344,0.13,0.364,0.84,0.656,0.95
268,,0.476,0.01,0.334,0.12,0.354,0.83,0.646,0.94
269,,0.466,0.0,0.324,0.11,0.344,0.82,0.636,0.93
270,,0.456,-0.01,0.314,0.1,0.334,0.81,0.626,0.92
271,2,0.729,0.99,0.587,0.09,0.041,0.4,0.333,0.91
272,2,1.0,1.0,0.86,0.08,-0.252,-0.01,0.04,0.9
273,5,0.59,0.707,0.85,0.353,0.748,0.263,0.03,0.607
274,5,0.18,0.414,0.84,0.626,1.0,0.536,0.02,0.314
275,,0.17,0.404,0.83,0.616,0.99,0.526,0.01,0.304
276,,0.16,0.394,0.82,0.606,0.98,0.516,0.0,0.294
277,,0.15,0.384,0.81,0.596,0.97,0.506,-0.01,0.284
278,7,0.14,0.091,0.4,0.303,0.96,0.779,0.99,0.557
279,7,0.13,-0.202,-0.01,0.01,0.95,1.0,1.0,0.83
280,2,0.403,0.798,0.263,0.0,0.657,0.59,0.707,0.82
281,2,0.676,1.0,0.536,-0.01,0.364,0.18,0.414,0.81
282,4,0.383,0.99,0.809,0.99,0.637,0.17,0.121,0.4
283,4,0.09,0.98,1.0,1.0,0.91,0.16,-0.172,-0.01
284,7,0.08,0.687,0.59,0.707,0.9,0.433,0.828,0.263
285,7,0.07,0.394,0.18,0.414,0.89,0.706,1.0,0.536
286,,0.06,0.384,0.17,0.404,0.88,0.696,0.99,0.526
287,,0.05,0.374,0.16,0.394,0.87,0.686,0.98,0.516
288,,0.04,0.364,0.15,0.384,0.86,0.676,0.97,0.506
289,,0.03,0.354,0.14,0.374,0.85,0.666,0.96,0.496
290,,0.02,0.344,0.13,0.364,0.84,0.656,0.95,0.486
291,,0.01,0.334,0.12,0.354,0.83,0.646,0.94,0.476
292,,0.0,0.324,0.11,0.344,0.82,0.636,0.93,0.466
293,,-0.01,0.314,0.1,0.334,0.81,0.626,0.92,0.456
294,1,0.99,0.587,0.09,0.041,0.4,0.333,0.91,0.729
295,1,1.0,0.86,0.08,-0.252,-0.01,0.04,0.9,1.0
296,4,0.707,0.85,0.353,0.748,0.263,0.03,0.607,0.59
297,4,0.414,0.84,0.626,1.0,0.536,0.02,0.314,0.18
298,,0.404,0.83,0.616,0.99,0.526,0.01,0.304,0.17
299,,0.394,0.82,0.606,0.98,0.516,0.0,0.294,0.16
300,,0.384,0.81,0.596,0.97,0.506,-0.01,0.284,0.15
301,6,0.091,0.4,0.303,0.96,0.779,0.99,0.557,0.14
302,6,-0.202,-0.01,0.01,0.95,1.0,1.0,0.83,0.13
303,1,0.798,0.263,0.0,0.657,0.59,0.707,0.82,0.403
304,1,1.0,0.536,-0.01,0.364,0.18,0.414,0.81,0.676
305,3,0.99,0.809,0.99,0.637,0.17,0.121,0.4,0.383
306,3,0.98,1.0,1.0,0.91,0.16,-0.172,-0.01,0.09
307,6,0.687,0.59,0.707,0.9,0.433,0.828,0.263,0.08
308,6,0.394,0.18,0.414,0.89,0.706,1.0,0.536,0.07
309,,0.384,0.17,0.404,0.88,0.696,0.99,0.526,0.06
310,,0.374,0.16,0.394,0.87,0.686,0.98,0.516,0.05
311,,0.364,0.15,0.384,0.86,0.676,0.97,0.506,0.04
312,,0.354,0.14,0.374,0.85,0.666,0.96,0.496,0.03
313,,0.344,0.13,0.364,0.84,0.656,0.95,0.486,0.02
314,,0.334,0.12,0.354,0.83,0.646,0.94,0.476,0.01
315,,0.324,0.11,0.344,0.82,0.636,0.93,0.466,0.0
316,,0.314,0.1,0.334,0.81,0.626,0.92,0.456,-0.01
317,8,0.587,0.09,0.041,0.4,0.333,0.91,0.729,0.99
318,8,0.86,0.08,-0.252,-0.01,0.04,0.9,1.0,1.0
319,3,0.85,0.353,0.748,0.263,0.03,0.607,0.59,0.707
320,3,0.84,0.626,1.0,0.536,0.02,0.314,0.18,0.414
321,,0.83,0.616,0.99,0.526,0.01,0.304,0.17,0.404
322,,0.82,0.606,0.98,0.516,0.0,0.294,0.16,0.394
323,,0.81,0.596,0.97,0.506,-0.01,0.284,0.15,0.384
324,5,0.4,0.303,0.96,0.779,0.99,0.557,0.14,0.091
325,5,-0.01,0.01,0.95,1.0,1.0,0.83,0.13,-0.202
326,8,0.263,0.0,0.657,0.59,0.707,0.82,0.403,0.798
327,8,0.536,-0.01,0.364,0.18,0.414,0.81,0.676,1.0
328,2,0.809,0.99,0.637,0.17,0.121,0.4,0.383,0.99
329,2,1.0,1.0,0.91,0.16,-0.172,-0.01,0.09,0.98
330,5,0.59,0.707,0.9,0.433,0.828,0.263,0.08,0.687
331,5,0.18,0.414,0.89,0.706,1.0,0.536,0.07,0.394
332,,0.17,0.404,0.88,0.696,0.99,0.526,0.06,0.384
333,,0.16,0.394,0.87,0.686,0.98,0.516,0.05,0.374
334,,0.15,0.384,0.86,0.676,0.97,0.506,0.04,0.364
335,,0.14,0.374,0.85,0.666,0.96,0.496,0.03,0.354
336,,0.13,0.364,0.84,0.656,0.95,0.486,0.02,0.344
337,,0.12,0.354,0.83,0.646,0.94,0.476,0.01,0.334
338,,0.11,0.344,0.82,0.636,0.93,0.466,0.0,0.324
339,,0.1,0.334,0.81,0.626,0.92,0.456,-0.01,0.314
340,7,0.09,0.041,0.4,0.333,0.91,0.729,0.99,0.587
341,7,0.08,-0.252,-0.01,0.04,0.9,1.0,1.0,0.86
342,2,0.353,0.748,0.263,0.03,0.607,0.59,0.707,0.85
343,2,0.626,1.0,0.536,0.02,0.314,0.18,0.414,0.84
344,,0.616,0.99,0.526,0.01,0.304,0.17,0.404,0.83
345,,0.606,0.98,0.516,0.0,0.294,0.16,0.394,0.82
346,,0.596,0.97,0.506,-0.01,0.284,0.15,0.384,0.81
347,4,0.303,0.96,0.779,0.99,0.557,0.14,0.091,0.4
348,4,0.01,0.95,1.0,1.0,0.83,0.13,-0.202,-0.01
349,7,0.0,0.657,0.59,0.707,0.82,0.403,0.798,0.263
350,7,-0.01,0.364,0.18,0.414,0.81,0.676,1.0,0.536
351,1,0.99,0.637,0.17,0.121,0.4,0.383,0.99,0.809
352,1,1.0,0.91,0.16,-0.172,-0.01,0.09,0.98,1.0
353,4,0.707,0.9,0.433,0.828,0.263,0.08,0.687,0.59
354,4,0.414,0.89,0.706,1.0,0.536,0.07,0.394,0.18
355,,0.404,0.88,0.696,0.99,0.526,0.06,0.384,0.17
356,,0.394,0.87,0.686,0.98,0.516,0.05,0.374,0.16
357,,0.384,0.86,0.676,0.97,0.506,0.04,0.364,0.15
358,,0.374,0.85,0.666,0.96,0.496,0.03,0.354,0.14
359,,0.364,0.84,0.656,0.95,0.486,0.02,0.344,0.13
360,,0.354,0.83,0.646,0.94,0.476,0.01,0.334,0.12
361,,0.344,0.82,0.636,0.93,0.466,0.0,0.324,0.11
362,,0.334,0.81,0.626,0.92,0.456,-0.01,0.314,0.1
363,6,0.041,0.4,0.333,0.91,0.729,0.99,0.587,0.09
364,6,-0.252,-0.01,0.04,0.9,1.0,1.0,0.86,0.08
365,1,0.748,0.263,0.03,0.607,0.59,0.707,0.85,0.353
366,1,1.0,0.536,0.02,0.314,0.18,0.414,0.84,0.626
367,,0.99,0.526,0.01,0.304,0.17,0.404,0.83,0.616
368,,0.98,0.516,0.0,0.294,0.16,0.394,0.82,0.606
369,,0.97,0.506,-0.01,0.284,0.15,0.384,0.81,0.596
370,3,0.96,0.779,0.99,0.557,0.14,0.091,0.4,0.303
371,3,0.95,1.0,1.0,0.83,0.13,-0.202,-0.01,0.01
372,6,0.657,0.59,0.707,0.82,0.403,0.798,0.263,0.0
373,6,0.364,0.18,0.414,0.81,0.676,1.0,0.536,-0.01
374,8,0.637,0.17,0.121,0.4,0.383,0.99,0.809,0.99
375,8,0.91,0.16,-0.172,-0.01,0.09,0.98,1.0,1.0
376,3,0.9,0.433,0.828,0.263,0.08,0.687,0.59,0.707
377,3,0.89,0.706,1.0,0.536,0.07,0.394,0.18,0.414
378,,0.88,0.696,0.99,0.526,0.06,0.384,0.17,0.404
379,,0.87,0.686,0.98,0.516,0.05,0.374,0.16,0.394
380,,0.86,0.676,0.97,0.506,0.04,0.364,0.15,0.384
381,,0.85,0.666,0.96,0.496,0.03,0.354,0.14,0.374
382,,0.84,0.656,0.95,0.486,0.02,0.344,0.13,0.364
383,,0.83,0.646,0.94,0.476,0.01,0.334,0.12,0.354
384,,0.82,0.636,0.93,0.466,0.0,0.324,0.11,0.344
385,,0.81,0.626,0.92,0.456,-0.01,0.314,0.1,0.334
386,5,0.4,0.333,0.91,0.729,0.99,0.587,0.09,0.041
387,5,-0.01,0.04,0.9,1.0,1.0,0.86,0.08,-0.252
388,8,0.263,0.03,0.607,0.59,0.707,0.85,0.353,0.748
389,8,0.536,0.02,0.314,0.18,0.414,0.84,0.626,1.0
390,,0.526,0.01,0.304,0.17,0.404,0.83,0.616,0.99
391,,0.516,0.0,0.294,0.16,0.394,0.82,0.606,0.98
392,,0.506,-0.01,0.284,0.15,0.384,0.81,0.596,0.97
393,2,0.779,0.99,0.557,0.14,0.091,0.4,0.303,0.96
394,2,1.0,1.0,0.83,0.13,-0.202,-0.01,0.01,0.95
395,5,0.59,0.707,0.82,0.403,0.798,0.263,0.0,0.657
396,5,0.18,0.414,0.81,0.676,1.0,0.536,-0.01,0.364
397,7,0.17,0.121,0.4,0.383,0.99,0.809,0.99,0.637
398,7,0.16,-0.172,-0.01,0.09,0.98,1.0,1.0,0.91
399,2,0.433,0.828,0.263,0.08,0.687,0.59,0.707,0.9
400,2,0.706,1.0,0.536,0.07,0.394,0.18,0.414,0.89
401,,0.696,0.99,0.526,0.06,0.384,0.17,0.404,0.88
402,,0.686,0.98,0.516,0.05,0.374,0.16,0.394,0.87
403,,0.676,0.97,0.506,0.04,0.364,0.15,0.384,0.86
404,,0.666,0.96,0.496,0.03,0.354,0.14,0.374,0.85
405,,0.656,0.95,0.486,0.02,0.344,0.13,0.364,0.84
406,,0.646,0.94,0.476,0.01,0.334,0.12,0.354,0.83
407,,0.636,0.93,0.466,0.0,0.324,0.11,0.344,0.82
408,,0.626,0.92,0.456,-0.01,0.314,0.1,0.334,0.81
409,4,0.333,0.91,0.729,0.99,0.587,0.09,0.041,0.4
410,4,0.04,0.9,1.0,1.0,0.86,0.08,-0.252,-0.01
411,7,0.03,0.607,0.59,0.707,0.85,0.353,0.748,0.263
412,7,0.02,0.314,0.18,0.414,0.84,0.626,1.0,0.536
413,,0.01,0.304,0.17,0.404,0.83,0.616,0.99,0.526
414,,0.0,0.294,0.16,0.394,0.82,0.606,0.98,0.516
415,,-0.01,0.284,0.15,0.384,0.81,0.596,0.97,0.506
416,1,0.99,0.557,0.14,0.091,0.4,0.303,0.96,0.779
417,1,1.0,0.83,0.13,-0.202,-0.01,0.01,0.95,1.0
418,4,0.707,0.82,0.403,0.798,0.263,0.0,0.657,0.59
419,4,0.414,0.81,0.676,1.0,0.536,-0.01,0.364,0.18
420,6,0.121,0.4,0.383,0.99,0.809,0.99,0.637,0.17
421,6,-0.172,-0.01,0.09,0.98,1.0,1.0,0.91,0.16
422,1,0.828,0.263,0.08,0.687,0.59,0.707,0.9,0.433
423,1,1.0,0.536,0.07,0.394,0.18,0.414,0.89,0.706
424,,0.99,0.526,0.06,0.384,0.17,0.404,0.88,0.696
425,,0.98,0.516,0.05,0.374,0.16,0.394,0.87,0.686
426,,0.97,0.506,0.04,0.364,0.15,0.384,0.86,0.676
427,,0.96,0.496,0.03,0.354,0.14,0.374,0.85,0.666
428,,0.95,0.486,0.02,0.344,0.13,0.364,0.84,0.656
429,,0.94,0.476,0.01,0.334,0.12,0.354,0.83,0.646
430,,0.93,0.466,0.0,0.324,0.11,0.344,0.82,0.636
431,,0.92,0.456,-0.01,0.314,0.1,0.334,0.81,0.626
432,3,0.91,0.729,0.99,0.587,0.09,0.041,0.4,0.333
433,3,0.9,1.0,1.0,0.86,0.08,-0.252,-0.01,0.04
434,6,0.607,0.59,0.707,0.85,0.353,0.748,0.263,0.03
435,6,0.314,0.18,0.414,0.84,0.626,1.0,0.536,0.02
436,,0.304,0.17,0.404,0.83,0.616,0.99,0.526,0.01
437,,0.294,0.16,0.394,0.82,0.606,0.98,0.516,0.0
438,,0.284,0.15,0.384,0.81,0.596,0.97,0.506,-0.01
439,8,0.557,0.14,0.091,0.4,0.303,0.96,0.779,0.99
440,8,0.83,0.13,-0.202,-0.01,0.01,0.95,1.0,1.0
441,3,0.82,0.403,0.798,0.263,0.0,0.657,0.59,0.707
442,3,0.81,0.676,1.0,0.536,-0.01,0.364,0.18,0.414
443,5,0.4,0.383,0.99,0.809,0.99,0.637,0.17,0.121
444,5,-0.01,0.09,0.98,1.0,1.0,0.91,0.16,-0.172
445,8,0.263,0.08,0.687,0.59,0.707,0.9,0.433,0.828
446,8,0.536,0.07,0.394,0.18,0.414,0.89,0.706,1.0
447,,0.526,0.06,0.384,0.17,0.404,0.88,0.696,0.99
448,,0.516,0.05,0.374,0.16,0.394,0.87,0.686,0.98
449,,0.506,0.04,0.364,0.15,0.384,0.86,0.676,0.97
450,,0.496,0.03,0.354,0.14,0.374,0.85,0.666,0.96
451,,0.486,0.02,0.344,0.13,0.364,0.84,0.656,0.95
452,,0.476,0.01,0.334,0.12,0.354,0.83,0.646,0.94
453,,0.466,0.0,0.324,0.11,0.344,0.82,0.636,0.93
454,,0.456,-0.01,0.314,0.1,0.334,0.81,0.626,0.92
455,2,0.729,0.99,0.587,0.09,0.041,0.4,0.333,0.91
456,2,1.0,1.0,0.86,0.08,-0.252,-0.01,0.04,0.9
457,5,0.59,0.707,0.85,0.353,0.748,0.263,0.03,0.607
458,5,0.18,0.414,0.84,0.626,1.0,0.536,0.02,0.314
459,,0.17,0.404,0.83,0.616,0.99,0.526,0.01,0.304
460,,0.16,0.394,0.82,0.606,0.98,0.516,0.0,0.294
461,,0.15,0.384,0.81,0.596,0.97,0.506,-0.01,0.284
462,7,0.14,0.091,0.4,0.303,0.96,0.779,0.99,0.557
463,7,0.13,-0.202,-0.01,0.01,0.95,1.0,1.0,0.83
464,2,0.403,0.798,0.263,0.0,0.657,0.59,0.707,0.82
465,2,0.676,1.0,0.536,-0.01,0.364,0.18,0.414,0.81
466,4,0.383,0.99,0.809,0.99,0.637,0.17,0.121,0.4
467,4,0.09,0.98,1.0,1.0,0.91,0.16,-0.172,-0.01
468,7,0.08,0.687,0.59,0.707,0.9,0.433,0.828,0.263
469,7,0.07,0.394,0.18,0.414,0.89,0.706,1.0,0.536
470,,0.06,0.384,0.17,0.404,0.88,0.696,0.99,0.526
471,,0.05,0.374,0.16,0.394,0.87,0.686,0.98,0.516
472,,0.04,0.364,0.15,0.384,0.86,0.676,0.97,0.506
473,,0.03,0.354,0.14,0.374,0.85,0.666,0.96,0.496
474,,0.02,0.344,0.13,0.364,0.84,0.656,0.95,0.486
475,,0.01,0.334,0.12,0.354,0.83,0.646,0.94,0.476
476,,0.0,0.324,0.11,0.344,0.82,0.636,0.93,0.466
477,,-0.01,0.314,0.1,0.334,0.81,0.626,0.92,0.456
478,1,0.99,0.587,0.09,0.041,0.4,0.333,0.91,0.729
479,1,1.0,0.86,0.08,-0.252,-0.01,0.04,0.9,1.0
480,4,0.707,0.85,0.353,0.748,0.263,0.03,0.607,0.59
481,4,0.414,0.84,0.626,1.0,0.536,0.02,0.314,0.18
482,,0.404,0.83,0.616,0.99,0.526,0.01,0.304,0.17
483,,0.394,0.82,0.606,0.98,0.516,0.0,0.294,0.16
484,,0.384,0.81,0.596,0.97,0.506,-0.01,0.284,0.15
485,6,0.091,0.4,0.303,0.96,0.779,0.99,0.557,0.14
486,6,-0.202,-0.01,0.01,0.95,1.0,1.0,0.83,0.13
487,1,0.798,0.263,0.0,0.657,0.59,0.707,0.82,0.403
488,1,1.0,0.536,-0.01,0.364,0.18,0.414,0.81,0.676
489,3,0.99,0.809,0.99,0.637,0.17,0.121,0.4,0.383
490,3,0.98,1.0,1.0,0.91,0.16,-0.172,-0.01,0.09
491,6,0.687,0.59,0.707,0.9,0.433,0.828,0.263,0.08
492,6,0.394,0.18,0.414,0.89,0.706,1.0,0.536,0.07
493,,0.384,0.17,0.404,0.88,0.696,0.99,0.526,0.06
494,,0.374,0.16,0.394,0.87,0.686,0.98,0.516,0.05
495,,0.364,0.15,0.384,0.86,0.676,0.97,0.506,0.04
496,,0.354,0.14,0.374,0.85,0.666,0.96,0.496,0.03
497,,0.344,0.13,0.364,0.84,0.656,0.95,0.486,0.02
498,,0.334,0.12,0.354,0.83,0.646,0.94,0.476,0.01
499,,0.324,0.11,0.344,0.82,0.636,0.93,0.466,0.0
500,,0.314,0.1,0.334,0.81,0.626,0.92,0.456,-0.01
501,8,0.587,0.09,0.041,0.4,0.333,0.91,0.729,0.99
502,8,0.86,0.08,-0.252,-0.01,0.04,0.9,1.0,1.0
503,3,0.85,0.353,0.748,0.263,0.03,0.607,0.59,0.707
504,3,0.84,0.626,1.0,0.536,0.02,0.314,0.18,0.414
505,,0.83,0.616,0.99,0.526,0.01,0.304,0.17,0.404
506,,0.82,0.606,0.98,0.516,0.0,0.294,0.16,0.394
507,,0.81,0.596,0.97,0.506,-0.01,0.284,0.15,0.384
508,5,0.4,0.303,0.96,0.779,0.99,0.557,0.14,0.091
509,5,-0.01,0.01,0.95,1.0,1.0,0.83,0.13,-0.202
510,8,0.263,0.0,0.657,0.59,0.707,0.82,0.403,0.798
511,8,0.536,-0.01,0.364,0.18,0.414,0.81,0.676,1.0
512,2,0.809,0.99,0.637,0.17,0.121,0.4,0.383,0.99
513,2,1.0,1.0,0.91,0.16,-0.172,-0.01,0.09,0.98
514,5,0.59,0.707,0.9,0.433,0.828,0.263,0.08,0.687
515,5,0.18,0.414,0.89,0.706,1.0,0.536,0.07,0.394
516,,0.17,0.404,0.88,0.696,0.99,0.526,0.06,0.384
517,,0.16,0.394,0.87,0.686,0.98,0.516,0.05,0.374
518,,0.15,0.384,0.86,0.676,0.97,0.506,0.04,0.364
519,,0.14,0.374,0.85,0.666,0.96,0.496,0.03,0.354
520,,0.13,0.364,0.84,0.656,0.95,0.486,0.02,0.344
521,,0.12,0.354,0.83,0.646,0.94,0.476,0.01,0.334
522,,0.11,0.344,0.82,0.636,0.93,0.466,0.0,0.324
523,,0.1,0.334,0.81,0.626,0.92,0.456,-0.01,0.314
524,7,0.09,0.041,0.4,0.333,0.91,0.729,0.99,0.587
525,7,0.08,-0.252,-0.01,0.04,0.9,1.0,1.0,0.86
526,2,0.353,0.748,0.263,0.03,0.607,0.59,0.707,0.85
527,2,0.626,1.0,0.536,0.02,0.314,0.18,0.414,0.84
528,,0.616,0.99,0.526,0.01,0.304,0.17,0.404,0.83
529,,0.606,0.98,0.516,0.0,0.294,0.16,0.394,0.82
530,,0.596,0.97,0.506,-0.01,0.284,0.15,0.384,0.81
531,4,0.303,0.96,0.779,0.99,0.557,0.14,0.091,0.4
532,4,0.01,0.95,1.0,1.0,0.83,0.13,-0.202,-0.01
533,7,0.0,0.657,0.59,0.707,0.82,0.403,0.798,0.263
534,7,-0.01,0.364,0.18,0.414,0.81,0.676,1.0,0.536
535,1,0.99,0.637,0.17,0.121,0.4,0.383,0.99,0.809
536,1,1.0,0.91,0.16,-0.172,-0.01,0.09,0.98,1.0
537,4,0.707,0.9,0.433,0.828,0.263,0.08,0.687,0.59
538,4,0.414,0.89,0.706,1.0,0.536,0.07,0.394,0.18
539,,0.404,0.88,0.696,0.99,0.526,0.06,0.384,0.17
540,,0.394,0.87,0.686,0.98,0.516,0.05,0.374,0.16
541,,0.384,0.86,0.676,0.97,0.506,0.04,0.364,0.15
542,,0.374,0.85,0.666,0.96,0.496,0.03,0.354,0.14
543,,0.364,0.84,0.656,0.95,0.486,0.02,0.344,0.13
544,,0.354,0.83,0.646,0.94,0.476,0.01,0.334,0.12
545,,0.344,0.82,0.636,0.93,0.466,0.0,0.324,0.11
546,,0.334,0.81,0.626,0.92,0.456,-0.01,0.314,0.1
547,6,0.041,0.4,0.333,0.91,0.729,0.99,0.587,0.09
548,6,-0.252,-0.01,0.04,0.9,1.0,1.0,0.86,0.08
549,1,0.748,0.263,0.03,0.607,0.59,0.707,0.85,0.353
550,1,1.0,0.536,0.02,0.314,0.18,0.414,0.84,0.626
551,,0.99,0.526,0.01,0.304,0.17,0.404,0.83,0.616
552,,0.98,0.516,0.0,0.294,0.16,0.394,0.82,0.606
553,,0.97,0.506,-0.01,0.284,0.15,0.384,0.81,0.596
554,3,0.96,0.779,0.99,0.557,0.14,0.091,0.4,0.303
555,3,0.95,1.0,1.0,0.83,0.13,-0.202,-0.01,0.01
556,6,0.657,0.59,0.707,0.82,0.403,0.798,0.263,0.0
557,6,0.364,0.18,0.414,0.81,0.676,1.0,0.536,-0.01
558,8,0.637,0.17,0.121,0.4,0.383,0.99,0.809,0.99
559,8,0.91,0.16,-0.172,-0.01,0.09,0.98,1.0,1.0
560,3,0.9,0.433,0.828,0.263,0.08,0.687,0.59,0.707
561,3,0.89,0.706,1.0,0.536,0.07,0.394,0.18,0.414
562,,0.88,0.696,0.99,0.526,0.06,0.384,0.17,0.404
563,,0.87,0.686,0.98,0.516,0.05,0.374,0.16,0.394
564,,0.86,0.676,0.97,0.506,0.04,0.364,0.15,0.384
565,,0.85,0.666,0.96,0.496,0.03,0.354,0.14,0.374
566,,0.84,0.656,0.95,0.486,0.02,0.344,0.13,0.364
567,,0.83,0.646,0.94,0.476,0.01,0.334,0.12,0.354
568,,0.82,0.636,0.93,0.466,0.0,0.324,0.11,0.344
569,,0.81,0.626,0.92,0.456,-0.01,0.314,0.1,0.334
570,5,0.4,0.333,0.91,0.729,0.99,0.587,0.09,0.041
571,5,-0.01,0.04,0.9,1.0,1.0,0.86,0.08,-0.252
572,8,0.263,0.03,0.607,0.59,0.707,0.85,0.353,0.748
573,8,0.536,0.02,0.314,0.18,0.414,0.84,0.626,1.0
574,,0.526,0.01,0.304,0.17,0.404,0.83,0.616,0.99
575,,0.516,0.0,0.294,0.16,0.394,0.82,0.606,0.98
576,,0.506,-0.01,0.284,0.15,0.384,0.81,0.596,0.97
577,2,0.779,0.99,0.557,0.14,0.091,0.4,0.303,0.96
578,2,1.0,1.0,0.83,0.13,-0.202,-0.01,0.01,0.95
579,5,0.59,0.707,0.82,0.403,0.798,0.263,0.0,0.657
580,5,0.18,0.414,0.81,0.676,1.0,0.536,-0.01,0.364
581,7,0.17,0.121,0.4,0.383,0.99,0.809,0.99,0.637
582,7,0.16,-0.172,-0.01,0.09,0.98,1.0,1.0,0.91
583,2,0.433,0.828,0.263,0.08,0.687,0.59,0.707,0.9
584,2,0.706,1.0,0.536,0.07,0.394,0.18,0.414,0.89
585,,0.696,0.99,0.526,0.06,0.384,0.17,0.404,0.88
586,,0.686,0.98,0.516,0.05,0.374,0.16,0.394,0.87
587,,0.676,0.97,0.506,0.04,0.364,0.15,0.384,0.86
588,,0.666,0.96,0.496,0.03,0.354,0.14,0.374,0.85
589,,0.656,0.95,0.486,0.02,0.344,0.13,0.364,0.84
590,,0.646,0.94,0.476,0.01,0.334,0.12,0.354,0.83
591,,0.636,0.93,0.466,0.0,0.324,0.11,0.344,0.82
592,,0.626,0.92,0.456,-0.01,0.314,0.1,0.334,0.81
593,4,0.333,0.91,0.729,0.99,0.587,0.09,0.041,0.4
594,4,0.04,0.9,1.0,1.0,0.86,0.08,-0.252,-0.01
595,7,0.03,0.607,0.59,0.707,0.85,0.353,0.748,0.263
596,7,0.02,0.314,0.18,0.414,0.84,0.626,1.0,0.536
597,,0.01,0.304,0.17,0.404,0.83,0.616,0.99,0.526
598,,0.0,0.294,0.16,0.394,0.82,0.606,0.98,0.516
599,,-0.01,0.284,0.15,0.384,0.81,0.596,0.97,0.506
600,1,0.99,0.557,0.14,0.091,0.4,0.303,0.96,0.779
601,1,1.0,0.83,0.13,-0.202,-0.01,0.01,0.95,1.0
602,4,0.707,0.82,0.403,0.798,0.263,0.0,0.657,0.59
603,4,0.414,0.81,0.676,1.0,0.536,-0.01,0.364,0.18
604,6,0.121,0.4,0.383,0.99,0.809,0.99,0.637,0.17
605,6,-0.172,-0.01,0.09,0.98,1.0,1.0,0.91,0.16
606,1,0.828,0.263,0.08,0.687,0.59,0.707,0.9,0.433
607,1,1.0,0.536,0.07,0.394,0.18,0.414,0.89,0.706
608,,0.99,0.526,0.06,0.384,0.17,0.404,0.88,0.696
609,,0.98,0.516,0.05,0.374,0.16,0.394,0.87,0.686
610,,0.97,0.506,0.04,0.364,0.15,0.384,0.86,0.676
611,,0.96,0.496,0.03,0.354,0.14,0.374,0.85,0.666
612,,0.95,0.486,0.02,0.344,0.13,0.364,0.84,0.656
613,,0.94,0.476,0.01,0.334,0.12,0.354,0.83,0.646
614,,0.93,0.466,0.0,0.324,0.11,0.344,0.82,0.636
615,,0.92,0.456,-0.01,0.314,0.1,0.334,0.81,0.626
616,3,0.91,0.729,0.99,0.587,0.09,0.041,0.4,0.333
617,3,0.9,1.0,1.0,0.86,0.08,-0.252,-0.01,0.04
618,6,0.607,0.59,0.707,0.85,0.353,0.748,0.263,0.03
619,6,0.314,0.18,0.414,0.84,0.626,1.0,0.536,0.02
620,,0.304,0.17,0.404,0.83,0.616,0.99,0.526,0.01
621,,0.294,0.16,0.394,0.82,0.606,0.98,0.516,0.0
622,,0.284,0.15,0.384,0.81,0.596,0.97,0.506,-0.01
623,8,0.557,0.14,0.091,0.4,0.303,0.96,0.779,0.99
624,8,0.83,0.13,-0.202,-0.01,0.01,0.95,1.0,1.0
625,3,0.82,0.403,0.798,0.263,0.0,0.657,0.59,0.707
626,3,0.81,0.676,1.0,0.536,-0.01,0.364,0.18,0.414
627,5,0.4,0.383,0.99,0.809,0.99,0.637,0.17,0.121
628,5,-0.01,0.09,0.98,1.0,1.0,0.91,0.16,-0.172
629,8,0.263,0.08,0.687,0.59,0.707,0.9,0.433,0.828
630,8,0.536,0.07,0.394,0.18,0.414,0.89,0.706,1.0
631,,0.526,0.06,0.384,0.17,0.404,0.88,0.696,0.99
632,,0.516,0.05,0.374,0.16,0.394,0.87,0.686,0.98
633,,0.506,0.04,0.364,0.15,0.384,0.86,0.676,0.97
634,,0.496,0.03,0.354,0.14,0.374,0.85,0.666,0.96
635,,0.486,0.02,0.344,0.13,0.364,0.84,0.656,0.95
636,,0.476,0.01,0.334,0.12,0.354,0.83,0.646,0.94
637,,0.466,0.0,0.324,0.11,0.344,0.82,0.636,0.93
638,,0.456,-0.01,0.314,0.1,0.334,0.81,0.626,0.92
639,2,0.729,0.99,0.587,0.09,0.041,0.4,0.333,0.91
640,2,1.0,1.0,0.86,0.08,-0.252,-0.01,0.04,0.9
641,5,0.59,0.707,0.85,0.353,0.748,0.263,0.03,0.607
642,5,0.18,0.414,0.84,0.626,1.0,0.536,0.02,0.314
643,,0.17,0.404,0.83,0.616,0.99,0.526,0.01,0.304
644,,0.16,0.394,0.82,0.606,0.98,0.516,0.0,0.294
645,,0.15,0.384,0.81,0.596,0.97,0.506,-0.01,0.284
646,7,0.14,0.091,0.4,0.303,0.96,0.779,0.99,0.557
647,7,0.13,-0.202,-0.01,0.01,0.95,1.0,1.0,0.83
648,2,0.403,0.798,0.263,0.0,0.657,0.59,0.707,0.82
649,2,0.676,1.0,0.536,-0.01,0.364,0.18,0.414,0.81
650,4,0.383,0.99,0.809,0.99,0.637,0.17,0.121,0.4
651,4,0.09,0.98,1.0,1.0,0.91,0.16,-0.172,-0.01
652,7,0.08,0.687,0.59,0.707,0.9,0.433,0.828,0.263
653,7,0.07,0.394,0.18,0.414,0.89,0.706,1.0,0.536
654,,0.06,0.384,0.17,0.404,0.88,0.696,0.99,0.526
655,,0.05,0.374,0.16,0.394,0.87,0.686,0.98,0.516
656,,0.04,0.364,0.15,0.384,0.86,0.676,0.97,0.506
657,,0.03,0.354,0.14,0.374,0.85,0.666,0.96,0.496
658,,0.02,0.344,0.13,0.364,0.84,0.656,0.95,0.486
659,,0.01,0.334,0.12,0.354,0.83,0.646,0.94,0.476
660,,0.0,0.324,0.11,0.344,0.82,0.636,0.93,0.466
661,,-0.01,0.314,0.1,0.334,0.81,0.626,0.92,0.456
662,1,0.99,0.587,0.09,0.041,0.4,0.333,0.91,0.729
663,1,1.0,0.86,0.08,-0.252,-0.01,0.04,0.9,1.0
664,4,0.707,0.85,0.353,0.748,0.263,0.03,0.607,0.59
665,4,0.414,0.84,0.626,1.0,0.536,0.02,0.314,0.18
666,,0.404,0.83,0.616,0.99,0.526,0.01,0.304,0.17
667,,0.394,0.82,0.606,0.98,0.516,0.0,0.294,0.16
668,,0.384,0.81,0.596,0.97,0.506,-0.01,0.284,0.15
669,6,0.091,0.4,0.303,0.96,0.779,0.99,0.557,0.14
670,6,-0.202,-0.01,0.01,0.95,1.0,1.0,0.83,0.13
671,1,0.798,0.263,0.0,0.657,0.59,0.707,0.82,0.403
672,1,1.0,0.536,-0.01,0.364,0.18,0.414,0.81,0.676
673,3,0.99,0.809,0.99,0.637,0.17,0.121,0.4,0.383
674,3,0.98,1.0,1.0,0.91,0.16,-0.172,-0.01,0.09
675,6,0.687,0.59,0.707,0.9,0.433,0.828,0.263,0.08
676,6,0.394,0.18,0.414,0.89,0.706,1.0,0.536,0.07
677,,0.384,0.17,0.404,0.88,0.696,0.99,0.526,0.06
678,,0.374,0.16,0.394,0.87,0.686,0.98,0.516,0.05
679,,0.364,0.15,0.384,0.86,0.676,0.97,0.506,0.04
680,,0.354,0.14,0.374,0.85,0.666,0.96,0.496,0.03
681,,0.344,0.13,0.364,0.84,0.656,0.95,0.486,0.02
682,,0.334,0.12,0.354,0.83,0.646,0.94,0.476,0.01
683,,0.324,0.11,0.344,0.82,0.636,0.93,0.466,0.0
684,,0.314,0.1,0.334,0.81,0.626,0.92,0.456,-0.01
685,8,0.587,0.09,0.041,0.4,0.333,0.91,0.729,0.99
686,8,0.86,0.08,-0.252,-0.01,0.04,0.9,1.0,1.0
687,3,0.85,0.353,0.748,0.263,0.03,0.607,0.59,0.707
688,3,0.84,0.626,1.0,0.536,0.02,0.314,0.18,0.414
689,,0.83,0.616,0.99,0.526,0.01,0.304,0.17,0.404
690,,0.82,0.606,0.98,0.516,0.0,0.294,0.16,0.394
691,,0.81,0.596,0.97,0.506,-0.01,0.284,0.15,0.384
692,5,0.4,0.303,0.96,0.779,0.99,0.557,0.14,0.091
693,5,-0.01,0.01,0.95,1.0,1.0,0.83,0.13,-0.202
694,8,0.263,0.0,0.657,0.59,0.707,0.82,0.403,0.798
695,8,0.536,-0.01,0.364,0.18,0.414,0.81,0.676,1.0
696,2,0.809,0.99,0.637,0.17,0.121,0.4,0.383,0.99
697,2,1.0,1.0,0.91,0.16,-0.172,-0.01,0.09,0.98
698,5,0.59,0.707,0.9,0.433,0.828,0.263,0.08,0.687
699,5,0.18,0.414,0.89,0.706,1.0,0.536,0.07,0.394
700,,0.17,0.404,0.88,0.696,0.99,0.526,0.06,0.384
701,,0.16,0.394,0.87,0.686,0.98,0.516,0.05,0.374
702,,0.15,0.384,0.86,0.676,0.97,0.506,0.04,0.364
703,,0.14,0.374,0.85,0.666,0.96,0.496,0.03,0.354
704,,0.13,0.364,0.84,0.656,0.95,0.486,0.02,0.344
705,,0.12,0.354,0.83,0.646,0.94,0.476,0.01,0.334
706,,0.11,0.344,0.82,0.636,0.93,0.466,0.0,0.324
707,,0.1,0.334,0.81,0.626,0.92,0.456,-0.01,0.314
708,7,0.09,0.041,0.4,0.333,0.91,0.729,0.99,0.587
709,7,0.08,-0.252,-0.01,0.04,0.9,1.0,1.0,0.86
710,2,0.353,0.748,0.263,0.03,0.607,0.59,0.707,0.85
711,2,0.626,1.0,0.536,0.02,0.314,0.18,0.414,0.84
712,,0.616,0.99,0.526,0.01,0.304,0.17,0.404,0.83
713,,0.606,0.98,0.516,0.0,0.294,0.16,0.394,0.82
714,,0.596,0.97,0.506,-0.01,0.284,0.15,0.384,0.81
715,4,0.303,0.96,0.779,0.99,0.557,0.14,0.091,0.4
716,4,0.01,0.95,1.0,1.0,0.83,0.13,-0.202,-0.01
717,7,0.0,0.657,0.59,0.707,0.82,0.403,0.798,0.263
718,7,-0.01,0.364,0.18,0.414,0.81,0.676,1.0,0.536
719,1,0.99,0.637,0.17,0.121,0.4,0.383,0.99,0.809
720,1,1.0,0.91,0.16,-0.172,-0.01,0.09,0.98,1.0
721,4,0.707,0.9,0.433,0.828,0.263,0.08,0.687,0.59
722,4,0.414,0.89,0.706,1.0,0.536,0.07,0.394,0.18
723,,0.404,0.88,0.696,0.99,0.526,0.06,0.384,0.17
724,,0.394,0.87,0.686,0.98,0.516,0.05,0.374,0.16
725,,0.384,0.86,0.676,0.97,0.506,0.04,0.364,0.15
726,,0.374,0.85,0.666,0.96,0.496,0.03,0.354,0.14
727,,0.364,0.84,0.656,0.95,0.486,0.02,0.344,0.13
728,,0.354,0.83,0.646,0.94,0.476,0.01,0.334,0.12
729,,0.344,0.82,0.636,0.93,0.466,0.0,0.324,0.11
730,,0.334,0.81,0.626,0.92,0.456,-0.01,0.314,0.1
731,6,0.041,0.4,0.333,0.91,0.729,0.99,0.587,0.09
732,6,-0.252,-0.01,0.04,0.9,1.0,1.0,0.86,0.08
733,1,0.748,0.263,0.03,0.607,0.59,0.707,0.85,0.353
734,1,1.0,0.536,0.02,0.314,0.18,0.414,0.84,0.626
735,,0.99,0.526,0.01,0.304,0.17,0.404,0.83,0.616
736,,0.98,0.516,0.0,0.294,0.16,0.394,0.82,0.606
737,,0.97,0.506,-0.01,0.284,0.15,0.384,0.81,0.596
738,3,0.96,0.779,0.99,0.557,0.14,0.091,0.4,0.303
739,3,0.95,1.0,1.0,0.83,0.13,-0.202,-0.01,0.01
740,6,0.657,0.59,0.707,0.82,0.403,0.798,0.263,0.0
741,6,0.364,0.18,0.414,0.81,0.676,1.0,0.536,-0.01
742,8,0.637,0.17,0.121,0.4,0.383,0.99,0.809,0.99
743,8,0.91,0.16,-0.172,-0.01,0.09,0.98,1.0,1.0
744,3,0.9,0.433,0.828,0.263,0.08,0.687,0.59,0.707
745,3,0.89,0.706,1.0,0.536,0.07,0.394,0.18,0.414
746,,0.88,0.696,0.99,0.526,0.06,0.384,0.17,0.404
747,,0.87,0.686,0.98,0.516,0.05,0.374,0.16,0.394
748,,0.86,0.676,0.97,0.506,0.04,0.364,0.15,0.384
749,,0.85,0.666,0.96,0.496,0.03,0.354,0.14,0.374
750,,0.84,0.656,0.95,0.486,0.02,0.344,0.13,0.364
751,,0.83,0.646,0.94,0.476,0.01,0.334,0.12,0.354
752,,0.82,0.636,0.93,0.466,0.0,0.324,0.11,0.344
753,,0.81,0.626,0.92,0.456,-0.01,0.314,0.1,0.334
754,5,0.4,0.333,0.91,0.729,0.99,0.587,0.09,0.041
755,5,-0.01,0.04,0.9,1.0,1.0,0.86,0.08,-0.252
756,8,0.263,0.03,0.607,0.59,0.707,0.85,0.353,0.748
757,8,0.536,0.02,0.314,0.18,0.414,0.84,0.626,1.0
758,,0.526,0.01,0.304,0.17,0.404,0.83,0.616,0.99
759,,0.516,0.0,0.294,0.16,0.394,0.82,0.606,0.98
760,,0.506,-0.01,0.284,0.15,0.384,0.81,0.596,0.97
761,2,0.779,0.99,0.557,0.14,0.091,0.4,0.303,0.96
762,2,1.0,1.0,0.83,0.13,-0.202,-0.01,0.01,0.95
763,5,0.59,0.707,0.82,0.403,0.798,0.263,0.0,0.657
764,5,0.18,0.414,0.81,0.676,1.0,0.536,-0.01,0.364
765,7,0.17,0.121,0.4,0.383,0.99,0.809,0.99,0.637
766,7,0.16,-0.172,-0.01,0.09,0.98,1.0,1.0,0.91
767,2,0.433,0.828,0.263,0.08,0.687,0.59,0.707,0.9
768,2,0.706,1.0,0.536,0.07,0.394,0.18,0.414,0.89
769,,0.696,0.99,0.526,0.06,0.384,0.17,0.404,0.88
770,,0.686,0.98,0.516,0.05,0.374,0.16,0.394,0.87
771,,0.676,0.97,0.506,0.04,0.364,0.15,0.384,0.86
772,,0.666,0.96,0.496,0.03,0.354,0.14,0.374,0.85
773,,0.656,0.95,0.486,0.02,0.344,0.13,0.364,0.84
774,,0.646,0.94,0.476,0.01,0.334,0.12,0.354,0.83
775,,0.636,0.93,0.466,0.0,0.324,0.11,0.344,0.82
776,,0.626,0.92,0.456,-0.01,0.314,0.1,0.334,0.81
777,4,0.333,0.91,0.729,0.99,0.587,0.09,0.041,0.4
778,4,0.04,0.9,1.0,1.0,0.86,0.08,-0.252,-0.01
779,7,0.03,0.607,0.59,0.707,0.85,0.353,0.748,0.263
780,7,0.02,0.314,0.18,0.414,0.84,0.626,1.0,0.536
781,,0.01,0.304,0.17,0.404,0.83,0.616,0.99,0.526
782,,0.0,0.294,0.16,0.394,0.82,0.606,0.98,0.516
783,,-0.01,0.284,0.15,0.384,0.81,0.596,0.97,0.506
784,1,0.99,0.557,0.14,0.091,0.4,0.303,0.96,0.779
785,1,1.0,0.83,0.13,-0.202,-0.01,0.01,0.95,1.0
786,4,0.707,0.82,0.403,0.798,0.263,0.0,0.657,0.59
787,4,0.414,0.81,0.676,1.0,0.536,-0.01,0.364,0.18
788,6,0.121,0.4,0.383,0.99,0.809,0.99,0.637,0.17
789,6,-0.172,-0.01,0.09,0.98,1.0,1.0,0.91,0.16
790,1,0.828,0.263,0.08,0.687,0.59,0.707,0.9,0.433
791,1,1.0,0.536,0.07,0.394,0.18,0.414,0.89,0.706
792,,0.99,0.526,0.06,0.384,0.17,0.404,0.88,0.696
793,,0.98,0.516,0.05,0.374,0.16,0.394,0.87,0.686
794,,0.97,0.506,0.04,0.364,0.15,0.384,0.86,0.676
795,,0.96,0.496,0.03,0.354,0.14,0.374,0.85,0.666
796,,0.95,0.486,0.02,0.344,0.13,0.364,0.84,0.656
797,,0.94,0.476,0.01,0.334,0.12,0.354,0.83,0.646
798,,0.93,0.466,0.0,0.324,0.11,0.344,0.82,0.636
799,,0.92,0.456,-0.01,0.314,0.1,0.334,0.81,0.626
800,3,0.91,0.729,0.99,0.587,0.09,0.041,0.4,0.333
801,3,0.9,1.0,1.0,0.86,0.08,-0.252,-0.01,0.04
802,6,0.607,0.59,0.707,0.85,0.353,0.748,0.263,0.03
803,6,0.314,0.18,0.414,0.84,0.626,1.0,0.536,0.02
804,,0.304,0.17,0.404,0.83,0.616,0.99,0.526,0.01
