step,active_motive,motive_1,motive_2,motive_3,motive_4,motive_5,motive_6,motive_7,motive_8
0,,0.45748,0.42502,0.22473,0.04771,0.18541,0.33442,0.33296,0.29565
1,,0.44748,0.41502,0.21473,0.03771,0.17541,0.32442,0.32296,0.28565
2,,0.43748,0.40502,0.20473,0.02771,0.16541,0.31442,0.31296,0.27565
3,,0.42748,0.39502,0.19473,0.01771,0.15541,0.30442,0.30296,0.26565
4,,0.41748,0.38502,0.18473,0.00771,0.14541,0.29442,0.29296,0.25565
5,,0.40748,0.37502,0.17473,-0.00229,0.13541,0.28442,0.28296,0.24565
6,4,0.11448,0.36502,0.44773,0.99771,0.40841,0.27442,-0.01004,-0.16435
7,4,-0.17852,0.35502,0.72073,1.0,0.68141,0.26442,-0.30304,-0.57435
8,8,0.09448,0.34502,0.42773,0.59,0.38841,0.25442,-0.03004,0.42565
9,8,0.36748,0.33502,0.13473,0.18,0.09541,0.24442,0.24296,1.0
10,,0.35748,0.32502,0.12473,0.17,0.08541,0.23442,0.23296,0.99
11,,0.34748,0.31502,0.11473,0.16,0.07541,0.22442,0.22296,0.98
12,,0.33748,0.30502,0.10473,0.15,0.06541,0.21442,0.21296,0.97
13,,0.32748,0.29502,0.09473,0.14,0.05541,0.20442,0.20296,0.96
14,,0.31748,0.28502,0.08473,0.13,0.04541,0.19442,0.19296,0.95
15,,0.30748,0.27502,0.07473,0.12,0.03541,0.18442,0.18296,0.94
16,,0.29748,0.26502,0.06473,0.11,0.02541,0.17442,0.17296,0.93
17,,0.28748,0.25502,0.05473,0.1,0.01541,0.16442,0.16296,0.92
18,,0.27748,0.24502,0.04473,0.09,0.00541,0.15442,0.15296,0.91
19,,0.26748,0.23502,0.03473,0.08,-0.00459,0.14442,0.14296,0.9
20,5,-0.14252,-0.05798,0.02473,0.353,0.99541,0.41742,0.13296,0.607
21,5,-0.55252,-0.35098,0.01473,0.626,1.0,0.69042,0.12296,0.314
22,1,0.44748,-0.07798,0.00473,0.333,0.59,0.39742,0.11296,0.587
23,1,1.0,0.19502,-0.00527,0.04,0.18,0.10442,0.10296,0.86
24,3,0.99,0.46802,0.99473,0.313,0.17,-0.18858,-0.30704,0.567
25,3,0.98,0.74102,1.0,0.586,0.16,-0.48158,-0.71704,0.274
26,7,0.97,0.44802,0.59,0.293,0.15,-0.20858,0.28296,0.547
27,7,0.96,0.15502,0.18,0.0,0.14,0.06442,1.0,0.82
28,,0.95,0.14502,0.17,-0.01,0.13,0.05442,0.99,0.81
29,4,0.657,0.13502,0.443,0.99,0.403,0.04442,0.697,0.4
30,4,0.364,0.12502,0.716,1.0,0.676,0.03442,0.404,-0.01
31,8,0.637,0.11502,0.423,0.59,0.383,0.02442,0.677,0.99
32,8,0.91,0.10502,0.13,0.18,0.09,0.01442,0.95,1.0
33,,0.9,0.09502,0.12,0.17,0.08,0.00442,0.94,0.99
34,,0.89,0.08502,0.11,0.16,0.07,-0.00558,0.93,0.98
35,6,0.597,-0.32498,-0.183,0.15,0.343,0.99442,1.0,0.97
36,6,0.304,-0.73498,-0.476,0.14,0.616,1.0,1.0,0.96
37,2,0.577,0.26502,-0.203,0.13,0.323,0.59,0.707,0.95
38,2,0.85,1.0,0.07,0.12,0.03,0.18,0.414,0.94
39,,0.84,0.99,0.06,0.11,0.02,0.17,0.404,0.93
40,,0.83,0.98,0.05,0.1,0.01,0.16,0.394,0.92
41,,0.82,0.97,0.04,0.09,0.0,0.15,0.384,0.91
42,,0.81,0.96,0.03,0.08,-0.01,0.14,0.374,0.9
43,5,0.4,0.667,0.02,0.353,0.99,0.413,0.364,0.607
44,5,-0.01,0.374,0.01,0.626,1.0,0.686,0.354,0.314
45,1,0.99,0.647,0.0,0.333,0.59,0.393,0.344,0.587
46,1,1.0,0.92,-0.01,0.04,0.18,0.1,0.334,0.86
47,3,0.99,1.0,0.99,0.313,0.17,-0.193,-0.076,0.567
48,3,0.98,1.0,1.0,0.586,0.16,-0.486,-0.486,0.274
49,7,0.97,0.707,0.59,0.293,0.15,-0.213,0.514,0.547
50,7,0.96,0.414,0.18,0.0,0.14,0.06,1.0,0.82
51,,0.95,0.404,0.17,-0.01,0.13,0.05,0.99,0.81
52,4,0.657,0.394,0.443,0.99,0.403,0.04,0.697,0.4
53,4,0.364,0.384,0.716,1.0,0.676,0.03,0.404,-0.01
54,8,0.637,0.374,0.423,0.59,0.383,0.02,0.677,0.99
55,8,0.91,0.364,0.13,0.18,0.09,0.01,0.95,1.0
56,,0.9,0.354,0.12,0.17,0.08,0.0,0.94,0.99
57,,0.89,0.344,0.11,0.16,0.07,-0.01,0.93,0.98
58,6,0.597,-0.066,-0.183,0.15,0.343,0.99,1.0,0.97
59,6,0.304,-0.476,-0.476,0.14,0.616,1.0,1.0,0.96
60,2,0.577,0.524,-0.203,0.13,0.323,0.59,0.707,0.95
61,2,0.85,1.0,0.07,0.12,0.03,0.18,0.414,0.94
62,,0.84,0.99,0.06,0.11,0.02,0.17,0.404,0.93
63,,0.83,0.98,0.05,0.1,0.01,0.16,0.394,0.92
64,,0.82,0.97,0.04,0.09,0.0,0.15,0.384,0.91
65,,0.81,0.96,0.03,0.08,-0.01,0.14,0.374,0.9
66,5,0.4,0.667,0.02,0.353,0.99,0.413,0.364,0.607
67,5,-0.01,0.374,0.01,0.626,1.0,0.686,0.354,0.314
68,1,0.99,0.647,0.0,0.333,0.59,0.393,0.344,0.587
69,1,1.0,0.92,-0.01,0.04,0.18,0.1,0.334,0.86
70,3,0.99,1.0,0.99,0.313,0.17,-0.193,-0.076,0.567
71,3,0.98,1.0,1.0,0.586,0.16,-0.486,-0.486,0.274
72,6,0.687,0.59,0.707,0.576,0.433,0.514,-0.213,0.264
73,6,0.394,0.18,0.414,0.566,0.706,1.0,0.06,0.254
74,,0.384,0.17,0.404,0.556,0.696,0.99,0.05,0.244
75,,0.374,0.16,0.394,0.546,0.686,0.98,0.04,0.234
76,,0.364,0.15,0.384,0.536,0.676,0.97,0.03,0.224
77,,0.354,0.14,0.374,0.526,0.666,0.96,0.02,0.214
78,,0.344,0.13,0.364,0.516,0.656,0.95,0.01,0.204
79,,0.334,0.12,0.354,0.506,0.646,0.94,0.0,0.194
80,,0.324,0.11,0.344,0.496,0.636,0.93,-0.01,0.184
81,7,0.314,-0.183,-0.066,0.203,0.626,1.0,0.99,0.457
82,7,0.304,-0.476,-0.476,-0.09,0.616,1.0,1.0,0.73
83,2,0.577,0.524,-0.203,-0.1,0.323,0.59,0.707,0.72
84,2,0.85,1.0,0.07,-0.11,0.03,0.18,0.414,0.71
85,4,0.557,0.99,0.343,0.89,0.303,0.17,0.121,0.3
86,4,0.264,0.98,0.616,1.0,0.576,0.16,-0.172,-0.11
87,7,0.254,0.687,0.206,0.707,0.566,0.433,0.828,0.163
88,7,0.244,0.394,-0.204,0.414,0.556,0.706,1.0,0.436
89,3,0.234,0.667,0.796,0.687,0.546,0.413,0.59,0.143
90,3,0.224,0.94,1.0,0.96,0.536,0.12,0.18,-0.15
91,8,0.497,0.93,0.707,0.55,0.243,0.11,0.453,0.85
92,8,0.77,0.92,0.414,0.14,-0.05,0.1,0.726,1.0
93,5,0.36,0.627,0.404,0.413,0.95,0.373,0.716,0.707
94,5,-0.05,0.334,0.394,0.686,1.0,0.646,0.706,0.414
95,1,0.95,0.607,0.384,0.393,0.59,0.353,0.696,0.687
96,1,1.0,0.88,0.374,0.1,0.18,0.06,0.686,0.96
97,,0.99,0.87,0.364,0.09,0.17,0.05,0.676,0.95
98,,0.98,0.86,0.354,0.08,0.16,0.04,0.666,0.94
99,,0.97,0.85,0.344,0.07,0.15,0.03,0.656,0.93
100,,0.96,0.84,0.334,0.06,0.14,0.02,0.646,0.92
101,,0.95,0.83,0.324,0.05,0.13,0.01,0.636,0.91
102,,0.94,0.82,0.314,0.04,0.12,0.0,0.626,0.9
103,,0.93,0.81,0.304,0.03,0.11,-0.01,0.616,0.89
104,6,0.637,0.4,0.011,0.02,0.383,0.99,0.889,0.88
105,6,0.344,-0.01,-0.282,0.01,0.656,1.0,1.0,0.87
106,3,0.334,0.263,0.718,0.283,0.646,0.707,0.59,0.577
107,3,0.324,0.536,1.0,0.556,0.636,0.414,0.18,0.284
108,,0.314,0.526,0.99,0.546,0.626,0.404,0.17,0.274
109,,0.304,0.516,0.98,0.536,0.616,0.394,0.16,0.264
110,,0.294,0.506,0.97,0.526,0.606,0.384,0.15,0.254
111,,0.284,0.496,0.96,0.516,0.596,0.374,0.14,0.244
112,,0.274,0.486,0.95,0.506,0.586,0.364,0.13,0.234
113,,0.264,0.476,0.94,0.496,0.576,0.354,0.12,0.224
114,,0.254,0.466,0.93,0.486,0.566,0.344,0.11,0.214
115,,0.244,0.456,0.92,0.476,0.556,0.334,0.1,0.204
116,,0.234,0.446,0.91,0.466,0.546,0.324,0.09,0.194
117,,0.224,0.436,0.9,0.456,0.536,0.314,0.08,0.184
118,,0.214,0.426,0.89,0.446,0.526,0.304,0.07,0.174
119,,0.204,0.416,0.88,0.436,0.516,0.294,0.06,0.164
120,,0.194,0.406,0.87,0.426,0.506,0.284,0.05,0.154
121,,0.184,0.396,0.86,0.416,0.496,0.274,0.04,0.144
122,,0.174,0.386,0.85,0.406,0.486,0.264,0.03,0.134
123,,0.164,0.376,0.84,0.396,0.476,0.254,0.02,0.124
124,,0.154,0.366,0.83,0.386,0.466,0.244,0.01,0.114
125,,0.144,0.356,0.82,0.376,0.456,0.234,0.0,0.104
126,,0.134,0.346,0.81,0.366,0.446,0.224,-0.01,0.094
127,7,0.124,0.053,0.4,0.073,0.436,0.497,0.99,0.367
128,7,0.114,-0.24,-0.01,-0.22,0.426,0.77,1.0,0.64
129,2,0.387,0.76,0.263,-0.23,0.133,0.36,0.707,0.63
130,2,0.66,1.0,0.536,-0.24,-0.16,-0.05,0.414,0.62
131,4,0.367,0.99,0.809,0.76,0.113,-0.06,0.121,0.21
132,4,0.074,0.98,1.0,1.0,0.386,-0.07,-0.172,-0.2
133,8,0.347,0.97,0.707,0.59,0.093,-0.08,0.101,0.8
134,8,0.62,0.96,0.414,0.18,-0.2,-0.09,0.374,1.0
135,5,0.21,0.667,0.404,0.453,0.8,0.183,0.364,0.707
136,5,-0.2,0.374,0.394,0.726,1.0,0.456,0.354,0.414
137,1,0.8,0.647,0.384,0.433,0.59,0.163,0.344,0.687
138,1,1.0,0.92,0.374,0.14,0.18,-0.13,0.334,0.96
139,6,0.707,0.51,0.081,0.13,0.453,0.87,0.607,0.95
140,6,0.414,0.1,-0.212,0.12,0.726,1.0,0.88,0.94
141,3,0.404,0.373,0.788,0.393,0.716,0.707,0.47,0.647
142,3,0.394,0.646,1.0,0.666,0.706,0.414,0.06,0.354
143,,0.384,0.636,0.99,0.656,0.696,0.404,0.05,0.344
144,,0.374,0.626,0.98,0.646,0.686,0.394,0.04,0.334
145,,0.364,0.616,0.97,0.636,0.676,0.384,0.03,0.324
146,,0.354,0.606,0.96,0.626,0.666,0.374,0.02,0.314
147,,0.344,0.596,0.95,0.616,0.656,0.364,0.01,0.304
148,,0.334,0.586,0.94,0.606,0.646,0.354,0.0,0.294
149,,0.324,0.576,0.93,0.596,0.636,0.344,-0.01,0.284
150,7,0.314,0.283,0.52,0.303,0.626,0.617,0.99,0.557
151,7,0.304,-0.01,0.11,0.01,0.616,0.89,1.0,0.83
152,2,0.577,0.99,0.383,0.0,0.323,0.48,0.707,0.82
153,2,0.85,1.0,0.656,-0.01,0.03,0.07,0.414,0.81
154,4,0.557,0.99,0.929,0.99,0.303,0.06,0.121,0.4
155,4,0.264,0.98,1.0,1.0,0.576,0.05,-0.172,-0.01
156,7,0.254,0.687,0.59,0.707,0.566,0.323,0.828,0.263
157,7,0.244,0.394,0.18,0.414,0.556,0.596,1.0,0.536
158,,0.234,0.384,0.17,0.404,0.546,0.586,0.99,0.526
159,,0.224,0.374,0.16,0.394,0.536,0.576,0.98,0.516
160,,0.214,0.364,0.15,0.384,0.526,0.566,0.97,0.506
161,,0.204,0.354,0.14,0.374,0.516,0.556,0.96,0.496
162,,0.194,0.344,0.13,0.364,0.506,0.546,0.95,0.486
163,,0.184,0.334,0.12,0.354,0.496,0.536,0.94,0.476
164,,0.174,0.324,0.11,0.344,0.486,0.526,0.93,0.466
165,,0.164,0.314,0.1,0.334,0.476,0.516,0.92,0.456
166,,0.154,0.304,0.09,0.324,0.466,0.506,0.91,0.446
167,,0.144,0.294,0.08,0.314,0.456,0.496,0.9,0.436
168,,0.134,0.284,0.07,0.304,0.446,0.486,0.89,0.426
169,,0.124,0.274,0.06,0.294,0.436,0.476,0.88,0.416
170,,0.114,0.264,0.05,0.284,0.426,0.466,0.87,0.406
171,,0.104,0.254,0.04,0.274,0.416,0.456,0.86,0.396
172,,0.094,0.244,0.03,0.264,0.406,0.446,0.85,0.386
173,,0.084,0.234,0.02,0.254,0.396,0.436,0.84,0.376
174,,0.074,0.224,0.01,0.244,0.386,0.426,0.83,0.366
175,,0.064,0.214,0.0,0.234,0.376,0.416,0.82,0.356
176,,0.054,0.204,-0.01,0.224,0.366,0.406,0.81,0.346
177,3,0.044,0.477,0.99,0.497,0.356,0.113,0.4,0.053
178,3,0.034,0.75,1.0,0.77,0.346,-0.18,-0.01,-0.24
179,8,0.307,0.74,0.707,0.36,0.053,-0.19,0.263,0.76
180,8,0.58,0.73,0.414,-0.05,-0.24,-0.2,0.536,1.0
181,5,0.17,0.437,0.404,0.223,0.76,0.073,0.526,0.707
182,5,-0.24,0.144,0.394,0.496,1.0,0.346,0.516,0.414
183,1,0.76,0.417,0.384,0.203,0.59,0.053,0.506,0.687
184,1,1.0,0.69,0.374,-0.09,0.18,-0.24,0.496,0.96
185,6,0.707,0.28,0.081,-0.1,0.453,0.76,0.769,0.95
186,6,0.414,-0.13,-0.212,-0.11,0.726,1.0,1.0,0.94
187,3,0.404,0.143,0.788,0.163,0.716,0.707,0.59,0.647
188,3,0.394,0.416,1.0,0.436,0.706,0.414,0.18,0.354
189,,0.384,0.406,0.99,0.426,0.696,0.404,0.17,0.344
190,,0.374,0.396,0.98,0.416,0.686,0.394,0.16,0.334
191,,0.364,0.386,0.97,0.406,0.676,0.384,0.15,0.324
192,,0.354,0.376,0.96,0.396,0.666,0.374,0.14,0.314
193,,0.344,0.366,0.95,0.386,0.656,0.364,0.13,0.304
194,,0.334,0.356,0.94,0.376,0.646,0.354,0.12,0.294
195,,0.324,0.346,0.93,0.366,0.636,0.344,0.11,0.284
196,,0.314,0.336,0.92,0.356,0.626,0.334,0.1,0.274
197,,0.304,0.326,0.91,0.346,0.616,0.324,0.09,0.264
198,,0.294,0.316,0.9,0.336,0.606,0.314,0.08,0.254
199,,0.284,0.306,0.89,0.326,0.596,0.304,0.07,0.244
200,,0.274,0.296,0.88,0.316,0.586,0.294,0.06,0.234
201,,0.264,0.286,0.87,0.306,0.576,0.284,0.05,0.224
202,,0.254,0.276,0.86,0.296,0.566,0.274,0.04,0.214
203,,0.244,0.266,0.85,0.286,0.556,0.264,0.03,0.204
204,,0.234,0.256,0.84,0.276,0.546,0.254,0.02,0.194
205,,0.224,0.246,0.83,0.266,0.536,0.244,0.01,0.184
206,,0.214,0.236,0.82,0.256,0.526,0.234,0.0,0.174
207,,0.204,0.226,0.81,0.246,0.516,0.224,-0.01,0.164
208,7,0.194,-0.067,0.4,-0.047,0.506,0.497,0.99,0.437
209,7,0.184,-0.36,-0.01,-0.34,0.496,0.77,1.0,0.71
210,2,0.457,0.64,0.263,-0.35,0.203,0.36,0.707,0.7
211,2,0.73,1.0,0.536,-0.36,-0.09,-0.05,0.414,0.69
212,4,0.437,0.99,0.809,0.64,0.183,-0.06,0.121,0.28
213,4,0.144,0.98,1.0,1.0,0.456,-0.07,-0.172,-0.13
214,7,0.134,0.687,0.59,0.707,0.446,0.203,0.828,0.143
215,7,0.124,0.394,0.18,0.414,0.436,0.476,1.0,0.416
216,,0.114,0.384,0.17,0.404,0.426,0.466,0.99,0.406
217,,0.104,0.374,0.16,0.394,0.416,0.456,0.98,0.396
218,,0.094,0.364,0.15,0.384,0.406,0.446,0.97,0.386
219,,0.084,0.354,0.14,0.374,0.396,0.436,0.96,0.376
220,,0.074,0.344,0.13,0.364,0.386,0.426,0.95,0.366
221,,0.064,0.334,0.12,0.354,0.376,0.416,0.94,0.356
222,,0.054,0.324,0.11,0.344,0.366,0.406,0.93,0.346
223,,0.044,0.314,0.1,0.334,0.356,0.396,0.92,0.336
224,,0.034,0.304,0.09,0.324,0.346,0.386,0.91,0.326
225,,0.024,0.294,0.08,0.314,0.336,0.376,0.9,0.316
226,,0.014,0.284,0.07,0.304,0.326,0.366,0.89,0.306
227,,0.004,0.274,0.06,0.294,0.316,0.356,0.88,0.296
228,,-0.006,0.264,0.05,0.284,0.306,0.346,0.87,0.286
229,1,0.994,0.537,0.04,-0.009,-0.104,0.053,0.86,0.559
230,1,1.0,0.81,0.03,-0.302,-0.514,-0.24,0.85,0.832
231,5,0.59,0.517,0.02,-0.029,0.486,0.033,0.84,0.539
232,5,0.18,0.224,0.01,0.244,1.0,0.306,0.83,0.246
233,,0.17,0.214,0.0,0.234,0.99,0.296,0.82,0.236
234,,0.16,0.204,-0.01,0.224,0.98,0.286,0.81,0.226
235,3,0.15,0.477,0.99,0.497,0.97,-0.007,0.4,-0.067
236,3,0.14,0.75,1.0,0.77,0.96,-0.3,-0.01,-0.36
237,8,0.413,0.74,0.707,0.36,0.667,-0.31,0.263,0.64
238,8,0.686,0.73,0.414,-0.05,0.374,-0.32,0.536,1.0
239,6,0.393,0.32,0.121,-0.06,0.647,0.68,0.809,0.99
240,6,0.1,-0.09,-0.172,-0.07,0.92,1.0,1.0,0.98
241,3,0.09,0.183,0.828,0.203,0.91,0.707,0.59,0.687
242,3,0.08,0.456,1.0,0.476,0.9,0.414,0.18,0.394
243,,0.07,0.446,0.99,0.466,0.89,0.404,0.17,0.384
244,,0.06,0.436,0.98,0.456,0.88,0.394,0.16,0.374
245,,0.05,0.426,0.97,0.446,0.87,0.384,0.15,0.364
246,,0.04,0.416,0.96,0.436,0.86,0.374,0.14,0.354
247,,0.03,0.406,0.95,0.426,0.85,0.364,0.13,0.344
248,,0.02,0.396,0.94,0.416,0.84,0.354,0.12,0.334
249,,0.01,0.386,0.93,0.406,0.83,0.344,0.11,0.324
250,,0.0,0.376,0.92,0.396,0.82,0.334,0.1,0.314
251,,-0.01,0.366,0.91,0.386,0.81,0.324,0.09,0.304
252,1,0.99,0.639,0.9,0.093,0.4,0.031,0.08,0.577
253,1,1.0,0.912,0.89,-0.2,-0.01,-0.262,0.07,0.85
254,6,0.707,0.502,0.597,-0.21,0.263,0.738,0.343,0.84
255,6,0.414,0.092,0.304,-0.22,0.536,1.0,0.616,0.83
256,4,0.121,0.082,0.577,0.78,0.809,0.99,0.323,0.42
257,4,-0.172,0.072,0.85,1.0,1.0,0.98,0.03,0.01
258,1,0.828,0.345,0.84,0.707,0.59,0.687,0.02,0.283
259,1,1.0,0.618,0.83,0.414,0.18,0.394,0.01,0.556
260,,0.99,0.608,0.82,0.404,0.17,0.384,0.0,0.546
261,,0.98,0.598,0.81,0.394,0.16,0.374,-0.01,0.536
262,7,0.97,0.305,0.4,0.101,0.15,0.647,0.99,0.809
263,7,0.96,0.012,-0.01,-0.192,0.14,0.92,1.0,1.0
264,4,0.667,0.002,0.263,0.808,0.413,0.91,0.707,0.59
265,4,0.374,-0.008,0.536,1.0,0.686,0.9,0.414,0.18
266,2,0.647,0.992,0.809,0.99,0.393,0.49,0.121,0.17
267,2,0.92,1.0,1.0,0.98,0.1,0.08,-0.172,0.16
268,7,0.91,0.707,0.59,0.687,0.09,0.353,0.828,0.433
269,7,0.9,0.414,0.18,0.394,0.08,0.626,1.0,0.706
270,,0.89,0.404,0.17,0.384,0.07,0.616,0.99,0.696
271,,0.88,0.394,0.16,0.374,0.06,0.606,0.98,0.686
272,,0.87,0.384,0.15,0.364,0.05,0.596,0.97,0.676
273,,0.86,0.374,0.14,0.354,0.04,0.586,0.96,0.666
274,,0.85,0.364,0.13,0.344,0.03,0.576,0.95,0.656
275,,0.84,0.354,0.12,0.334,0.02,0.566,0.94,0.646
276,,0.83,0.344,0.11,0.324,0.01,0.556,0.93,0.636
277,,0.82,0.334,0.1,0.314,0.0,0.546,0.92,0.626
278,,0.81,0.324,0.09,0.304,-0.01,0.536,0.91,0.616
279,5,0.4,0.031,0.08,0.577,0.99,0.809,0.9,0.323
280,5,-0.01,-0.262,0.07,0.85,1.0,1.0,0.89,0.03
281,2,0.263,0.738,0.343,0.84,0.707,0.59,0.597,0.02
282,2,0.536,1.0,0.616,0.83,0.414,0.18,0.304,0.01
283,,0.526,0.99,0.606,0.82,0.404,0.17,0.294,0.0
284,,0.516,0.98,0.596,0.81,0.394,0.16,0.284,-0.01
285,8,0.789,0.97,0.303,0.4,0.101,0.15,0.557,0.99
286,8,1.0,0.96,0.01,-0.01,-0.192,0.14,0.83,1.0
287,5,0.59,0.667,0.0,0.263,0.808,0.413,0.82,0.707
288,5,0.18,0.374,-0.01,0.536,1.0,0.686,0.81,0.414
289,3,0.17,0.647,0.99,0.809,0.99,0.393,0.4,0.121
290,3,0.16,0.92,1.0,1.0,0.98,0.1,-0.01,-0.172
291,8,0.433,0.91,0.707,0.59,0.687,0.09,0.263,0.828
292,8,0.706,0.9,0.414,0.18,0.394,0.08,0.536,1.0
293,,0.696,0.89,0.404,0.17,0.384,0.07,0.526,0.99
294,,0.686,0.88,0.394,0.16,0.374,0.06,0.516,0.98
295,,0.676,0.87,0.384,0.15,0.364,0.05,0.506,0.97
296,,0.666,0.86,0.374,0.14,0.354,0.04,0.496,0.96
297,,0.656,0.85,0.364,0.13,0.344,0.03,0.486,0.95
298,,0.646,0.84,0.354,0.12,0.334,0.02,0.476,0.94
299,,0.636,0.83,0.344,0.11,0.324,0.01,0.466,0.93
300,,0.626,0.82,0.334,0.1,0.314,0.0,0.456,0.92
301,,0.616,0.81,0.324,0.09,0.304,-0.01,0.446,0.91
302,6,0.323,0.4,0.031,0.08,0.577,0.99,0.719,0.9
303,6,0.03,-0.01,-0.262,0.07,0.85,1.0,0.992,0.89
304,3,0.02,0.263,0.738,0.343,0.84,0.707,0.582,0.597
305,3,0.01,0.536,1.0,0.616,0.83,0.414,0.172,0.304
306,,0.0,0.526,0.99,0.606,0.82,0.404,0.162,0.294
307,,-0.01,0.516,0.98,0.596,0.81,0.394,0.152,0.284
308,1,0.99,0.789,0.97,0.303,0.4,0.101,0.142,0.557
309,1,1.0,1.0,0.96,0.01,-0.01,-0.192,0.132,0.83
310,6,0.707,0.59,0.667,0.0,0.263,0.808,0.405,0.82
311,6,0.414,0.18,0.374,-0.01,0.536,1.0,0.678,0.81
312,4,0.121,0.17,0.647,0.99,0.809,0.99,0.385,0.4
313,4,-0.172,0.16,0.92,1.0,1.0,0.98,0.092,-0.01
314,1,0.828,0.433,0.91,0.707,0.59,0.687,0.082,0.263
315,1,1.0,0.706,0.9,0.414,0.18,0.394,0.072,0.536
316,,0.99,0.696,0.89,0.404,0.17,0.384,0.062,0.526
317,,0.98,0.686,0.88,0.394,0.16,0.374,0.052,0.516
318,,0.97,0.676,0.87,0.384,0.15,0.364,0.042,0.506
319,,0.96,0.666,0.86,0.374,0.14,0.354,0.032,0.496
320,,0.95,0.656,0.85,0.364,0.13,0.344,0.022,0.486
321,,0.94,0.646,0.84,0.354,0.12,0.334,0.012,0.476
322,,0.93,0.636,0.83,0.344,0.11,0.324,0.002,0.466
323,,0.92,0.626,0.82,0.334,0.1,0.314,-0.008,0.456
324,7,0.91,0.333,0.41,0.041,0.09,0.587,0.992,0.729
325,7,0.9,0.04,-0.0,-0.252,0.08,0.86,1.0,1.0
326,4,0.607,0.03,0.273,0.748,0.353,0.85,0.707,0.59
327,4,0.314,0.02,0.546,1.0,0.626,0.84,0.414,0.18
328,,0.304,0.01,0.536,0.99,0.616,0.83,0.404,0.17
329,,0.294,0.0,0.526,0.98,0.606,0.82,0.394,0.16
330,,0.284,-0.01,0.516,0.97,0.596,0.81,0.384,0.15
331,2,0.557,0.99,0.789,0.96,0.303,0.4,0.091,0.14
332,2,0.83,1.0,1.0,0.95,0.01,-0.01,-0.202,0.13
333,7,0.82,0.707,0.59,0.657,0.0,0.263,0.798,0.403
334,7,0.81,0.414,0.18,0.364,-0.01,0.536,1.0,0.676
335,5,0.4,0.121,0.17,0.637,0.99,0.809,0.99,0.383
336,5,-0.01,-0.172,0.16,0.91,1.0,1.0,0.98,0.09
337,2,0.263,0.828,0.433,0.9,0.707,0.59,0.687,0.08
338,2,0.536,1.0,0.706,0.89,0.414,0.18,0.394,0.07
339,,0.526,0.99,0.696,0.88,0.404,0.17,0.384,0.06
340,,0.516,0.98,0.686,0.87,0.394,0.16,0.374,0.05
341,,0.506,0.97,0.676,0.86,0.384,0.15,0.364,0.04
342,,0.496,0.96,0.666,0.85,0.374,0.14,0.354,0.03
343,,0.486,0.95,0.656,0.84,0.364,0.13,0.344,0.02
344,,0.476,0.94,0.646,0.83,0.354,0.12,0.334,0.01
345,,0.466,0.93,0.636,0.82,0.344,0.11,0.324,0.0
346,,0.456,0.92,0.626,0.81,0.334,0.1,0.314,-0.01
347,8,0.729,0.91,0.333,0.4,0.041,0.09,0.587,0.99
348,8,1.0,0.9,0.04,-0.01,-0.252,0.08,0.86,1.0
349,5,0.59,0.607,0.03,0.263,0.748,0.353,0.85,0.707
350,5,0.18,0.314,0.02,0.536,1.0,0.626,0.84,0.414
351,,0.17,0.304,0.01,0.526,0.99,0.616,0.83,0.404
352,,0.16,0.294,0.0,0.516,0.98,0.606,0.82,0.394
353,,0.15,0.284,-0.01,0.506,0.97,0.596,0.81,0.384
354,3,0.14,0.557,0.99,0.779,0.96,0.303,0.4,0.091
355,3,0.13,0.83,1.0,1.0,0.95,0.01,-0.01,-0.202
356,8,0.403,0.82,0.707,0.59,0.657,0.0,0.263,0.798
357,8,0.676,0.81,0.414,0.18,0.364,-0.01,0.536,1.0
358,6,0.383,0.4,0.121,0.17,0.637,0.99,0.809,0.99
359,6,0.09,-0.01,-0.172,0.16,0.91,1.0,1.0,0.98
360,3,0.08,0.263,0.828,0.433,0.9,0.707,0.59,0.687
361,3,0.07,0.536,1.0,0.706,0.89,0.414,0.18,0.394
362,,0.06,0.526,0.99,0.696,0.88,0.404,0.17,0.384
363,,0.05,0.516,0.98,0.686,0.87,0.394,0.16,0.374
364,,0.04,0.506,0.97,0.676,0.86,0.384,0.15,0.364
365,,0.03,0.496,0.96,0.666,0.85,0.374,0.14,0.354
366,,0.02,0.486,0.95,0.656,0.84,0.364,0.13,0.344
367,,0.01,0.476,0.94,0.646,0.83,0.354,0.12,0.334
368,,0.0,0.466,0.93,0.636,0.82,0.344,0.11,0.324
369,,-0.01,0.456,0.92,0.626,0.81,0.334,0.1,0.314
370,1,0.99,0.729,0.91,0.333,0.4,0.041,0.09,0.587
371,1,1.0,1.0,0.9,0.04,-0.01,-0.252,0.08,0.86
372,6,0.707,0.59,0.607,0.03,0.263,0.748,0.353,0.85
373,6,0.414,0.18,0.314,0.02,0.536,1.0,0.626,0.84
374,,0.404,0.17,0.304,0.01,0.526,0.99,0.616,0.83
375,,0.394,0.16,0.294,0.0,0.516,0.98,0.606,0.82
376,,0.384,0.15,0.284,-0.01,0.506,0.97,0.596,0.81
377,4,0.091,0.14,0.557,0.99,0.779,0.96,0.303,0.4
378,4,-0.202,0.13,0.83,1.0,1.0,0.95,0.01,-0.01
379,1,0.798,0.403,0.82,0.707,0.59,0.657,0.0,0.263
380,1,1.0,0.676,0.81,0.414,0.18,0.364,-0.01,0.536
381,7,0.99,0.383,0.4,0.121,0.17,0.637,0.99,0.809
382,7,0.98,0.09,-0.01,-0.172,0.16,0.91,1.0,1.0
383,4,0.687,0.08,0.263,0.828,0.433,0.9,0.707,0.59
384,4,0.394,0.07,0.536,1.0,0.706,0.89,0.414,0.18
385,,0.384,0.06,0.526,0.99,0.696,0.88,0.404,0.17
386,,0.374,0.05,0.516,0.98,0.686,0.87,0.394,0.16
387,,0.364,0.04,0.506,0.97,0.676,0.86,0.384,0.15
388,,0.354,0.03,0.496,0.96,0.666,0.85,0.374,0.14
389,,0.344,0.02,0.486,0.95,0.656,0.84,0.364,0.13
390,,0.334,0.01,0.476,0.94,0.646,0.83,0.354,0.12
391,,0.324,0.0,0.466,0.93,0.636,0.82,0.344,0.11
392,,0.314,-0.01,0.456,0.92,0.626,0.81,0.334,0.1
393,2,0.587,0.99,0.729,0.91,0.333,0.4,0.041,0.09
394,2,0.86,1.0,1.0,0.9,0.04,-0.01,-0.252,0.08
395,7,0.85,0.707,0.59,0.607,0.03,0.263,0.748,0.353
396,7,0.84,0.414,0.18,0.314,0.02,0.536,1.0,0.626
397,,0.83,0.404,0.17,0.304,0.01,0.526,0.99,0.616
398,,0.82,0.394,0.16,0.294,0.0,0.516,0.98,0.606
399,,0.81,0.384,0.15,0.284,-0.01,0.506,0.97,0.596
400,5,0.4,0.091,0.14,0.557,0.99,0.779,0.96,0.303
401,5,-0.01,-0.202,0.13,0.83,1.0,1.0,0.95,0.01
402,2,0.263,0.798,0.403,0.82,0.707,0.59,0.657,0.0
403,2,0.536,1.0,0.676,0.81,0.414,0.18,0.364,-0.01
404,8,0.809,0.99,0.383,0.4,0.121,0.17,0.637,0.99
405,8,1.0,0.98,0.09,-0.01,-0.172,0.16,0.91,1.0
406,5,0.59,0.687,0.08,0.263,0.828,0.433,0.9,0.707
407,5,0.18,0.394,0.07,0.536,1.0,0.706,0.89,0.414
408,,0.17,0.384,0.06,0.526,0.99,0.696,0.88,0.404
409,,0.16,0.374,0.05,0.516,0.98,0.686,0.87,0.394
410,,0.15,0.364,0.04,0.506,0.97,0.676,0.86,0.384
411,,0.14,0.354,0.03,0.496,0.96,0.666,0.85,0.374
412,,0.13,0.344,0.02,0.486,0.95,0.656,0.84,0.364
413,,0.12,0.334,0.01,0.476,0.94,0.646,0.83,0.354
414,,0.11,0.324,0.0,0.466,0.93,0.636,0.82,0.344
415,,0.1,0.314,-0.01,0.456,0.92,0.626,0.81,0.334
416,3,0.09,0.587,0.99,0.729,0.91,0.333,0.4,0.041
417,3,0.08,0.86,1.0,1.0,0.9,0.04,-0.01,-0.252
418,8,0.353,0.85,0.707,0.59,0.607,0.03,0.263,0.748
419,8,0.626,0.84,0.414,0.18,0.314,0.02,0.536,1.0
420,,0.616,0.83,0.404,0.17,0.304,0.01,0.526,0.99
421,,0.606,0.82,0.394,0.16,0.294,0.0,0.516,0.98
422,,0.596,0.81,0.384,0.15,0.284,-0.01,0.506,0.97
423,6,0.303,0.4,0.091,0.14,0.557,0.99,0.779,0.96
424,6,0.01,-0.01,-0.202,0.13,0.83,1.0,1.0,0.95
425,3,0.0,0.263,0.798,0.403,0.82,0.707,0.59,0.657
426,3,-0.01,0.536,1.0,0.676,0.81,0.414,0.18,0.364
427,1,0.99,0.809,0.99,0.383,0.4,0.121,0.17,0.637
428,1,1.0,1.0,0.98,0.09,-0.01,-0.172,0.16,0.91
429,6,0.707,0.59,0.687,0.08,0.263,0.828,0.433,0.9
430,6,0.414,0.18,0.394,0.07,0.536,1.0,0.706,0.89
431,,0.404,0.17,0.384,0.06,0.526,0.99,0.696,0.88
432,,0.394,0.16,0.374,0.05,0.516,0.98,0.686,0.87
433,,0.384,0.15,0.364,0.04,0.506,0.97,0.676,0.86
434,,0.374,0.14,0.354,0.03,0.496,0.96,0.666,0.85
435,,0.364,0.13,0.344,0.02,0.486,0.95,0.656,0.84
436,,0.354,0.12,0.334,0.01,0.476,0.94,0.646,0.83
437,,0.344,0.11,0.324,0.0,0.466,0.93,0.636,0.82
438,,0.334,0.1,0.314,-0.01,0.456,0.92,0.626,0.81
439,4,0.041,0.09,0.587,0.99,0.729,0.91,0.333,0.4
440,4,-0.252,0.08,0.86,1.0,1.0,0.9,0.04,-0.01
441,1,0.748,0.353,0.85,0.707,0.59,0.607,0.03,0.263
442,1,1.0,0.626,0.84,0.414,0.18,0.314,0.02,0.536
443,,0.99,0.616,0.83,0.404,0.17,0.304,0.01,0.526
444,,0.98,0.606,0.82,0.394,0.16,0.294,0.0,0.516
445,,0.97,0.596,0.81,0.384,0.15,0.284,-0.01,0.506
446,7,0.96,0.303,0.4,0.091,0.14,0.557,0.99,0.779
447,7,0.95,0.01,-0.01,-0.202,0.13,0.83,1.0,1.0
448,4,0.657,0.0,0.263,0.798,0.403,0.82,0.707,0.59
449,4,0.364,-0.01,0.536,1.0,0.676,0.81,0.414,0.18
450,2,0.637,0.99,0.809,0.99,0.383,0.4,0.121,0.17
451,2,0.91,1.0,1.0,0.98,0.09,-0.01,-0.172,0.16
452,7,0.9,0.707,0.59,0.687,0.08,0.263,0.828,0.433
453,7,0.89,0.414,0.18,0.394,0.07,0.536,1.0,0.706
454,,0.88,0.404,0.17,0.384,0.06,0.526,0.99,0.696
455,,0.87,0.394,0.16,0.374,0.05,0.516,0.98,0.686
456,,0.86,0.384,0.15,0.364,0.04,0.506,0.97,0.676
457,,0.85,0.374,0.14,0.354,0.03,0.496,0.96,0.666
458,,0.84,0.364,0.13,0.344,0.02,0.486,0.95,0.656
459,,0.83,0.354,0.12,0.334,0.01,0.476,0.94,0.646
460,,0.82,0.344,0.11,0.324,0.0,0.466,0.93,0.636
461,,0.81,0.334,0.1,0.314,-0.01,0.456,0.92,0.626
462,5,0.4,0.041,0.09,0.587,0.99,0.729,0.91,0.333
463,5,-0.01,-0.252,0.08,0.86,1.0,1.0,0.9,0.04
464,2,0.263,0.748,0.353,0.85,0.707,0.59,0.607,0.03
465,2,0.536,1.0,0.626,0.84,0.414,0.18,0.314,0.02
466,,0.526,0.99,0.616,0.83,0.404,0.17,0.304,0.01
467,,0.516,0.98,0.606,0.82,0.394,0.16,0.294,0.0
468,,0.506,0.97,0.596,0.81,0.384,0.15,0.284,-0.01
469,8,0.779,0.96,0.303,0.4,0.091,0.14,0.557,0.99
470,8,1.0,0.95,0.01,-0.01,-0.202,0.13,0.83,1.0
471,5,0.59,0.657,0.0,0.263,0.798,0.403,0.82,0.707
472,5,0.18,0.364,-0.01,0.536,1.0,0.676,0.81,0.414
473,3,0.17,0.637,0.99,0.809,0.99,0.383,0.4,0.121
474,3,0.16,0.91,1.0,1.0,0.98,0.09,-0.01,-0.172
475,8,0.433,0.9,0.707,0.59,0.687,0.08,0.263,0.828
476,8,0.706,0.89,0.414,0.18,0.394,0.07,0.536,1.0
477,,0.696,0.88,0.404,0.17,0.384,0.06,0.526,0.99
478,,0.686,0.87,0.394,0.16,0.374,0.05,0.516,0.98
479,,0.676,0.86,0.384,0.15,0.364,0.04,0.506,0.97
480,,0.666,0.85,0.374,0.14,0.354,0.03,0.496,0.96
481,,0.656,0.84,0.364,0.13,0.344,0.02,0.486,0.95
482,,0.646,0.83,0.354,0.12,0.334,0.01,0.476,0.94
483,,0.636,0.82,0.344,0.11,0.324,0.0,0.466,0.93
484,,0.626,0.81,0.334,0.1,0.314,-0.01,0.456,0.92
485,6,0.333,0.4,0.041,0.09,0.587,0.99,0.729,0.91
486,6,0.04,-0.01,-0.252,0.08,0.86,1.0,1.0,0.9
487,3,0.03,0.263,0.748,0.353,0.85,0.707,0.59,0.607
488,3,0.02,0.536,1.0,0.626,0.84,0.414,0.18,0.314
489,,0.01,0.526,0.99,0.616,0.83,0.404,0.17,0.304
490,,0.0,0.516,0.98,0.606,0.82,0.394,0.16,0.294
491,,-0.01,0.506,0.97,0.596,0.81,0.384,0.15,0.284
492,1,0.99,0.779,0.96,0.303,0.4,0.091,0.14,0.557
493,1,1.0,1.0,0.95,0.01,-0.01,-0.202,0.13,0.83
494,6,0.707,0.59,0.657,0.0,0.263,0.798,0.403,0.82
495,6,0.414,0.18,0.364,-0.01,0.536,1.0,0.676,0.81
496,4,0.121,0.17,0.637,0.99,0.809,0.99,0.383,0.4
497,4,-0.172,0.16,0.91,1.0,1.0,0.98,0.09,-0.01
498,1,0.828,0.433,0.9,0.707,0.59,0.687,0.08,0.263
499,1,1.0,0.706,0.89,0.414,0.18,0.394,0.07,0.536
500,,0.99,0.696,0.88,0.404,0.17,0.384,0.06,0.526
501,,0.98,0.686,0.87,0.394,0.16,0.374,0.05,0.516
502,,0.97,0.676,0.86,0.384,0.15,0.364,0.04,0.506
503,,0.96,0.666,0.85,0.374,0.14,0.354,0.03,0.496
504,,0.95,0.656,0.84,0.364,0.13,0.344,0.02,0.486
505,,0.94,0.646,0.83,0.354,0.12,0.334,0.01,0.476
506,,0.93,0.636,0.82,0.344,0.11,0.324,0.0,0.466
507,,0.92,0.626,0.81,0.334,0.1,0.314,-0.01,0.456
508,7,0.91,0.333,0.4,0.041,0.09,0.587,0.99,0.729
509,7,0.9,0.04,-0.01,-0.252,0.08,0.86,1.0,1.0
510,4,0.607,0.03,0.263,0.748,0.353,0.85,0.707,0.59
511,4,0.314,0.02,0.536,1.0,0.626,0.84,0.414,0.18
512,,0.304,0.01,0.526,0.99,0.616,0.83,0.404,0.17
513,,0.294,0.0,0.516,0.98,0.606,0.82,0.394,0.16
514,,0.284,-0.01,0.506,0.97,0.596,0.81,0.384,0.15
515,2,0.557,0.99,0.779,0.96,0.303,0.4,0.091,0.14
516,2,0.83,1.0,1.0,0.95,0.01,-0.01,-0.202,0.13
517,7,0.82,0.707,0.59,0.657,0.0,0.263,0.798,0.403
518,7,0.81,0.414,0.18,0.364,-0.01,0.536,1.0,0.676
519,5,0.4,0.121,0.17,0.637,0.99,0.809,0.99,0.383
520,5,-0.01,-0.172,0.16,0.91,1.0,1.0,0.98,0.09
521,2,0.263,0.828,0.433,0.9,0.707,0.59,0.687,0.08
522,2,0.536,1.0,0.706,0.89,0.414,0.18,0.394,0.07
523,,0.526,0.99,0.696,0.88,0.404,0.17,0.384,0.06
524,,0.516,0.98,0.686,0.87,0.394,0.16,0.374,0.05
525,,0.506,0.97,0.676,0.86,0.384,0.15,0.364,0.04
526,,0.496,0.96,0.666,0.85,0.374,0.14,0.354,0.03
527,,0.486,0.95,0.656,0.84,0.364,0.13,0.344,0.02
528,,0.476,0.94,0.646,0.83,0.354,0.12,0.334,0.01
529,,0.466,0.93,0.636,0.82,0.344,0.11,0.324,0.0
530,,0.456,0.92,0.626,0.81,0.334,0.1,0.314,-0.01
531,8,0.729,0.91,0.333,0.4,0.041,0.09,0.587,0.99
532,8,1.0,0.9,0.04,-0.01,-0.252,0.08,0.86,1.0
533,5,0.59,0.607,0.03,0.263,0.748,0.353,0.85,0.707
534,5,0.18,0.314,0.02,0.536,1.0,0.626,0.84,0.414
535,,0.17,0.304,0.01,0.526,0.99,0.616,0.83,0.404
536,,0.16,0.294,0.0,0.516,0.98,0.606,0.82,0.394
537,,0.15,0.284,-0.01,0.506,0.97,0.596,0.81,0.384
538,3,0.14,0.557,0.99,0.779,0.96,0.303,0.4,0.091
539,3,0.13,0.83,1.0,1.0,0.95,0.01,-0.01,-0.202
540,8,0.403,0.82,0.707,0.59,0.657,0.0,0.263,0.798
541,8,0.676,0.81,0.414,0.18,0.364,-0.01,0.536,1.0
542,6,0.383,0.4,0.121,0.17,0.637,0.99,0.809,0.99
543,6,0.09,-0.01,-0.172,0.16,0.91,1.0,1.0,0.98
544,3,0.08,0.263,0.828,0.433,0.9,0.707,0.59,0.687
545,3,0.07,0.536,1.0,0.706,0.89,0.414,0.18,0.394
546,,0.06,0.526,0.99,0.696,0.88,0.404,0.17,0.384
547,,0.05,0.516,0.98,0.686,0.87,0.394,0.16,0.374
548,,0.04,0.506,0.97,0.676,0.86,0.384,0.15,0.364
549,,0.03,0.496,0.96,0.666,0.85,0.374,0.14,0.354
550,,0.02,0.486,0.95,0.656,0.84,0.364,0.13,0.344
551,,0.01,0.476,0.94,0.646,0.83,0.354,0.12,0.334
552,,0.0,0.466,0.93,0.636,0.82,0.344,0.11,0.324
553,,-0.01,0.456,0.92,0.626,0.81,0.334,0.1,0.314
554,1,0.99,0.729,0.91,0.333,0.4,0.041,0.09,0.587
555,1,1.0,1.0,0.9,0.04,-0.01,-0.252,0.08,0.86
556,6,0.707,0.59,0.607,0.03,0.263,0.748,0.353,0.85
557,6,0.414,0.18,0.314,0.02,0.536,1.0,0.626,0.84
558,,0.404,0.17,0.304,0.01,0.526,0.99,0.616,0.83
559,,0.394,0.16,0.294,0.0,0.516,0.98,0.606,0.82
560,,0.384,0.15,0.284,-0.01,0.506,0.97,0.596,0.81
561,4,0.091,0.14,0.557,0.99,0.779,0.96,0.303,0.4
562,4,-0.202,0.13,0.83,1.0,1.0,0.95,0.01,-0.01
563,1,0.798,0.403,0.82,0.707,0.59,0.657,0.0,0.263
564,1,1.0,0.676,0.81,0.414,0.18,0.364,-0.01,0.536
565,7,0.99,0.383,0.4,0.121,0.17,0.637,0.99,0.809
566,7,0.98,0.09,-0.01,-0.172,0.16,0.91,1.0,1.0
567,4,0.687,0.08,0.263,0.828,0.433,0.9,0.707,0.59
568,4,0.394,0.07,0.536,1.0,0.706,0.89,0.414,0.18
569,,0.384,0.06,0.526,0.99,0.696,0.88,0.404,0.17
570,,0.374,0.05,0.516,0.98,0.686,0.87,0.394,0.16
571,,0.364,0.04,0.506,0.97,0.676,0.86,0.384,0.15
572,,0.354,0.03,0.496,0.96,0.666,0.85,0.374,0.14
573,,0.344,0.02,0.486,0.95,0.656,0.84,0.364,0.13
574,,0.334,0.01,0.476,0.94,0.646,0.83,0.354,0.12
575,,0.324,0.0,0.466,0.93,0.636,0.82,0.344,0.11
576,,0.314,-0.01,0.456,0.92,0.626,0.81,0.334,0.1
577,2,0.587,0.99,0.729,0.91,0.333,0.4,0.041,0.09
578,2,0.86,1.0,1.0,0.9,0.04,-0.01,-0.252,0.08
579,7,0.85,0.707,0.59,0.607,0.03,0.263,0.748,0.353
580,7,0.84,0.414,0.18,0.314,0.02,0.536,1.0,0.626
581,,0.83,0.404,0.17,0.304,0.01,0.526,0.99,0.616
582,,0.82,0.394,0.16,0.294,0.0,0.516,0.98,0.606
583,,0.81,0.384,0.15,0.284,-0.01,0.506,0.97,0.596
584,5,0.4,0.091,0.14,0.557,0.99,0.779,0.96,0.303
585,5,-0.01,-0.202,0.13,0.83,1.0,1.0,0.95,0.01
586,2,0.263,0.798,0.403,0.82,0.707,0.59,0.657,0.0
587,2,0.536,1.0,0.676,0.81,0.414,0.18,0.364,-0.01
588,8,0.809,0.99,0.383,0.4,0.121,0.17,0.637,0.99
589,8,1.0,0.98,0.09,-0.01,-0.172,0.16,0.91,1.0
590,5,0.59,0.687,0.08,0.263,0.828,0.433,0.9,0.707
591,5,0.18,0.394,0.07,0.536,1.0,0.706,0.89,0.414
592,,0.17,0.384,0.06,0.526,0.99,0.696,0.88,0.404
593,,0.16,0.374,0.05,0.516,0.98,0.686,0.87,0.394
594,,0.15,0.364,0.04,0.506,0.97,0.676,0.86,0.384
595,,0.14,0.354,0.03,0.496,0.96,0.666,0.85,0.374
596,,0.13,0.344,0.02,0.486,0.95,0.656,0.84,0.364
597,,0.12,0.334,0.01,0.476,0.94,0.646,0.83,0.354
598,,0.11,0.324,0.0,0.466,0.93,0.636,0.82,0.344
599,,0.1,0.314,-0.01,0.456,0.92,0.626,0.81,0.334
600,3,0.09,0.587,0.99,0.729,0.91,0.333,0.4,0.041
601,3,0.08,0.86,1.0,1.0,0.9,0.04,-0.01,-0.252
602,8,0.353,0.85,0.707,0.59,0.607,0.03,0.263,0.748
603,8,0.626,0.84,0.414,0.18,0.314,0.02,0.536,1.0
604,,0.616,0.83,0.404,0.17,0.304,0.01,0.526,0.99
605,,0.606,0.82,0.394,0.16,0.294,0.0,0.516,0.98
606,,0.596,0.81,0.384,0.15,0.284,-0.01,0.506,0.97
607,6,0.303,0.4,0.091,0.14,0.557,0.99,0.779,0.96
608,6,0.01,-0.01,-0.202,0.13,0.83,1.0,1.0,0.95
609,3,0.0,0.263,0.798,0.403,0.82,0.707,0.59,0.657
610,3,-0.01,0.536,1.0,0.676,0.81,0.414,0.18,0.364
611,1,0.99,0.809,0.99,0.383,0.4,0.121,0.17,0.637
612,1,1.0,1.0,0.98,0.09,-0.01,-0.172,0.16,0.91
613,6,0.707,0.59,0.687,0.08,0.263,0.828,0.433,0.9
614,6,0.414,0.18,0.394,0.07,0.536,1.0,0.706,0.89
615,,0.404,0.17,0.384,0.06,0.526,0.99,0.696,0.88
616,,0.394,0.16,0.374,0.05,0.516,0.98,0.686,0.87
617,,0.384,0.15,0.364,0.04,0.506,0.97,0.676,0.86
618,,0.374,0.14,0.354,0.03,0.496,0.96,0.666,0.85
619,,0.364,0.13,0.344,0.02,0.486,0.95,0.656,0.84
620,,0.354,0.12,0.334,0.01,0.476,0.94,0.646,0.83
621,,0.344,0.11,0.324,0.0,0.466,0.93,0.636,0.82
622,,0.334,0.1,0.314,-0.01,0.456,0.92,0.626,0.81
623,4,0.041,0.09,0.587,0.99,0.729,0.91,0.333,0.4
624,4,-0.252,0.08,0.86,1.0,1.0,0.9,0.04,-0.01
625,1,0.748,0.353,0.85,0.707,0.59,0.607,0.03,0.263
626,1,1.0,0.626,0.84,0.414,0.18,0.314,0.02,0.536
627,,0.99,0.616,0.83,0.404,0.17,0.304,0.01,0.526
628,,0.98,0.606,0.82,0.394,0.16,0.294,0.0,0.516
629,,0.97,0.596,0.81,0.384,0.15,0.284,-0.01,0.506
630,7,0.96,0.303,0.4,0.091,0.14,0.557,0.99,0.779
631,7,0.95,0.01,-0.01,-0.202,0.13,0.83,1.0,1.0
632,4,0.657,0.0,0.263,0.798,0.403,0.82,0.707,0.59
633,4,0.364,-0.01,0.536,1.0,0.676,0.81,0.414,0.18
634,2,0.637,0.99,0.809,0.99,0.383,0.4,0.121,0.17
635,2,0.91,1.0,1.0,0.98,0.09,-0.01,-0.172,0.16
636,7,0.9,0.707,0.59,0.687,0.08,0.263,0.828,0.433
637,7,0.89,0.414,0.18,0.394,0.07,0.536,1.0,0.706
638,,0.88,0.404,0.17,0.384,0.06,0.526,0.99,0.696
639,,0.87,0.394,0.16,0.374,0.05,0.516,0.98,0.686
640,,0.86,0.384,0.15,0.364,0.04,0.506,0.97,0.676
641,,0.85,0.374,0.14,0.354,0.03,0.496,0.96,0.666
642,,0.84,0.364,0.13,0.344,0.02,0.486,0.95,0.656
643,,0.83,0.354,0.12,0.334,0.01,0.476,0.94,0.646
644,,0.82,0.344,0.11,0.324,0.0,0.466,0.93,0.636
645,,0.81,0.334,0.1,0.314,-0.01,0.456,0.92,0.626
646,5,0.4,0.041,0.09,0.587,0.99,0.729,0.91,0.333
647,5,-0.01,-0.252,0.08,0.86,1.0,1.0,0.9,0.04
648,2,0.263,0.748,0.353,0.85,0.707,0.59,0.607,0.03
649,2,0.536,1.0,0.626,0.84,0.414,0.18,0.314,0.02
650,,0.526,0.99,0.616,0.83,0.404,0.17,0.304,0.01
651,,0.516,0.98,0.606,0.82,0.394,0.16,0.294,0.0
652,,0.506,0.97,0.596,0.81,0.384,0.15,0.284,-0.01
653,8,0.779,0.96,0.303,0.4,0.091,0.14,0.557,0.99
654,8,1.0,0.95,0.01,-0.01,-0.202,0.13,0.83,1.0
655,5,0.59,0.657,0.0,0.263,0.798,0.403,0.82,0.707
656,5,0.18,0.364,-0.01,0.536,1.0,0.676,0.81,0.414
657,3,0.17,0.637,0.99,0.809,0.99,0.383,0.4,0.121
658,3,0.16,0.91,1.0,1.0,0.98,0.09,-0.01,-0.172
659,8,0.433,0.9,0.707,0.59,0.687,0.08,0.263,0.828
660,8,0.706,0.89,0.414,0.18,0.394,0.07,0.536,1.0
661,,0.696,0.88,0.404,0.17,0.384,0.06,0.526,0.99
662,,0.686,0.87,0.394,0.16,0.374,0.05,0.516,0.98
663,,0.676,0.86,0.384,0.15,0.364,0.04,0.506,0.97
664,,0.666,0.85,0.374,0.14,0.354,0.03,0.496,0.96
665,,0.656,0.84,0.364,0.13,0.344,0.02,0.486,0.95
666,,0.646,0.83,0.354,0.12,0.334,0.01,0.476,0.94
667,,0.636,0.82,0.344,0.11,0.324,0.0,0.466,0.93
668,,0.626,0.81,0.334,0.1,0.314,-0.01,0.456,0.92
669,6,0.333,0.4,0.041,0.09,0.587,0.99,0.729,0.91
670,6,0.04,-0.01,-0.252,0.08,0.86,1.0,1.0,0.9
671,3,0.03,0.263,0.748,0.353,0.85,0.707,0.59,0.607
672,3,0.02,0.536,1.0,0.626,0.84,0.414,0.18,0.314
673,,0.01,0.526,0.99,0.616,0.83,0.404,0.17,0.304
674,,0.0,0.516,0.98,0.606,0.82,0.394,0.16,0.294
675,,-0.01,0.506,0.97,0.596,0.81,0.384,0.15,0.284
676,1,0.99,0.779,0.96,0.303,0.4,0.091,0.14,0.557
677,1,1.0,1.0,0.95,0.01,-0.01,-0.202,0.13,0.83
678,6,0.707,0.59,0.657,0.0,0.263,0.798,0.403,0.82
679,6,0.414,0.18,0.364,-0.01,0.536,1.0,0.676,0.81
680,4,0.121,0.17,0.637,0.99,0.809,0.99,0.383,0.4
681,4,-0.172,0.16,0.91,1.0,1.0,0.98,0.09,-0.01
682,1,0.828,0.433,0.9,0.707,0.59,0.687,0.08,0.263
683,1,1.0,0.706,0.89,0.414,0.18,0.394,0.07,0.536
684,,0.99,0.696,0.88,0.404,0.17,0.384,0.06,0.526
685,,0.98,0.686,0.87,0.394,0.16,0.374,0.05,0.516
686,,0.97,0.676,0.86,0.384,0.15,0.364,0.04,0.506
687,,0.96,0.666,0.85,0.374,0.14,0.354,0.03,0.496
688,,0.95,0.656,0.84,0.364,0.13,0.344,0.02,0.486
689,,0.94,0.646,0.83,0.354,0.12,0.334,0.01,0.476
690,,0.93,0.636,0.82,0.344,0.11,0.324,0.0,0.466
691,,0.92,0.626,0.81,0.334,0.1,0.314,-0.01,0.456
692,7,0.91,0.333,0.4,0.041,0.09,0.587,0.99,0.729
693,7,0.9,0.04,-0.01,-0.252,0.08,0.86,1.0,1.0
694,4,0.607,0.03,0.263,0.748,0.353,0.85,0.707,0.59
695,4,0.314,0.02,0.536,1.0,0.626,0.84,0.414,0.18
696,,0.304,0.01,0.526,0.99,0.616,0.83,0.404,0.17
697,,0.294,0.0,0.516,0.98,0.606,0.82,0.394,0.16
698,,0.284,-0.01,0.506,0.97,0.596,0.81,0.384,0.15
699,2,0.557,0.99,0.779,0.96,0.303,0.4,0.091,0.14
700,2,0.83,1.0,1.0,0.95,0.01,-0.01,-0.202,0.13
701,7,0.82,0.707,0.59,0.657,0.0,0.263,0.798,0.403
702,7,0.81,0.414,0.18,0.364,-0.01,0.536,1.0,0.676
703,5,0.4,0.121,0.17,0.637,0.99,0.809,0.99,0.383
704,5,-0.01,-0.172,0.16,0.91,1.0,1.0,0.98,0.09
705,2,0.263,0.828,0.433,0.9,0.707,0.59,0.687,0.08
706,2,0.536,1.0,0.706,0.89,0.414,0.18,0.394,0.07
707,,0.526,0.99,0.696,0.88,0.404,0.17,0.384,0.06
708,,0.516,0.98,0.686,0.87,0.394,0.16,0.374,0.05
709,,0.506,0.97,0.676,0.86,0.384,0.15,0.364,0.04
710,,0.496,0.96,0.666,0.85,0.374,0.14,0.354,0.03
711,,0.486,0.95,0.656,0.84,0.364,0.13,0.344,0.02
712,,0.476,0.94,0.646,0.83,0.354,0.12,0.334,0.01
713,,0.466,0.93,0.636,0.82,0.344,0.11,0.324,0.0
714,,0.456,0.92,0.626,0.81,0.334,0.1,0.314,-0.01
715,8,0.729,0.91,0.333,0.4,0.041,0.09,0.587,0.99
716,8,1.0,0.9,0.04,-0.01,-0.252,0.08,0.86,1.0
717,5,0.59,0.607,0.03,0.263,0.748,0.353,0.85,0.707
718,5,0.18,0.314,0.02,0.536,1.0,0.626,0.84,0.414
719,,0.17,0.304,0.01,0.526,0.99,0.616,0.83,0.404
720,,0.16,0.294,0.0,0.516,0.98,0.606,0.82,0.394
721,,0.15,0.284,-0.01,0.506,0.97,0.596,0.81,0.384
722,3,0.14,0.557,0.99,0.779,0.96,0.303,0.4,0.091
723,3,0.13,0.83,1.0,1.0,0.95,0.01,-0.01,-0.202
724,8,0.403,0.82,0.707,0.59,0.657,0.0,0.263,0.798
725,8,0.676,0.81,0.414,0.18,0.364,-0.01,0.536,1.0
726,6,0.383,0.4,0.121,0.17,0.637,0.99,0.809,0.99
727,6,0.09,-0.01,-0.172,0.16,0.91,1.0,1.0,0.98
728,3,0.08,0.263,0.828,0.433,0.9,0.707,0.59,0.687
729,3,0.07,0.536,1.0,0.706,0.89,0.414,0.18,0.394
730,,0.06,0.526,0.99,0.696,0.88,0.404,0.17,0.384
731,,0.05,0.516,0.98,0.686,0.87,0.394,0.16,0.374
732,,0.04,0.506,0.97,0.676,0.86,0.384,0.15,0.364
733,,0.03,0.496,0.96,0.666,0.85,0.374,0.14,0.354
734,,0.02,0.486,0.95,0.656,0.84,0.364,0.13,0.344
735,,0.01,0.476,0.94,0.646,0.83,0.354,0.12,0.334
736,,0.0,0.466,0.93,0.636,0.82,0.344,0.11,0.324
737,,-0.01,0.456,0.92,0.626,0.81,0.334,0.1,0.314
738,1,0.99,0.729,0.91,0.333,0.4,0.041,0.09,0.587
739,1,1.0,1.0,0.9,0.04,-0.01,-0.252,0.08,0.86
740,6,0.707,0.59,0.607,0.03,0.263,0.748,0.353,0.85
741,6,0.414,0.18,0.314,0.02,0.536,1.0,0.626,0.84
742,,0.404,0.17,0.304,0.01,0.526,0.99,0.616,0.83
743,,0.394,0.16,0.294,0.0,0.516,0.98,0.606,0.82
744,,0.384,0.15,0.284,-0.01,0.506,0.97,0.596,0.81
745,4,0.091,0.14,0.557,0.99,0.779,0.96,0.303,0.4
746,4,-0.202,0.13,0.83,1.0,1.0,0.95,0.01,-0.01
747,1,0.798,0.403,0.82,0.707,0.59,0.657,0.0,0.263
748,1,1.0,0.676,0.81,0.414,0.18,0.364,-0.01,0.536
749,7,0.99,0.383,0.4,0.121,0.17,0.637,0.99,0.809
750,7,0.98,0.09,-0.01,-0.172,0.16,0.91,1.0,1.0
751,4,0.687,0.08,0.263,0.828,0.433,0.9,0.707,0.59
752,4,0.394,0.07,0.536,1.0,0.706,0.89,0.414,0.18
753,,0.384,0.06,0.526,0.99,0.696,0.88,0.404,0.17
754,,0.374,0.05,0.516,0.98,0.686,0.87,0.394,0.16
755,,0.364,0.04,0.506,0.97,0.676,0.86,0.384,0.15
756,,0.354,0.03,0.496,0.96,0.666,0.85,0.374,0.14
757,,0.344,0.02,0.486,0.95,0.656,0.84,0.364,0.13
758,,0.334,0.01,0.476,0.94,0.646,0.83,0.354,0.12
759,,0.324,0.0,0.466,0.93,0.636,0.82,0.344,0.11
760,,0.314,-0.01,0.456,0.92,0.626,0.81,0.334,0.1
761,2,0.587,0.99,0.729,0.91,0.333,0.4,0.041,0.09
762,2,0.86,1.0,1.0,0.9,0.04,-0.01,-0.252,0.08
763,7,0.85,0.707,0.59,0.607,0.03,0.263,0.748,0.353
764,7,0.84,0.414,0.18,0.314,0.02,0.536,1.0,0.626
765,,0.83,0.404,0.17,0.304,0.01,0.526,0.99,0.616
766,,0.82,0.394,0.16,0.294,0.0,0.516,0.98,0.606
767,,0.81,0.384,0.15,0.284,-0.01,0.506,0.97,0.596
768,5,0.4,0.091,0.14,0.557,0.99,0.779,0.96,0.303
769,5,-0.01,-0.202,0.13,0.83,1.0,1.0,0.95,0.01
770,2,0.263,0.798,0.403,0.82,0.707,0.59,0.657,0.0
771,2,0.536,1.0,0.676,0.81,0.414,0.18,0.364,-0.01
772,8,0.809,0.99,0.383,0.4,0.121,0.17,0.637,0.99
773,8,1.0,0.98,0.09,-0.01,-0.172,0.16,0.91,1.0
774,5,0.59,0.687,0.08,0.263,0.828,0.433,0.9,0.707
775,5,0.18,0.394,0.07,0.536,1.0,0.706,0.89,0.414
776,,0.17,0.384,0.06,0.526,0.99,0.696,0.88,0.404
777,,0.16,0.374,0.05,0.516,0.98,0.686,0.87,0.394
778,,0.15,0.364,0.04,0.506,0.97,0.676,0.86,0.384
779,,0.14,0.354,0.03,0.496,0.96,0.666,0.85,0.374
780,,0.13,0.344,0.02,0.486,0.95,0.656,0.84,0.364
781,,0.12,0.334,0.01,0.476,0.94,0.646,0.83,0.354
782,,0.11,0.324,0.0,0.466,0.93,0.636,0.82,0.344
783,,0.1,0.314,-0.01,0.456,0.92,0.626,0.81,0.334
784,3,0.09,0.587,0.99,0.729,0.91,0.333,0.4,0.041
785,3,0.08,0.86,1.0,1.0,0.9,0.04,-0.01,-0.252
786,8,0.353,0.85,0.707,0.59,0.607,0.03,0.263,0.748
787,8,0.626,0.84,0.414,0.18,0.314,0.02,0.536,1.0
788,,0.616,0.83,0.404,0.17,0.304,0.01,0.526,0.99
789,,0.606,0.82,0.394,0.16,0.294,0.0,0.516,0.98
790,,0.596,0.81,0.384,0.15,0.284,-0.01,0.506,0.97
791,6,0.303,0.4,0.091,0.14,0.557,0.99,0.779,0.96
792,6,0.01,-0.01,-0.202,0.13,0.83,1.0,1.0,0.95
793,3,0.0,0.263,0.798,0.403,0.82,0.707,0.59,0.657
794,3,-0.01,0.536,1.0,0.676,0.81,0.414,0.18,0.364
795,1,0.99,0.809,0.99,0.383,0.4,0.121,0.17,0.637
796,1,1.0,1.0,0.98,0.09,-0.01,-0.172,0.16,0.91
797,6,0.707,0.59,0.687,0.08,0.263,0.828,0.433,0.9
798,6,0.414,0.18,0.394,0.07,0.536,1.0,0.706,0.89
799,,0.404,0.17,0.384,0.06,0.526,0.99,0.696,0.88
800,,0.394,0.16,0.374,0.05,0.516,0.98,0.686,0.87
801,,0.384,0.15,0.364,0.04,0.506,0.97,0.676,0.86
802,,0.374,0.14,0.354,0.03,0.496,0.96,0.666,0.85
