step,active_motive,motive_1,motive_2,motive_3,motive_4,motive_5,motive_6,motive_7,motive_8
0,,0.40184,0.09329,0.44628,0.26967,0.40372,0.44805,0.159,0.05503
1,,0.39184,0.08329,0.43628,0.25967,0.39372,0.43805,0.149,0.04503
2,,0.38184,0.07329,0.42628,0.24967,0.38372,0.42805,0.139,0.03503
3,,0.37184,0.06329,0.41628,0.23967,0.37372,0.41805,0.129,0.02503
4,,0.36184,0.05329,0.40628,0.22967,0.36372,0.40805,0.119,0.01503
5,,0.35184,0.04329,0.39628,0.21967,0.35372,0.39805,0.109,0.00503
6,,0.34184,0.03329,0.38628,0.20967,0.34372,0.38805,0.099,-0.00497
7,8,0.61484,0.02329,0.09328,-0.20033,0.05072,0.37805,0.372,0.99503
8,8,0.88784,0.01329,-0.19972,-0.61033,-0.24228,0.36805,0.645,1.0
9,4,0.59484,0.00329,0.07328,0.38967,0.03072,0.35805,0.352,0.59
10,4,0.30184,-0.00671,0.34628,1.0,0.30372,0.34805,0.059,0.18
11,2,0.57484,0.99329,0.61928,0.99,0.01072,-0.06195,-0.234,0.17
12,2,0.84784,1.0,0.89228,0.98,-0.28228,-0.47195,-0.527,0.16
13,7,0.83784,0.707,0.48228,0.687,-0.29228,-0.19895,0.473,0.433
14,7,0.82784,0.414,0.07228,0.394,-0.30228,0.07405,1.0,0.706
15,5,0.41784,0.121,0.06228,0.667,0.69772,0.34705,0.99,0.413
16,5,0.00784,-0.172,0.05228,0.94,1.0,0.62005,0.98,0.12
17,2,0.28084,0.828,0.32528,0.93,0.707,0.21005,0.687,0.11
18,2,0.55384,1.0,0.59828,0.92,0.414,-0.19995,0.394,0.1
19,6,0.26084,0.59,0.30528,0.91,0.687,0.80005,0.667,0.09
20,6,-0.03216,0.18,0.01228,0.9,0.96,1.0,0.94,0.08
21,1,0.96784,0.453,0.00228,0.607,0.55,0.707,0.93,0.353
22,1,1.0,0.726,-0.00772,0.314,0.14,0.414,0.92,0.626
23,3,0.99,0.999,0.99228,0.587,0.13,0.121,0.51,0.333
24,3,0.98,1.0,1.0,0.86,0.12,-0.172,0.1,0.04
25,6,0.687,0.59,0.707,0.85,0.393,0.828,0.373,0.03
26,6,0.394,0.18,0.414,0.84,0.666,1.0,0.646,0.02
27,,0.384,0.17,0.404,0.83,0.656,0.99,0.636,0.01
28,,0.374,0.16,0.394,0.82,0.646,0.98,0.626,0.0
29,,0.364,0.15,0.384,0.81,0.636,0.97,0.616,-0.01
30,8,0.637,0.14,0.091,0.4,0.343,0.96,0.889,0.99
31,8,0.91,0.13,-0.202,-0.01,0.05,0.95,1.0,1.0
32,3,0.9,0.403,0.798,0.263,0.04,0.657,0.59,0.707
33,3,0.89,0.676,1.0,0.536,0.03,0.364,0.18,0.414
34,,0.88,0.666,0.99,0.526,0.02,0.354,0.17,0.404
35,,0.87,0.656,0.98,0.516,0.01,0.344,0.16,0.394
36,,0.86,0.646,0.97,0.506,0.0,0.334,0.15,0.384
37,,0.85,0.636,0.96,0.496,-0.01,0.324,0.14,0.374
38,5,0.44,0.343,0.95,0.769,0.99,0.597,0.13,0.081
39,5,0.03,0.05,0.94,1.0,1.0,0.87,0.12,-0.212
40,8,0.303,0.04,0.647,0.59,0.707,0.86,0.393,0.788
41,8,0.576,0.03,0.354,0.18,0.414,0.85,0.666,1.0
42,,0.566,0.02,0.344,0.17,0.404,0.84,0.656,0.99
43,,0.556,0.01,0.334,0.16,0.394,0.83,0.646,0.98
44,,0.546,0.0,0.324,0.15,0.384,0.82,0.636,0.97
45,,0.536,-0.01,0.314,0.14,0.374,0.81,0.626,0.96
46,2,0.809,0.99,0.587,0.13,0.081,0.4,0.333,0.95
47,2,1.0,1.0,0.86,0.12,-0.212,-0.01,0.04,0.94
48,5,0.59,0.707,0.85,0.393,0.788,0.263,0.03,0.647
49,5,0.18,0.414,0.84,0.666,1.0,0.536,0.02,0.354
50,,0.17,0.404,0.83,0.656,0.99,0.526,0.01,0.344
51,,0.16,0.394,0.82,0.646,0.98,0.516,0.0,0.334
52,,0.15,0.384,0.81,0.636,0.97,0.506,-0.01,0.324
53,7,0.14,0.091,0.4,0.343,0.96,0.779,0.99,0.597
54,7,0.13,-0.202,-0.01,0.05,0.95,1.0,1.0,0.87
55,2,0.403,0.798,0.263,0.04,0.657,0.59,0.707,0.86
56,2,0.676,1.0,0.536,0.03,0.364,0.18,0.414,0.85
57,,0.666,0.99,0.526,0.02,0.354,0.17,0.404,0.84
58,,0.656,0.98,0.516,0.01,0.344,0.16,0.394,0.83
59,,0.646,0.97,0.506,0.0,0.334,0.15,0.384,0.82
60,,0.636,0.96,0.496,-0.01,0.324,0.14,0.374,0.81
61,4,0.343,0.95,0.769,0.99,0.597,0.13,0.081,0.4
62,4,0.05,0.94,1.0,1.0,0.87,0.12,-0.212,-0.01
63,7,0.04,0.647,0.59,0.707,0.86,0.393,0.788,0.263
64,7,0.03,0.354,0.18,0.414,0.85,0.666,1.0,0.536
65,,0.02,0.344,0.17,0.404,0.84,0.656,0.99,0.526
66,,0.01,0.334,0.16,0.394,0.83,0.646,0.98,0.516
67,,0.0,0.324,0.15,0.384,0.82,0.636,0.97,0.506
68,,-0.01,0.314,0.14,0.374,0.81,0.626,0.96,0.496
69,1,0.99,0.587,0.13,0.081,0.4,0.333,0.95,0.769
70,1,1.0,0.86,0.12,-0.212,-0.01,0.04,0.94,1.0
71,4,0.707,0.85,0.393,0.788,0.263,0.03,0.647,0.59
72,4,0.414,0.84,0.666,1.0,0.536,0.02,0.354,0.18
73,,0.404,0.83,0.656,0.99,0.526,0.01,0.344,0.17
74,,0.394,0.82,0.646,0.98,0.516,0.0,0.334,0.16
75,,0.384,0.81,0.636,0.97,0.506,-0.01,0.324,0.15
76,6,0.091,0.4,0.343,0.96,0.779,0.99,0.597,0.14
77,6,-0.202,-0.01,0.05,0.95,1.0,1.0,0.87,0.13
78,1,0.798,0.263,0.04,0.657,0.59,0.707,0.86,0.403
79,1,1.0,0.536,0.03,0.364,0.18,0.414,0.85,0.676
80,,0.99,0.526,0.02,0.354,0.17,0.404,0.84,0.666
81,,0.98,0.516,0.01,0.344,0.16,0.394,0.83,0.656
82,,0.97,0.506,0.0,0.334,0.15,0.384,0.82,0.646
83,,0.96,0.496,-0.01,0.324,0.14,0.374,0.81,0.636
84,3,0.95,0.769,0.99,0.597,0.13,0.081,0.4,0.343
85,3,0.94,1.0,1.0,0.87,0.12,-0.212,-0.01,0.05
86,6,0.647,0.59,0.707,0.86,0.393,0.788,0.263,0.04
87,6,0.354,0.18,0.414,0.85,0.666,1.0,0.536,0.03
88,,0.344,0.17,0.404,0.84,0.656,0.99,0.526,0.02
89,,0.334,0.16,0.394,0.83,0.646,0.98,0.516,0.01
90,,0.324,0.15,0.384,0.82,0.636,0.97,0.506,0.0
91,,0.314,0.14,0.374,0.81,0.626,0.96,0.496,-0.01
92,8,0.587,0.13,0.081,0.4,0.333,0.95,0.769,0.99
93,8,0.86,0.12,-0.212,-0.01,0.04,0.94,1.0,1.0
94,3,0.85,0.393,0.788,0.263,0.03,0.647,0.59,0.707
95,3,0.84,0.666,1.0,0.536,0.02,0.354,0.18,0.414
96,,0.83,0.656,0.99,0.526,0.01,0.344,0.17,0.404
97,,0.82,0.646,0.98,0.516,0.0,0.334,0.16,0.394
98,,0.81,0.636,0.97,0.506,-0.01,0.324,0.15,0.384
99,5,0.4,0.343,0.96,0.779,0.99,0.597,0.14,0.091
100,5,-0.01,0.05,0.95,1.0,1.0,0.87,0.13,-0.202
101,8,0.263,0.04,0.657,0.59,0.707,0.86,0.403,0.798
102,8,0.536,0.03,0.364,0.18,0.414,0.85,0.676,1.0
103,,0.526,0.02,0.354,0.17,0.404,0.84,0.666,0.99
104,,0.516,0.01,0.344,0.16,0.394,0.83,0.656,0.98
105,,0.506,0.0,0.334,0.15,0.384,0.82,0.646,0.97
106,,0.496,-0.01,0.324,0.14,0.374,0.81,0.636,0.96
107,2,0.769,0.99,0.597,0.13,0.081,0.4,0.343,0.95
108,2,1.0,1.0,0.87,0.12,-0.212,-0.01,0.05,0.94
109,5,0.59,0.707,0.86,0.393,0.788,0.263,0.04,0.647
110,5,0.18,0.414,0.85,0.666,1.0,0.536,0.03,0.354
111,,0.17,0.404,0.84,0.656,0.99,0.526,0.02,0.344
112,,0.16,0.394,0.83,0.646,0.98,0.516,0.01,0.334
113,,0.15,0.384,0.82,0.636,0.97,0.506,0.0,0.324
114,,0.14,0.374,0.81,0.626,0.96,0.496,-0.01,0.314
115,7,0.13,0.081,0.4,0.333,0.95,0.769,0.99,0.587
116,7,0.12,-0.212,-0.01,0.04,0.94,1.0,1.0,0.86
117,2,0.393,0.788,0.263,0.03,0.647,0.59,0.707,0.85
118,2,0.666,1.0,0.536,0.02,0.354,0.18,0.414,0.84
119,,0.656,0.99,0.526,0.01,0.344,0.17,0.404,0.83
120,,0.646,0.98,0.516,0.0,0.334,0.16,0.394,0.82
121,,0.636,0.97,0.506,-0.01,0.324,0.15,0.384,0.81
122,4,0.343,0.96,0.779,0.99,0.597,0.14,0.091,0.4
123,4,0.05,0.95,1.0,1.0,0.87,0.13,-0.202,-0.01
124,7,0.04,0.657,0.59,0.707,0.86,0.403,0.798,0.263
125,7,0.03,0.364,0.18,0.414,0.85,0.676,1.0,0.536
126,,0.02,0.354,0.17,0.404,0.84,0.666,0.99,0.526
127,,0.01,0.344,0.16,0.394,0.83,0.656,0.98,0.516
128,,0.0,0.334,0.15,0.384,0.82,0.646,0.97,0.506
129,,-0.01,0.324,0.14,0.374,0.81,0.636,0.96,0.496
130,1,0.99,0.597,0.13,0.081,0.4,0.343,0.95,0.769
131,1,1.0,0.87,0.12,-0.212,-0.01,0.05,0.94,1.0
132,4,0.707,0.86,0.393,0.788,0.263,0.04,0.647,0.59
133,4,0.414,0.85,0.666,1.0,0.536,0.03,0.354,0.18
134,,0.404,0.84,0.656,0.99,0.526,0.02,0.344,0.17
135,,0.394,0.83,0.646,0.98,0.516,0.01,0.334,0.16
136,,0.384,0.82,0.636,0.97,0.506,0.0,0.324,0.15
137,,0.374,0.81,0.626,0.96,0.496,-0.01,0.314,0.14
138,6,0.081,0.4,0.333,0.95,0.769,0.99,0.587,0.13
139,6,-0.212,-0.01,0.04,0.94,1.0,1.0,0.86,0.12
140,1,0.788,0.263,0.03,0.647,0.59,0.707,0.85,0.393
141,1,1.0,0.536,0.02,0.354,0.18,0.414,0.84,0.666
142,,0.99,0.526,0.01,0.344,0.17,0.404,0.83,0.656
143,,0.98,0.516,0.0,0.334,0.16,0.394,0.82,0.646
144,,0.97,0.506,-0.01,0.324,0.15,0.384,0.81,0.636
145,3,0.96,0.779,0.99,0.597,0.14,0.091,0.4,0.343
146,3,0.95,1.0,1.0,0.87,0.13,-0.202,-0.01,0.05
147,6,0.657,0.59,0.707,0.86,0.403,0.798,0.263,0.04
148,6,0.364,0.18,0.414,0.85,0.676,1.0,0.536,0.03
149,,0.354,0.17,0.404,0.84,0.666,0.99,0.526,0.02
150,,0.344,0.16,0.394,0.83,0.656,0.98,0.516,0.01
151,,0.334,0.15,0.384,0.82,0.646,0.97,0.506,0.0
152,,0.324,0.14,0.374,0.81,0.636,0.96,0.496,-0.01
153,8,0.597,0.13,0.081,0.4,0.343,0.95,0.769,0.99
154,8,0.87,0.12,-0.212,-0.01,0.05,0.94,1.0,1.0
155,3,0.86,0.393,0.788,0.263,0.04,0.647,0.59,0.707
156,3,0.85,0.666,1.0,0.536,0.03,0.354,0.18,0.414
157,,0.84,0.656,0.99,0.526,0.02,0.344,0.17,0.404
158,,0.83,0.646,0.98,0.516,0.01,0.334,0.16,0.394
159,,0.82,0.636,0.97,0.506,0.0,0.324,0.15,0.384
160,,0.81,0.626,0.96,0.496,-0.01,0.314,0.14,0.374
161,5,0.4,0.333,0.95,0.769,0.99,0.587,0.13,0.081
162,5,-0.01,0.04,0.94,1.0,1.0,0.86,0.12,-0.212
163,8,0.263,0.03,0.647,0.59,0.707,0.85,0.393,0.788
164,8,0.536,0.02,0.354,0.18,0.414,0.84,0.666,1.0
165,,0.526,0.01,0.344,0.17,0.404,0.83,0.656,0.99
166,,0.516,0.0,0.334,0.16,0.394,0.82,0.646,0.98
167,,0.506,-0.01,0.324,0.15,0.384,0.81,0.636,0.97
168,2,0.779,0.99,0.597,0.14,0.091,0.4,0.343,0.96
169,2,1.0,1.0,0.87,0.13,-0.202,-0.01,0.05,0.95
170,5,0.59,0.707,0.86,0.403,0.798,0.263,0.04,0.657
171,5,0.18,0.414,0.85,0.676,1.0,0.536,0.03,0.364
172,,0.17,0.404,0.84,0.666,0.99,0.526,0.02,0.354
173,,0.16,0.394,0.83,0.656,0.98,0.516,0.01,0.344
174,,0.15,0.384,0.82,0.646,0.97,0.506,0.0,0.334
175,,0.14,0.374,0.81,0.636,0.96,0.496,-0.01,0.324
176,7,0.13,0.081,0.4,0.343,0.95,0.769,0.99,0.597
177,7,0.12,-0.212,-0.01,0.05,0.94,1.0,1.0,0.87
178,2,0.393,0.788,0.263,0.04,0.647,0.59,0.707,0.86
179,2,0.666,1.0,0.536,0.03,0.354,0.18,0.414,0.85
180,,0.656,0.99,0.526,0.02,0.344,0.17,0.404,0.84
181,,0.646,0.98,0.516,0.01,0.334,0.16,0.394,0.83
182,,0.636,0.97,0.506,0.0,0.324,0.15,0.384,0.82
183,,0.626,0.96,0.496,-0.01,0.314,0.14,0.374,0.81
184,4,0.333,0.95,0.769,0.99,0.587,0.13,0.081,0.4
185,4,0.04,0.94,1.0,1.0,0.86,0.12,-0.212,-0.01
186,7,0.03,0.647,0.59,0.707,0.85,0.393,0.788,0.263
187,7,0.02,0.354,0.18,0.414,0.84,0.666,1.0,0.536
188,,0.01,0.344,0.17,0.404,0.83,0.656,0.99,0.526
189,,0.0,0.334,0.16,0.394,0.82,0.646,0.98,0.516
190,,-0.01,0.324,0.15,0.384,0.81,0.636,0.97,0.506
191,1,0.99,0.597,0.14,0.091,0.4,0.343,0.96,0.779
192,1,1.0,0.87,0.13,-0.202,-0.01,0.05,0.95,1.0
193,4,0.707,0.86,0.403,0.798,0.263,0.04,0.657,0.59
194,4,0.414,0.85,0.676,1.0,0.536,0.03,0.364,0.18
195,,0.404,0.84,0.666,0.99,0.526,0.02,0.354,0.17
196,,0.394,0.83,0.656,0.98,0.516,0.01,0.344,0.16
197,,0.384,0.82,0.646,0.97,0.506,0.0,0.334,0.15
198,,0.374,0.81,0.636,0.96,0.496,-0.01,0.324,0.14
199,6,0.081,0.4,0.343,0.95,0.769,0.99,0.597,0.13
200,6,-0.212,-0.01,0.05,0.94,1.0,1.0,0.87,0.12
201,1,0.788,0.263,0.04,0.647,0.59,0.707,0.86,0.393
202,1,1.0,0.536,0.03,0.354,0.18,0.414,0.85,0.666
203,,0.99,0.526,0.02,0.344,0.17,0.404,0.84,0.656
204,,0.98,0.516,0.01,0.334,0.16,0.394,0.83,0.646
205,,0.97,0.506,0.0,0.324,0.15,0.384,0.82,0.636
206,,0.96,0.496,-0.01,0.314,0.14,0.374,0.81,0.626
207,3,0.95,0.769,0.99,0.587,0.13,0.081,0.4,0.333
208,3,0.94,1.0,1.0,0.86,0.12,-0.212,-0.01,0.04
209,6,0.647,0.59,0.707,0.85,0.393,0.788,0.263,0.03
210,6,0.354,0.18,0.414,0.84,0.666,1.0,0.536,0.02
211,,0.344,0.17,0.404,0.83,0.656,0.99,0.526,0.01
212,,0.334,0.16,0.394,0.82,0.646,0.98,0.516,0.0
213,,0.324,0.15,0.384,0.81,0.636,0.97,0.506,-0.01
214,8,0.597,0.14,0.091,0.4,0.343,0.96,0.779,0.99
215,8,0.87,0.13,-0.202,-0.01,0.05,0.95,1.0,1.0
216,3,0.86,0.403,0.798,0.263,0.04,0.657,0.59,0.707
217,3,0.85,0.676,1.0,0.536,0.03,0.364,0.18,0.414
218,,0.84,0.666,0.99,0.526,0.02,0.354,0.17,0.404
219,,0.83,0.656,0.98,0.516,0.01,0.344,0.16,0.394
220,,0.82,0.646,0.97,0.506,0.0,0.334,0.15,0.384
221,,0.81,0.636,0.96,0.496,-0.01,0.324,0.14,0.374
222,5,0.4,0.343,0.95,0.769,0.99,0.597,0.13,0.081
223,5,-0.01,0.05,0.94,1.0,1.0,0.87,0.12,-0.212
224,8,0.263,0.04,0.647,0.59,0.707,0.86,0.393,0.788
225,8,0.536,0.03,0.354,0.18,0.414,0.85,0.666,1.0
226,,0.526,0.02,0.344,0.17,0.404,0.84,0.656,0.99
227,,0.516,0.01,0.334,0.16,0.394,0.83,0.646,0.98
228,,0.506,0.0,0.324,0.15,0.384,0.82,0.636,0.97
229,,0.496,-0.01,0.314,0.14,0.374,0.81,0.626,0.96
230,2,0.769,0.99,0.587,0.13,0.081,0.4,0.333,0.95
231,2,1.0,1.0,0.86,0.12,-0.212,-0.01,0.04,0.94
232,5,0.59,0.707,0.85,0.393,0.788,0.263,0.03,0.647
233,5,0.18,0.414,0.84,0.666,1.0,0.536,0.02,0.354
234,,0.17,0.404,0.83,0.656,0.99,0.526,0.01,0.344
235,,0.16,0.394,0.82,0.646,0.98,0.516,0.0,0.334
236,,0.15,0.384,0.81,0.636,0.97,0.506,-0.01,0.324
237,7,0.14,0.091,0.4,0.343,0.96,0.779,0.99,0.597
238,7,0.13,-0.202,-0.01,0.05,0.95,1.0,1.0,0.87
239,2,0.403,0.798,0.263,0.04,0.657,0.59,0.707,0.86
240,2,0.676,1.0,0.536,0.03,0.364,0.18,0.414,0.85
241,,0.666,0.99,0.526,0.02,0.354,0.17,0.404,0.84
242,,0.656,0.98,0.516,0.01,0.344,0.16,0.394,0.83
243,,0.646,0.97,0.506,0.0,0.334,0.15,0.384,0.82
244,,0.636,0.96,0.496,-0.01,0.324,0.14,0.374,0.81
245,4,0.343,0.95,0.769,0.99,0.597,0.13,0.081,0.4
246,4,0.05,0.94,1.0,1.0,0.87,0.12,-0.212,-0.01
247,7,0.04,0.647,0.59,0.707,0.86,0.393,0.788,0.263
248,7,0.03,0.354,0.18,0.414,0.85,0.666,1.0,0.536
249,,0.02,0.344,0.17,0.404,0.84,0.656,0.99,0.526
250,,0.01,0.334,0.16,0.394,0.83,0.646,0.98,0.516
251,,0.0,0.324,0.15,0.384,0.82,0.636,0.97,0.506
252,,-0.01,0.314,0.14,0.374,0.81,0.626,0.96,0.496
253,1,0.99,0.587,0.13,0.081,0.4,0.333,0.95,0.769
254,1,1.0,0.86,0.12,-0.212,-0.01,0.04,0.94,1.0
255,4,0.707,0.85,0.393,0.788,0.263,0.03,0.647,0.59
256,4,0.414,0.84,0.666,1.0,0.536,0.02,0.354,0.18
257,,0.404,0.83,0.656,0.99,0.526,0.01,0.344,0.17
258,,0.394,0.82,0.646,0.98,0.516,0.0,0.334,0.16
259,,0.384,0.81,0.636,0.97,0.506,-0.01,0.324,0.15
260,6,0.091,0.4,0.343,0.96,0.779,0.99,0.597,0.14
261,6,-0.202,-0.01,0.05,0.95,1.0,1.0,0.87,0.13
262,1,0.798,0.263,0.04,0.657,0.59,0.707,0.86,0.403
263,1,1.0,0.536,0.03,0.364,0.18,0.414,0.85,0.676
264,,0.99,0.526,0.02,0.354,0.17,0.404,0.84,0.666
265,,0.98,0.516,0.01,0.344,0.16,0.394,0.83,0.656
266,,0.97,0.506,0.0,0.334,0.15,0.384,0.82,0.646
267,,0.96,0.496,-0.01,0.324,0.14,0.374,0.81,0.636
268,3,0.95,0.769,0.99,0.597,0.13,0.081,0.4,0.343
269,3,0.94,1.0,1.0,0.87,0.12,-0.212,-0.01,0.05
270,6,0.647,0.59,0.707,0.86,0.393,0.788,0.263,0.04
271,6,0.354,0.18,0.414,0.85,0.666,1.0,0.536,0.03
272,,0.344,0.17,0.404,0.84,0.656,0.99,0.526,0.02
273,,0.334,0.16,0.394,0.83,0.646,0.98,0.516,0.01
274,,0.324,0.15,0.384,0.82,0.636,0.97,0.506,0.0
275,,0.314,0.14,0.374,0.81,0.626,0.96,0.496,-0.01
276,8,0.587,0.13,0.081,0.4,0.333,0.95,0.769,0.99
277,8,0.86,0.12,-0.212,-0.01,0.04,0.94,1.0,1.0
278,3,0.85,0.393,0.788,0.263,0.03,0.647,0.59,0.707
279,3,0.84,0.666,1.0,0.536,0.02,0.354,0.18,0.414
280,,0.83,0.656,0.99,0.526,0.01,0.344,0.17,0.404
281,,0.82,0.646,0.98,0.516,0.0,0.334,0.16,0.394
282,,0.81,0.636,0.97,0.506,-0.01,0.324,0.15,0.384
283,5,0.4,0.343,0.96,0.779,0.99,0.597,0.14,0.091
284,5,-0.01,0.05,0.95,1.0,1.0,0.87,0.13,-0.202
285,8,0.263,0.04,0.657,0.59,0.707,0.86,0.403,0.798
286,8,0.536,0.03,0.364,0.18,0.414,0.85,0.676,1.0
287,,0.526,0.02,0.354,0.17,0.404,0.84,0.666,0.99
288,,0.516,0.01,0.344,0.16,0.394,0.83,0.656,0.98
289,,0.506,0.0,0.334,0.15,0.384,0.82,0.646,0.97
290,,0.496,-0.01,0.324,0.14,0.374,0.81,0.636,0.96
291,2,0.769,0.99,0.597,0.13,0.081,0.4,0.343,0.95
292,2,1.0,1.0,0.87,0.12,-0.212,-0.01,0.05,0.94
293,5,0.59,0.707,0.86,0.393,0.788,0.263,0.04,0.647
294,5,0.18,0.414,0.85,0.666,1.0,0.536,0.03,0.354
295,,0.17,0.404,0.84,0.656,0.99,0.526,0.02,0.344
296,,0.16,0.394,0.83,0.646,0.98,0.516,0.01,0.334
297,,0.15,0.384,0.82,0.636,0.97,0.506,0.0,0.324
298,,0.14,0.374,0.81,0.626,0.96,0.496,-0.01,0.314
299,7,0.13,0.081,0.4,0.333,0.95,0.769,0.99,0.587
300,7,0.12,-0.212,-0.01,0.04,0.94,1.0,1.0,0.86
301,2,0.393,0.788,0.263,0.03,0.647,0.59,0.707,0.85
302,2,0.666,1.0,0.536,0.02,0.354,0.18,0.414,0.84
303,,0.656,0.99,0.526,0.01,0.344,0.17,0.404,0.83
304,,0.646,0.98,0.516,0.0,0.334,0.16,0.394,0.82
305,,0.636,0.97,0.506,-0.01,0.324,0.15,0.384,0.81
306,4,0.343,0.96,0.779,0.99,0.597,0.14,0.091,0.4
307,4,0.05,0.95,1.0,1.0,0.87,0.13,-0.202,-0.01
308,7,0.04,0.657,0.59,0.707,0.86,0.403,0.798,0.263
309,7,0.03,0.364,0.18,0.414,0.85,0.676,1.0,0.536
310,,0.02,0.354,0.17,0.404,0.84,0.666,0.99,0.526
311,,0.01,0.344,0.16,0.394,0.83,0.656,0.98,0.516
312,,0.0,0.334,0.15,0.384,0.82,0.646,0.97,0.506
313,,-0.01,0.324,0.14,0.374,0.81,0.636,0.96,0.496
314,1,0.99,0.597,0.13,0.081,0.4,0.343,0.95,0.769
315,1,1.0,0.87,0.12,-0.212,-0.01,0.05,0.94,1.0
316,4,0.707,0.86,0.393,0.788,0.263,0.04,0.647,0.59
317,4,0.414,0.85,0.666,1.0,0.536,0.03,0.354,0.18
318,,0.404,0.84,0.656,0.99,0.526,0.02,0.344,0.17
319,,0.394,0.83,0.646,0.98,0.516,0.01,0.334,0.16
320,,0.384,0.82,0.636,0.97,0.506,0.0,0.324,0.15
321,,0.374,0.81,0.626,0.96,0.496,-0.01,0.314,0.14
322,6,0.081,0.4,0.333,0.95,0.769,0.99,0.587,0.13
323,6,-0.212,-0.01,0.04,0.94,1.0,1.0,0.86,0.12
324,1,0.788,0.263,0.03,0.647,0.59,0.707,0.85,0.393
325,1,1.0,0.536,0.02,0.354,0.18,0.414,0.84,0.666
326,,0.99,0.526,0.01,0.344,0.17,0.404,0.83,0.656
327,,0.98,0.516,0.0,0.334,0.16,0.394,0.82,0.646
328,,0.97,0.506,-0.01,0.324,0.15,0.384,0.81,0.636
329,3,0.96,0.779,0.99,0.597,0.14,0.091,0.4,0.343
330,3,0.95,1.0,1.0,0.87,0.13,-0.202,-0.01,0.05
331,6,0.657,0.59,0.707,0.86,0.403,0.798,0.263,0.04
332,6,0.364,0.18,0.414,0.85,0.676,1.0,0.536,0.03
333,,0.354,0.17,0.404,0.84,0.666,0.99,0.526,0.02
334,,0.344,0.16,0.394,0.83,0.656,0.98,0.516,0.01
335,,0.334,0.15,0.384,0.82,0.646,0.97,0.506,0.0
336,,0.324,0.14,0.374,0.81,0.636,0.96,0.496,-0.01
337,8,0.597,0.13,0.081,0.4,0.343,0.95,0.769,0.99
338,8,0.87,0.12,-0.212,-0.01,0.05,0.94,1.0,1.0
339,3,0.86,0.393,0.788,0.263,0.04,0.647,0.59,0.707
340,3,0.85,0.666,1.0,0.536,0.03,0.354,0.18,0.414
341,,0.84,0.656,0.99,0.526,0.02,0.344,0.17,0.404
342,,0.83,0.646,0.98,0.516,0.01,0.334,0.16,0.394
343,,0.82,0.636,0.97,0.506,0.0,0.324,0.15,0.384
344,,0.81,0.626,0.96,0.496,-0.01,0.314,0.14,0.374
345,5,0.4,0.333,0.95,0.769,0.99,0.587,0.13,0.081
346,5,-0.01,0.04,0.94,1.0,1.0,0.86,0.12,-0.212
347,8,0.263,0.03,0.647,0.59,0.707,0.85,0.393,0.788
348,8,0.536,0.02,0.354,0.18,0.414,0.84,0.666,1.0
349,,0.526,0.01,0.344,0.17,0.404,0.83,0.656,0.99
350,,0.516,0.0,0.334,0.16,0.394,0.82,0.646,0.98
351,,0.506,-0.01,0.324,0.15,0.384,0.81,0.636,0.97
352,2,0.779,0.99,0.597,0.14,0.091,0.4,0.343,0.96
353,2,1.0,1.0,0.87,0.13,-0.202,-0.01,0.05,0.95
354,5,0.59,0.707,0.86,0.403,0.798,0.263,0.04,0.657
355,5,0.18,0.414,0.85,0.676,1.0,0.536,0.03,0.364
356,,0.17,0.404,0.84,0.666,0.99,0.526,0.02,0.354
357,,0.16,0.394,0.83,0.656,0.98,0.516,0.01,0.344
358,,0.15,0.384,0.82,0.646,0.97,0.506,0.0,0.334
359,,0.14,0.374,0.81,0.636,0.96,0.496,-0.01,0.324
360,7,0.13,0.081,0.4,0.343,0.95,0.769,0.99,0.597
361,7,0.12,-0.212,-0.01,0.05,0.94,1.0,1.0,0.87
362,2,0.393,0.788,0.263,0.04,0.647,0.59,0.707,0.86
363,2,0.666,1.0,0.536,0.03,0.354,0.18,0.414,0.85
364,,0.656,0.99,0.526,0.02,0.344,0.17,0.404,0.84
365,,0.646,0.98,0.516,0.01,0.334,0.16,0.394,0.83
366,,0.636,0.97,0.506,0.0,0.324,0.15,0.384,0.82
367,,0.626,0.96,0.496,-0.01,0.314,0.14,0.374,0.81
368,4,0.333,0.95,0.769,0.99,0.587,0.13,0.081,0.4
369,4,0.04,0.94,1.0,1.0,0.86,0.12,-0.212,-0.01
370,7,0.03,0.647,0.59,0.707,0.85,0.393,0.788,0.263
371,7,0.02,0.354,0.18,0.414,0.84,0.666,1.0,0.536
372,,0.01,0.344,0.17,0.404,0.83,0.656,0.99,0.526
373,,0.0,0.334,0.16,0.394,0.82,0.646,0.98,0.516
374,,-0.01,0.324,0.15,0.384,0.81,0.636,0.97,0.506
375,1,0.99,0.597,0.14,0.091,0.4,0.343,0.96,0.779
376,1,1.0,0.87,0.13,-0.202,-0.01,0.05,0.95,1.0
377,4,0.707,0.86,0.403,0.798,0.263,0.04,0.657,0.59
378,4,0.414,0.85,0.676,1.0,0.536,0.03,0.364,0.18
379,,0.404,0.84,0.666,0.99,0.526,0.02,0.354,0.17
380,,0.394,0.83,0.656,0.98,0.516,0.01,0.344,0.16
381,,0.384,0.82,0.646,0.97,0.506,0.0,0.334,0.15
382,,0.374,0.81,0.636,0.96,0.496,-0.01,0.324,0.14
383,6,0.081,0.4,0.343,0.95,0.769,0.99,0.597,0.13
384,6,-0.212,-0.01,0.05,0.94,1.0,1.0,0.87,0.12
385,1,0.788,0.263,0.04,0.647,0.59,0.707,0.86,0.393
386,1,1.0,0.536,0.03,0.354,0.18,0.414,0.85,0.666
387,,0.99,0.526,0.02,0.344,0.17,0.404,0.84,0.656
388,,0.98,0.516,0.01,0.334,0.16,0.394,0.83,0.646
389,,0.97,0.506,0.0,0.324,0.15,0.384,0.82,0.636
390,,0.96,0.496,-0.01,0.314,0.14,0.374,0.81,0.626
391,3,0.95,0.769,0.99,0.587,0.13,0.081,0.4,0.333
392,3,0.94,1.0,1.0,0.86,0.12,-0.212,-0.01,0.04
393,6,0.647,0.59,0.707,0.85,0.393,0.788,0.263,0.03
394,6,0.354,0.18,0.414,0.84,0.666,1.0,0.536,0.02
395,,0.344,0.17,0.404,0.83,0.656,0.99,0.526,0.01
396,,0.334,0.16,0.394,0.82,0.646,0.98,0.516,0.0
397,,0.324,0.15,0.384,0.81,0.636,0.97,0.506,-0.01
398,8,0.597,0.14,0.091,0.4,0.343,0.96,0.779,0.99
399,8,0.87,0.13,-0.202,-0.01,0.05,0.95,1.0,1.0
400,3,0.86,0.403,0.798,0.263,0.04,0.657,0.59,0.707
401,3,0.85,0.676,1.0,0.536,0.03,0.364,0.18,0.414
402,,0.84,0.666,0.99,0.526,0.02,0.354,0.17,0.404
403,,0.83,0.656,0.98,0.516,0.01,0.344,0.16,0.394
404,,0.82,0.646,0.97,0.506,0.0,0.334,0.15,0.384
405,,0.81,0.636,0.96,0.496,-0.01,0.324,0.14,0.374
406,5,0.4,0.343,0.95,0.769,0.99,0.597,0.13,0.081
407,5,-0.01,0.05,0.94,1.0,1.0,0.87,0.12,-0.212
408,8,0.263,0.04,0.647,0.59,0.707,0.86,0.393,0.788
409,8,0.536,0.03,0.354,0.18,0.414,0.85,0.666,1.0
410,,0.526,0.02,0.344,0.17,0.404,0.84,0.656,0.99
411,,0.516,0.01,0.334,0.16,0.394,0.83,0.646,0.98
412,,0.506,0.0,0.324,0.15,0.384,0.82,0.636,0.97
413,,0.496,-0.01,0.314,0.14,0.374,0.81,0.626,0.96
414,2,0.769,0.99,0.587,0.13,0.081,0.4,0.333,0.95
415,2,1.0,1.0,0.86,0.12,-0.212,-0.01,0.04,0.94
416,5,0.59,0.707,0.85,0.393,0.788,0.263,0.03,0.647
417,5,0.18,0.414,0.84,0.666,1.0,0.536,0.02,0.354
418,,0.17,0.404,0.83,0.656,0.99,0.526,0.01,0.344
419,,0.16,0.394,0.82,0.646,0.98,0.516,0.0,0.334
420,,0.15,0.384,0.81,0.636,0.97,0.506,-0.01,0.324
421,7,0.14,0.091,0.4,0.343,0.96,0.779,0.99,0.597
422,7,0.13,-0.202,-0.01,0.05,0.95,1.0,1.0,0.87
423,2,0.403,0.798,0.263,0.04,0.657,0.59,0.707,0.86
424,2,0.676,1.0,0.536,0.03,0.364,0.18,0.414,0.85
425,,0.666,0.99,0.526,0.02,0.354,0.17,0.404,0.84
426,,0.656,0.98,0.516,0.01,0.344,0.16,0.394,0.83
427,,0.646,0.97,0.506,0.0,0.334,0.15,0.384,0.82
428,,0.636,0.96,0.496,-0.01,0.324,0.14,0.374,0.81
429,4,0.343,0.95,0.769,0.99,0.597,0.13,0.081,0.4
430,4,0.05,0.94,1.0,1.0,0.87,0.12,-0.212,-0.01
431,7,0.04,0.647,0.59,0.707,0.86,0.393,0.788,0.263
432,7,0.03,0.354,0.18,0.414,0.85,0.666,1.0,0.536
433,,0.02,0.344,0.17,0.404,0.84,0.656,0.99,0.526
434,,0.01,0.334,0.16,0.394,0.83,0.646,0.98,0.516
435,,0.0,0.324,0.15,0.384,0.82,0.636,0.97,0.506
436,,-0.01,0.314,0.14,0.374,0.81,0.626,0.96,0.496
437,1,0.99,0.587,0.13,0.081,0.4,0.333,0.95,0.769
438,1,1.0,0.86,0.12,-0.212,-0.01,0.04,0.94,1.0
439,4,0.707,0.85,0.393,0.788,0.263,0.03,0.647,0.59
440,4,0.414,0.84,0.666,1.0,0.536,0.02,0.354,0.18
441,,0.404,0.83,0.656,0.99,0.526,0.01,0.344,0.17
442,,0.394,0.82,0.646,0.98,0.516,0.0,0.334,0.16
443,,0.384,0.81,0.636,0.97,0.506,-0.01,0.324,0.15
444,6,0.091,0.4,0.343,0.96,0.779,0.99,0.597,0.14
445,6,-0.202,-0.01,0.05,0.95,1.0,1.0,0.87,0.13
446,1,0.798,0.263,0.04,0.657,0.59,0.707,0.86,0.403
447,1,1.0,0.536,0.03,0.364,0.18,0.414,0.85,0.676
448,,0.99,0.526,0.02,0.354,0.17,0.404,0.84,0.666
449,,0.98,0.516,0.01,0.344,0.16,0.394,0.83,0.656
450,,0.97,0.506,0.0,0.334,0.15,0.384,0.82,0.646
451,,0.96,0.496,-0.01,0.324,0.14,0.374,0.81,0.636
452,3,0.95,0.769,0.99,0.597,0.13,0.081,0.4,0.343
453,3,0.94,1.0,1.0,0.87,0.12,-0.212,-0.01,0.05
454,6,0.647,0.59,0.707,0.86,0.393,0.788,0.263,0.04
455,6,0.354,0.18,0.414,0.85,0.666,1.0,0.536,0.03
456,,0.344,0.17,0.404,0.84,0.656,0.99,0.526,0.02
457,,0.334,0.16,0.394,0.83,0.646,0.98,0.516,0.01
458,,0.324,0.15,0.384,0.82,0.636,0.97,0.506,0.0
459,,0.314,0.14,0.374,0.81,0.626,0.96,0.496,-0.01
460,8,0.587,0.13,0.081,0.4,0.333,0.95,0.769,0.99
461,8,0.86,0.12,-0.212,-0.01,0.04,0.94,1.0,1.0
462,3,0.85,0.393,0.788,0.263,0.03,0.647,0.59,0.707
463,3,0.84,0.666,1.0,0.536,0.02,0.354,0.18,0.414
464,,0.83,0.656,0.99,0.526,0.01,0.344,0.17,0.404
465,,0.82,0.646,0.98,0.516,0.0,0.334,0.16,0.394
466,,0.81,0.636,0.97,0.506,-0.01,0.324,0.15,0.384
467,5,0.4,0.343,0.96,0.779,0.99,0.597,0.14,0.091
468,5,-0.01,0.05,0.95,1.0,1.0,0.87,0.13,-0.202
469,8,0.263,0.04,0.657,0.59,0.707,0.86,0.403,0.798
470,8,0.536,0.03,0.364,0.18,0.414,0.85,0.676,1.0
471,,0.526,0.02,0.354,0.17,0.404,0.84,0.666,0.99
472,,0.516,0.01,0.344,0.16,0.394,0.83,0.656,0.98
473,,0.506,0.0,0.334,0.15,0.384,0.82,0.646,0.97
474,,0.496,-0.01,0.324,0.14,0.374,0.81,0.636,0.96
475,2,0.769,0.99,0.597,0.13,0.081,0.4,0.343,0.95
476,2,1.0,1.0,0.87,0.12,-0.212,-0.01,0.05,0.94
477,5,0.59,0.707,0.86,0.393,0.788,0.263,0.04,0.647
478,5,0.18,0.414,0.85,0.666,1.0,0.536,0.03,0.354
479,,0.17,0.404,0.84,0.656,0.99,0.526,0.02,0.344
480,,0.16,0.394,0.83,0.646,0.98,0.516,0.01,0.334
481,,0.15,0.384,0.82,0.636,0.97,0.506,0.0,0.324
482,,0.14,0.374,0.81,0.626,0.96,0.496,-0.01,0.314
483,7,0.13,0.081,0.4,0.333,0.95,0.769,0.99,0.587
484,7,0.12,-0.212,-0.01,0.04,0.94,1.0,1.0,0.86
485,2,0.393,0.788,0.263,0.03,0.647,0.59,0.707,0.85
486,2,0.666,1.0,0.536,0.02,0.354,0.18,0.414,0.84
487,,0.656,0.99,0.526,0.01,0.344,0.17,0.404,0.83
488,,0.646,0.98,0.516,0.0,0.334,0.16,0.394,0.82
489,,0.636,0.97,0.506,-0.01,0.324,0.15,0.384,0.81
490,4,0.343,0.96,0.779,0.99,0.597,0.14,0.091,0.4
491,4,0.05,0.95,1.0,1.0,0.87,0.13,-0.202,-0.01
492,7,0.04,0.657,0.59,0.707,0.86,0.403,0.798,0.263
493,7,0.03,0.364,0.18,0.414,0.85,0.676,1.0,0.536
494,,0.02,0.354,0.17,0.404,0.84,0.666,0.99,0.526
495,,0.01,0.344,0.16,0.394,0.83,0.656,0.98,0.516
496,,0.0,0.334,0.15,0.384,0.82,0.646,0.97,0.506
497,,-0.01,0.324,0.14,0.374,0.81,0.636,0.96,0.496
498,1,0.99,0.597,0.13,0.081,0.4,0.343,0.95,0.769
499,1,1.0,0.87,0.12,-0.212,-0.01,0.05,0.94,1.0
500,4,0.707,0.86,0.393,0.788,0.263,0.04,0.647,0.59
501,4,0.414,0.85,0.666,1.0,0.536,0.03,0.354,0.18
502,,0.404,0.84,0.656,0.99,0.526,0.02,0.344,0.17
503,,0.394,0.83,0.646,0.98,0.516,0.01,0.334,0.16
504,,0.384,0.82,0.636,0.97,0.506,0.0,0.324,0.15
505,,0.374,0.81,0.626,0.96,0.496,-0.01,0.314,0.14
506,6,0.081,0.4,0.333,0.95,0.769,0.99,0.587,0.13
507,6,-0.212,-0.01,0.04,0.94,1.0,1.0,0.86,0.12
508,1,0.788,0.263,0.03,0.647,0.59,0.707,0.85,0.393
509,1,1.0,0.536,0.02,0.354,0.18,0.414,0.84,0.666
510,,0.99,0.526,0.01,0.344,0.17,0.404,0.83,0.656
511,,0.98,0.516,0.0,0.334,0.16,0.394,0.82,0.646
512,,0.97,0.506,-0.01,0.324,0.15,0.384,0.81,0.636
513,3,0.96,0.779,0.99,0.597,0.14,0.091,0.4,0.343
514,3,0.95,1.0,1.0,0.87,0.13,-0.202,-0.01,0.05
515,6,0.657,0.59,0.707,0.86,0.403,0.798,0.263,0.04
516,6,0.364,0.18,0.414,0.85,0.676,1.0,0.536,0.03
517,,0.354,0.17,0.404,0.84,0.666,0.99,0.526,0.02
518,,0.344,0.16,0.394,0.83,0.656,0.98,0.516,0.01
519,,0.334,0.15,0.384,0.82,0.646,0.97,0.506,0.0
520,,0.324,0.14,0.374,0.81,0.636,0.96,0.496,-0.01
521,8,0.597,0.13,0.081,0.4,0.343,0.95,0.769,0.99
522,8,0.87,0.12,-0.212,-0.01,0.05,0.94,1.0,1.0
523,3,0.86,0.393,0.788,0.263,0.04,0.647,0.59,0.707
524,3,0.85,0.666,1.0,0.536,0.03,0.354,0.18,0.414
525,,0.84,0.656,0.99,0.526,0.02,0.344,0.17,0.404
526,,0.83,0.646,0.98,0.516,0.01,0.334,0.16,0.394
527,,0.82,0.636,0.97,0.506,0.0,0.324,0.15,0.384
528,,0.81,0.626,0.96,0.496,-0.01,0.314,0.14,0.374
529,5,0.4,0.333,0.95,0.769,0.99,0.587,0.13,0.081
530,5,-0.01,0.04,0.94,1.0,1.0,0.86,0.12,-0.212
531,8,0.263,0.03,0.647,0.59,0.707,0.85,0.393,0.788
532,8,0.536,0.02,0.354,0.18,0.414,0.84,0.666,1.0
533,,0.526,0.01,0.344,0.17,0.404,0.83,0.656,0.99
534,,0.516,0.0,0.334,0.16,0.394,0.82,0.646,0.98
535,,0.506,-0.01,0.324,0.15,0.384,0.81,0.636,0.97
536,2,0.779,0.99,0.597,0.14,0.091,0.4,0.343,0.96
537,2,1.0,1.0,0.87,0.13,-0.202,-0.01,0.05,0.95
538,5,0.59,0.707,0.86,0.403,0.798,0.263,0.04,0.657
539,5,0.18,0.414,0.85,0.676,1.0,0.536,0.03,0.364
540,,0.17,0.404,0.84,0.666,0.99,0.526,0.02,0.354
541,,0.16,0.394,0.83,0.656,0.98,0.516,0.01,0.344
542,,0.15,0.384,0.82,0.646,0.97,0.506,0.0,0.334
543,,0.14,0.374,0.81,0.636,0.96,0.496,-0.01,0.324
544,7,0.13,0.081,0.4,0.343,0.95,0.769,0.99,0.597
545,7,0.12,-0.212,-0.01,0.05,0.94,1.0,1.0,0.87
546,2,0.393,0.788,0.263,0.04,0.647,0.59,0.707,0.86
547,2,0.666,1.0,0.536,0.03,0.354,0.18,0.414,0.85
548,,0.656,0.99,0.526,0.02,0.344,0.17,0.404,0.84
549,,0.646,0.98,0.516,0.01,0.334,0.16,0.394,0.83
550,,0.636,0.97,0.506,0.0,0.324,0.15,0.384,0.82
551,,0.626,0.96,0.496,-0.01,0.314,0.14,0.374,0.81
552,4,0.333,0.95,0.769,0.99,0.587,0.13,0.081,0.4
553,4,0.04,0.94,1.0,1.0,0.86,0.12,-0.212,-0.01
554,7,0.03,0.647,0.59,0.707,0.85,0.393,0.788,0.263
555,7,0.02,0.354,0.18,0.414,0.84,0.666,1.0,0.536
556,,0.01,0.344,0.17,0.404,0.83,0.656,0.99,0.526
557,,0.0,0.334,0.16,0.394,0.82,0.646,0.98,0.516
558,,-0.01,0.324,0.15,0.384,0.81,0.636,0.97,0.506
559,1,0.99,0.597,0.14,0.091,0.4,0.343,0.96,0.779
560,1,1.0,0.87,0.13,-0.202,-0.01,0.05,0.95,1.0
561,4,0.707,0.86,0.403,0.798,0.263,0.04,0.657,0.59
562,4,0.414,0.85,0.676,1.0,0.536,0.03,0.364,0.18
563,,0.404,0.84,0.666,0.99,0.526,0.02,0.354,0.17
564,,0.394,0.83,0.656,0.98,0.516,0.01,0.344,0.16
565,,0.384,0.82,0.646,0.97,0.506,0.0,0.334,0.15
566,,0.374,0.81,0.636,0.96,0.496,-0.01,0.324,0.14
567,6,0.081,0.4,0.343,0.95,0.769,0.99,0.597,0.13
568,6,-0.212,-0.01,0.05,0.94,1.0,1.0,0.87,0.12
569,1,0.788,0.263,0.04,0.647,0.59,0.707,0.86,0.393
570,1,1.0,0.536,0.03,0.354,0.18,0.414,0.85,0.666
571,,0.99,0.526,0.02,0.344,0.17,0.404,0.84,0.656
572,,0.98,0.516,0.01,0.334,0.16,0.394,0.83,0.646
573,,0.97,0.506,0.0,0.324,0.15,0.384,0.82,0.636
574,,0.96,0.496,-0.01,0.314,0.14,0.374,0.81,0.626
575,3,0.95,0.769,0.99,0.587,0.13,0.081,0.4,0.333
576,3,0.94,1.0,1.0,0.86,0.12,-0.212,-0.01,0.04
577,6,0.647,0.59,0.707,0.85,0.393,0.788,0.263,0.03
578,6,0.354,0.18,0.414,0.84,0.666,1.0,0.536,0.02
579,,0.344,0.17,0.404,0.83,0.656,0.99,0.526,0.01
580,,0.334,0.16,0.394,0.82,0.646,0.98,0.516,0.0
581,,0.324,0.15,0.384,0.81,0.636,0.97,0.506,-0.01
582,8,0.597,0.14,0.091,0.4,0.343,0.96,0.779,0.99
583,8,0.87,0.13,-0.202,-0.01,0.05,0.95,1.0,1.0
584,3,0.86,0.403,0.798,0.263,0.04,0.657,0.59,0.707
585,3,0.85,0.676,1.0,0.536,0.03,0.364,0.18,0.414
586,,0.84,0.666,0.99,0.526,0.02,0.354,0.17,0.404
587,,0.83,0.656,0.98,0.516,0.01,0.344,0.16,0.394
588,,0.82,0.646,0.97,0.506,0.0,0.334,0.15,0.384
589,,0.81,0.636,0.96,0.496,-0.01,0.324,0.14,0.374
590,5,0.4,0.343,0.95,0.769,0.99,0.597,0.13,0.081
591,5,-0.01,0.05,0.94,1.0,1.0,0.87,0.12,-0.212
592,8,0.263,0.04,0.647,0.59,0.707,0.86,0.393,0.788
593,8,0.536,0.03,0.354,0.18,0.414,0.85,0.666,1.0
594,,0.526,0.02,0.344,0.17,0.404,0.84,0.656,0.99
595,,0.516,0.01,0.334,0.16,0.394,0.83,0.646,0.98
596,,0.506,0.0,0.324,0.15,0.384,0.82,0.636,0.97
597,,0.496,-0.01,0.314,0.14,0.374,0.81,0.626,0.96
598,2,0.769,0.99,0.587,0.13,0.081,0.4,0.333,0.95
599,2,1.0,1.0,0.86,0.12,-0.212,-0.01,0.04,0.94
600,5,0.59,0.707,0.85,0.393,0.788,0.263,0.03,0.647
601,5,0.18,0.414,0.84,0.666,1.0,0.536,0.02,0.354
602,,0.17,0.404,0.83,0.656,0.99,0.526,0.01,0.344
603,,0.16,0.394,0.82,0.646,0.98,0.516,0.0,0.334
604,,0.15,0.384,0.81,0.636,0.97,0.506,-0.01,0.324
605,7,0.14,0.091,0.4,0.343,0.96,0.779,0.99,0.597
606,7,0.13,-0.202,-0.01,0.05,0.95,1.0,1.0,0.87
607,2,0.403,0.798,0.263,0.04,0.657,0.59,0.707,0.86
608,2,0.676,1.0,0.536,0.03,0.364,0.18,0.414,0.85
609,,0.666,0.99,0.526,0.02,0.354,0.17,0.404,0.84
610,,0.656,0.98,0.516,0.01,0.344,0.16,0.394,0.83
611,,0.646,0.97,0.506,0.0,0.334,0.15,0.384,0.82
612,,0.636,0.96,0.496,-0.01,0.324,0.14,0.374,0.81
613,4,0.343,0.95,0.769,0.99,0.597,0.13,0.081,0.4
614,4,0.05,0.94,1.0,1.0,0.87,0.12,-0.212,-0.01
615,7,0.04,0.647,0.59,0.707,0.86,0.393,0.788,0.263
616,7,0.03,0.354,0.18,0.414,0.85,0.666,1.0,0.536
617,,0.02,0.344,0.17,0.404,0.84,0.656,0.99,0.526
618,,0.01,0.334,0.16,0.394,0.83,0.646,0.98,0.516
619,,0.0,0.324,0.15,0.384,0.82,0.636,0.97,0.506
620,,-0.01,0.314,0.14,0.374,0.81,0.626,0.96,0.496
621,1,0.99,0.587,0.13,0.081,0.4,0.333,0.95,0.769
622,1,1.0,0.86,0.12,-0.212,-0.01,0.04,0.94,1.0
623,4,0.707,0.85,0.393,0.788,0.263,0.03,0.647,0.59
624,4,0.414,0.84,0.666,1.0,0.536,0.02,0.354,0.18
625,,0.404,0.83,0.656,0.99,0.526,0.01,0.344,0.17
626,,0.394,0.82,0.646,0.98,0.516,0.0,0.334,0.16
627,,0.384,0.81,0.636,0.97,0.506,-0.01,0.324,0.15
628,6,0.091,0.4,0.343,0.96,0.779,0.99,0.597,0.14
629,6,-0.202,-0.01,0.05,0.95,1.0,1.0,0.87,0.13
630,1,0.798,0.263,0.04,0.657,0.59,0.707,0.86,0.403
631,1,1.0,0.536,0.03,0.364,0.18,0.414,0.85,0.676
632,,0.99,0.526,0.02,0.354,0.17,0.404,0.84,0.666
633,,0.98,0.516,0.01,0.344,0.16,0.394,0.83,0.656
634,,0.97,0.506,0.0,0.334,0.15,0.384,0.82,0.646
635,,0.96,0.496,-0.01,0.324,0.14,0.374,0.81,0.636
636,3,0.95,0.769,0.99,0.597,0.13,0.081,0.4,0.343
637,3,0.94,1.0,1.0,0.87,0.12,-0.212,-0.01,0.05
638,6,0.647,0.59,0.707,0.86,0.393,0.788,0.263,0.04
639,6,0.354,0.18,0.414,0.85,0.666,1.0,0.536,0.03
640,,0.344,0.17,0.404,0.84,0.656,0.99,0.526,0.02
641,,0.334,0.16,0.394,0.83,0.646,0.98,0.516,0.01
642,,0.324,0.15,0.384,0.82,0.636,0.97,0.506,0.0
643,,0.314,0.14,0.374,0.81,0.626,0.96,0.496,-0.01
644,8,0.587,0.13,0.081,0.4,0.333,0.95,0.769,0.99
645,8,0.86,0.12,-0.212,-0.01,0.04,0.94,1.0,1.0
646,3,0.85,0.393,0.788,0.263,0.03,0.647,0.59,0.707
647,3,0.84,0.666,1.0,0.536,0.02,0.354,0.18,0.414
648,,0.83,0.656,0.99,0.526,0.01,0.344,0.17,0.404
649,,0.82,0.646,0.98,0.516,0.0,0.334,0.16,0.394
650,,0.81,0.636,0.97,0.506,-0.01,0.324,0.15,0.384
651,5,0.4,0.343,0.96,0.779,0.99,0.597,0.14,0.091
652,5,-0.01,0.05,0.95,1.0,1.0,0.87,0.13,-0.202
653,8,0.263,0.04,0.657,0.59,0.707,0.86,0.403,0.798
654,8,0.536,0.03,0.364,0.18,0.414,0.85,0.676,1.0
655,,0.526,0.02,0.354,0.17,0.404,0.84,0.666,0.99
656,,0.516,0.01,0.344,0.16,0.394,0.83,0.656,0.98
657,,0.506,0.0,0.334,0.15,0.384,0.82,0.646,0.97
658,,0.496,-0.01,0.324,0.14,0.374,0.81,0.636,0.96
659,2,0.769,0.99,0.597,0.13,0.081,0.4,0.343,0.95
660,2,1.0,1.0,0.87,0.12,-0.212,-0.01,0.05,0.94
661,5,0.59,0.707,0.86,0.393,0.788,0.263,0.04,0.647
662,5,0.18,0.414,0.85,0.666,1.0,0.536,0.03,0.354
663,,0.17,0.404,0.84,0.656,0.99,0.526,0.02,0.344
664,,0.16,0.394,0.83,0.646,0.98,0.516,0.01,0.334
665,,0.15,0.384,0.82,0.636,0.97,0.506,0.0,0.324
666,,0.14,0.374,0.81,0.626,0.96,0.496,-0.01,0.314
667,7,0.13,0.081,0.4,0.333,0.95,0.769,0.99,0.587
668,7,0.12,-0.212,-0.01,0.04,0.94,1.0,1.0,0.86
669,2,0.393,0.788,0.263,0.03,0.647,0.59,0.707,0.85
670,2,0.666,1.0,0.536,0.02,0.354,0.18,0.414,0.84
671,,0.656,0.99,0.526,0.01,0.344,0.17,0.404,0.83
672,,0.646,0.98,0.516,0.0,0.334,0.16,0.394,0.82
673,,0.636,0.97,0.506,-0.01,0.324,0.15,0.384,0.81
674,4,0.343,0.96,0.779,0.99,0.597,0.14,0.091,0.4
675,4,0.05,0.95,1.0,1.0,0.87,0.13,-0.202,-0.01
676,7,0.04,0.657,0.59,0.707,0.86,0.403,0.798,0.263
677,7,0.03,0.364,0.18,0.414,0.85,0.676,1.0,0.536
678,,0.02,0.354,0.17,0.404,0.84,0.666,0.99,0.526
679,,0.01,0.344,0.16,0.394,0.83,0.656,0.98,0.516
680,,0.0,0.334,0.15,0.384,0.82,0.646,0.97,0.506
681,,-0.01,0.324,0.14,0.374,0.81,0.636,0.96,0.496
682,1,0.99,0.597,0.13,0.081,0.4,0.343,0.95,0.769
683,1,1.0,0.87,0.12,-0.212,-0.01,0.05,0.94,1.0
684,4,0.707,0.86,0.393,0.788,0.263,0.04,0.647,0.59
685,4,0.414,0.85,0.666,1.0,0.536,0.03,0.354,0.18
686,,0.404,0.84,0.656,0.99,0.526,0.02,0.344,0.17
687,,0.394,0.83,0.646,0.98,0.516,0.01,0.334,0.16
688,,0.384,0.82,0.636,0.97,0.506,0.0,0.324,0.15
689,,0.374,0.81,0.626,0.96,0.496,-0.01,0.314,0.14
690,6,0.081,0.4,0.333,0.95,0.769,0.99,0.587,0.13
691,6,-0.212,-0.01,0.04,0.94,1.0,1.0,0.86,0.12
692,1,0.788,0.263,0.03,0.647,0.59,0.707,0.85,0.393
693,1,1.0,0.536,0.02,0.354,0.18,0.414,0.84,0.666
694,,0.99,0.526,0.01,0.344,0.17,0.404,0.83,0.656
695,,0.98,0.516,0.0,0.334,0.16,0.394,0.82,0.646
696,,0.97,0.506,-0.01,0.324,0.15,0.384,0.81,0.636
697,3,0.96,0.779,0.99,0.597,0.14,0.091,0.4,0.343
698,3,0.95,1.0,1.0,0.87,0.13,-0.202,-0.01,0.05
699,6,0.657,0.59,0.707,0.86,0.403,0.798,0.263,0.04
700,6,0.364,0.18,0.414,0.85,0.676,1.0,0.536,0.03
701,,0.354,0.17,0.404,0.84,0.666,0.99,0.526,0.02
702,,0.344,0.16,0.394,0.83,0.656,0.98,0.516,0.01
703,,0.334,0.15,0.384,0.82,0.646,0.97,0.506,0.0
704,,0.324,0.14,0.374,0.81,0.636,0.96,0.496,-0.01
705,8,0.597,0.13,0.081,0.4,0.343,0.95,0.769,0.99
706,8,0.87,0.12,-0.212,-0.01,0.05,0.94,1.0,1.0
707,3,0.86,0.393,0.788,0.263,0.04,0.647,0.59,0.707
708,3,0.85,0.666,1.0,0.536,0.03,0.354,0.18,0.414
709,,0.84,0.656,0.99,0.526,0.02,0.344,0.17,0.404
710,,0.83,0.646,0.98,0.516,0.01,0.334,0.16,0.394
711,,0.82,0.636,0.97,0.506,0.0,0.324,0.15,0.384
712,,0.81,0.626,0.96,0.496,-0.01,0.314,0.14,0.374
713,5,0.4,0.333,0.95,0.769,0.99,0.587,0.13,0.081
714,5,-0.01,0.04,0.94,1.0,1.0,0.86,0.12,-0.212
715,8,0.263,0.03,0.647,0.59,0.707,0.85,0.393,0.788
716,8,0.536,0.02,0.354,0.18,0.414,0.84,0.666,1.0
717,,0.526,0.01,0.344,0.17,0.404,0.83,0.656,0.99
718,,0.516,0.0,0.334,0.16,0.394,0.82,0.646,0.98
719,,0.506,-0.01,0.324,0.15,0.384,0.81,0.636,0.97
720,2,0.779,0.99,0.597,0.14,0.091,0.4,0.343,0.96
721,2,1.0,1.0,0.87,0.13,-0.202,-0.01,0.05,0.95
722,5,0.59,0.707,0.86,0.403,0.798,0.263,0.04,0.657
723,5,0.18,0.414,0.85,0.676,1.0,0.536,0.03,0.364
724,,0.17,0.404,0.84,0.666,0.99,0.526,0.02,0.354
725,,0.16,0.394,0.83,0.656,0.98,0.516,0.01,0.344
726,,0.15,0.384,0.82,0.646,0.97,0.506,0.0,0.334
727,,0.14,0.374,0.81,0.636,0.96,0.496,-0.01,0.324
728,7,0.13,0.081,0.4,0.343,0.95,0.769,0.99,0.597
729,7,0.12,-0.212,-0.01,0.05,0.94,1.0,1.0,0.87
730,2,0.393,0.788,0.263,0.04,0.647,0.59,0.707,0.86
731,2,0.666,1.0,0.536,0.03,0.354,0.18,0.414,0.85
732,,0.656,0.99,0.526,0.02,0.344,0.17,0.404,0.84
733,,0.646,0.98,0.516,0.01,0.334,0.16,0.394,0.83
734,,0.636,0.97,0.506,0.0,0.324,0.15,0.384,0.82
735,,0.626,0.96,0.496,-0.01,0.314,0.14,0.374,0.81
736,4,0.333,0.95,0.769,0.99,0.587,0.13,0.081,0.4
737,4,0.04,0.94,1.0,1.0,0.86,0.12,-0.212,-0.01
738,7,0.03,0.647,0.59,0.707,0.85,0.393,0.788,0.263
739,7,0.02,0.354,0.18,0.414,0.84,0.666,1.0,0.536
740,,0.01,0.344,0.17,0.404,0.83,0.656,0.99,0.526
741,,0.0,0.334,0.16,0.394,0.82,0.646,0.98,0.516
742,,-0.01,0.324,0.15,0.384,0.81,0.636,0.97,0.506
743,1,0.99,0.597,0.14,0.091,0.4,0.343,0.96,0.779
744,1,1.0,0.87,0.13,-0.202,-0.01,0.05,0.95,1.0
745,4,0.707,0.86,0.403,0.798,0.263,0.04,0.657,0.59
746,4,0.414,0.85,0.676,1.0,0.536,0.03,0.364,0.18
747,,0.404,0.84,0.666,0.99,0.526,0.02,0.354,0.17
748,,0.394,0.83,0.656,0.98,0.516,0.01,0.344,0.16
749,,0.384,0.82,0.646,0.97,0.506,0.0,0.334,0.15
750,,0.374,0.81,0.636,0.96,0.496,-0.01,0.324,0.14
751,6,0.081,0.4,0.343,0.95,0.769,0.99,0.597,0.13
752,6,-0.212,-0.01,0.05,0.94,1.0,1.0,0.87,0.12
753,1,0.788,0.263,0.04,0.647,0.59,0.707,0.86,0.393
754,1,1.0,0.536,0.03,0.354,0.18,0.414,0.85,0.666
755,,0.99,0.526,0.02,0.344,0.17,0.404,0.84,0.656
756,,0.98,0.516,0.01,0.334,0.16,0.394,0.83,0.646
757,,0.97,0.506,0.0,0.324,0.15,0.384,0.82,0.636
758,,0.96,0.496,-0.01,0.314,0.14,0.374,0.81,0.626
759,3,0.95,0.769,0.99,0.587,0.13,0.081,0.4,0.333
760,3,0.94,1.0,1.0,0.86,0.12,-0.212,-0.01,0.04
761,6,0.647,0.59,0.707,0.85,0.393,0.788,0.263,0.03
762,6,0.354,0.18,0.414,0.84,0.666,1.0,0.536,0.02
763,,0.344,0.17,0.404,0.83,0.656,0.99,0.526,0.01
764,,0.334,0.16,0.394,0.82,0.646,0.98,0.516,0.0
765,,0.324,0.15,0.384,0.81,0.636,0.97,0.506,-0.01
766,8,0.597,0.14,0.091,0.4,0.343,0.96,0.779,0.99
767,8,0.87,0.13,-0.202,-0.01,0.05,0.95,1.0,1.0
768,3,0.86,0.403,0.798,0.263,0.04,0.657,0.59,0.707
769,3,0.85,0.676,1.0,0.536,0.03,0.364,0.18,0.414
770,,0.84,0.666,0.99,0.526,0.02,0.354,0.17,0.404
771,,0.83,0.656,0.98,0.516,0.01,0.344,0.16,0.394
772,,0.82,0.646,0.97,0.506,0.0,0.334,0.15,0.384
773,,0.81,0.636,0.96,0.496,-0.01,0.324,0.14,0.374
774,5,0.4,0.343,0.95,0.769,0.99,0.597,0.13,0.081
775,5,-0.01,0.05,0.94,1.0,1.0,0.87,0.12,-0.212
776,8,0.263,0.04,0.647,0.59,0.707,0.86,0.393,0.788
777,8,0.536,0.03,0.354,0.18,0.414,0.85,0.666,1.0
778,,0.526,0.02,0.344,0.17,0.404,0.84,0.656,0.99
779,,0.516,0.01,0.334,0.16,0.394,0.83,0.646,0.98
780,,0.506,0.0,0.324,0.15,0.384,0.82,0.636,0.97
781,,0.496,-0.01,0.314,0.14,0.374,0.81,0.626,0.96
782,2,0.769,0.99,0.587,0.13,0.081,0.4,0.333,0.95
783,2,1.0,1.0,0.86,0.12,-0.212,-0.01,0.04,0.94
784,5,0.59,0.707,0.85,0.393,0.788,0.263,0.03,0.647
785,5,0.18,0.414,0.84,0.666,1.0,0.536,0.02,0.354
786,,0.17,0.404,0.83,0.656,0.99,0.526,0.01,0.344
787,,0.16,0.394,0.82,0.646,0.98,0.516,0.0,0.334
788,,0.15,0.384,0.81,0.636,0.97,0.506,-0.01,0.324
789,7,0.14,0.091,0.4,0.343,0.96,0.779,0.99,0.597
790,7,0.13,-0.202,-0.01,0.05,0.95,1.0,1.0,0.87
791,2,0.403,0.798,0.263,0.04,0.657,0.59,0.707,0.86
792,2,0.676,1.0,0.536,0.03,0.364,0.18,0.414,0.85
793,,0.666,0.99,0.526,0.02,0.354,0.17,0.404,0.84
794,,0.656,0.98,0.516,0.01,0.344,0.16,0.394,0.83
795,,0.646,0.97,0.506,0.0,0.334,0.15,0.384,0.82
796,,0.636,0.96,0.496,-0.01,0.324,0.14,0.374,0.81
797,4,0.343,0.95,0.769,0.99,0.597,0.13,0.081,0.4
798,4,0.05,0.94,1.0,1.0,0.87,0.12,-0.212,-0.01
799,7,0.04,0.647,0.59,0.707,0.86,0.393,0.788,0.263
800,7,0.03,0.354,0.18,0.414,0.85,0.666,1.0,0.536
801,,0.02,0.344,0.17,0.404,0.84,0.656,0.99,0.526
802,,0.01,0.334,0.16,0.394,0.83,0.646,0.98,0.516
803,,0.0,0.324,0.15,0.384,0.82,0.636,0.97,0.506
804,,-0.01,0.314,0.14,0.374,0.81,0.626,0.96,0.496
805,1,0.99,0.587,0.13,0.081,0.4,0.333,0.95,0.769
806,1,1.0,0.86,0.12,-0.212,-0.01,0.04,0.94,1.0
807,4,0.707,0.85,0.393,0.788,0.263,0.03,0.647,0.59
808,4,0.414,0.84,0.666,1.0,0.536,0.02,0.354,0.18
809,,0.404,0.83,0.656,0.99,0.526,0.01,0.344,0.17
