step,active_motive,motive_1,motive_2,motive_3,motive_4,motive_5,motive_6,motive_7,motive_8
0,,0.01153,0.26239,0.19993,0.02333,0.48688,0.11639,0.0453,0.30919
1,,0.00153,0.25239,0.18993,0.01333,0.47688,0.10639,0.0353,0.29919
2,,-0.00847,0.24239,0.17993,0.00333,0.46688,0.09639,0.0253,0.28919
3,1,0.99153,0.51539,0.16993,-0.28967,0.05688,-0.19661,0.0153,0.56219
4,1,1.0,0.78839,0.15993,-0.58267,-0.35312,-0.48961,0.0053,0.83519
5,4,0.707,0.77839,0.43293,0.41733,-0.08012,-0.49961,-0.2877,0.42519
6,4,0.414,0.76839,0.70593,1.0,0.19288,-0.50961,-0.5807,0.01519
7,7,0.404,0.47539,0.29593,0.707,0.18288,-0.23661,0.4193,0.28819
8,7,0.394,0.18239,-0.11407,0.414,0.17288,0.03639,1.0,0.56119
9,3,0.384,0.45539,0.88593,0.687,0.16288,-0.25661,0.59,0.26819
10,3,0.374,0.72839,1.0,0.96,0.15288,-0.54961,0.18,-0.02481
11,6,0.081,0.31839,0.707,0.95,0.42588,0.45039,0.453,-0.03481
12,6,-0.212,-0.09161,0.414,0.94,0.69888,1.0,0.726,-0.04481
13,1,0.788,0.18139,0.404,0.647,0.28888,0.707,0.716,0.22819
14,1,1.0,0.45439,0.394,0.354,-0.12112,0.414,0.706,0.50119
15,5,0.59,0.16139,0.384,0.627,0.87888,0.687,0.696,0.20819
16,5,0.18,-0.13161,0.374,0.9,1.0,0.96,0.686,-0.08481
17,2,0.453,0.86839,0.647,0.89,0.707,0.55,0.393,-0.09481
18,2,0.726,1.0,0.92,0.88,0.414,0.14,0.1,-0.10481
19,8,0.999,0.99,0.627,0.47,0.121,0.13,0.373,0.89519
20,8,1.0,0.98,0.334,0.06,-0.172,0.12,0.646,1.0
21,5,0.59,0.687,0.324,0.333,0.828,0.393,0.636,0.707
22,5,0.18,0.394,0.314,0.606,1.0,0.666,0.626,0.414
23,,0.17,0.384,0.304,0.596,0.99,0.656,0.616,0.404
24,,0.16,0.374,0.294,0.586,0.98,0.646,0.606,0.394
25,,0.15,0.364,0.284,0.576,0.97,0.636,0.596,0.384
26,,0.14,0.354,0.274,0.566,0.96,0.626,0.586,0.374
27,,0.13,0.344,0.264,0.556,0.95,0.616,0.576,0.364
28,,0.12,0.334,0.254,0.546,0.94,0.606,0.566,0.354
29,,0.11,0.324,0.244,0.536,0.93,0.596,0.556,0.344
30,,0.1,0.314,0.234,0.526,0.92,0.586,0.546,0.334
31,,0.09,0.304,0.224,0.516,0.91,0.576,0.536,0.324
32,,0.08,0.294,0.214,0.506,0.9,0.566,0.526,0.314
33,,0.07,0.284,0.204,0.496,0.89,0.556,0.516,0.304
34,,0.06,0.274,0.194,0.486,0.88,0.546,0.506,0.294
35,,0.05,0.264,0.184,0.476,0.87,0.536,0.496,0.284
36,,0.04,0.254,0.174,0.466,0.86,0.526,0.486,0.274
37,,0.03,0.244,0.164,0.456,0.85,0.516,0.476,0.264
38,,0.02,0.234,0.154,0.446,0.84,0.506,0.466,0.254
39,,0.01,0.224,0.144,0.436,0.83,0.496,0.456,0.244
40,,0.0,0.214,0.134,0.426,0.82,0.486,0.446,0.234
41,,-0.01,0.204,0.124,0.416,0.81,0.476,0.436,0.224
42,1,0.99,0.477,0.114,0.123,0.4,0.183,0.426,0.497
43,1,1.0,0.75,0.104,-0.17,-0.01,-0.11,0.416,0.77
44,4,0.707,0.74,0.377,0.83,0.263,-0.12,0.123,0.36
45,4,0.414,0.73,0.65,1.0,0.536,-0.13,-0.17,-0.05
46,7,0.404,0.437,0.24,0.707,0.526,0.143,0.83,0.223
47,7,0.394,0.144,-0.17,0.414,0.516,0.416,1.0,0.496
48,3,0.384,0.417,0.83,0.687,0.506,0.123,0.59,0.203
49,3,0.374,0.69,1.0,0.96,0.496,-0.17,0.18,-0.09
50,6,0.081,0.28,0.707,0.95,0.769,0.83,0.453,-0.1
51,6,-0.212,-0.13,0.414,0.94,1.0,1.0,0.726,-0.11
52,1,0.788,0.143,0.404,0.647,0.59,0.707,0.716,0.163
53,1,1.0,0.416,0.394,0.354,0.18,0.414,0.706,0.436
54,,0.99,0.406,0.384,0.344,0.17,0.404,0.696,0.426
55,,0.98,0.396,0.374,0.334,0.16,0.394,0.686,0.416
56,,0.97,0.386,0.364,0.324,0.15,0.384,0.676,0.406
57,,0.96,0.376,0.354,0.314,0.14,0.374,0.666,0.396
58,,0.95,0.366,0.344,0.304,0.13,0.364,0.656,0.386
59,,0.94,0.356,0.334,0.294,0.12,0.354,0.646,0.376
60,,0.93,0.346,0.324,0.284,0.11,0.344,0.636,0.366
61,,0.92,0.336,0.314,0.274,0.1,0.334,0.626,0.356
62,,0.91,0.326,0.304,0.264,0.09,0.324,0.616,0.346
63,,0.9,0.316,0.294,0.254,0.08,0.314,0.606,0.336
64,,0.89,0.306,0.284,0.244,0.07,0.304,0.596,0.326
65,,0.88,0.296,0.274,0.234,0.06,0.294,0.586,0.316
66,,0.87,0.286,0.264,0.224,0.05,0.284,0.576,0.306
67,,0.86,0.276,0.254,0.214,0.04,0.274,0.566,0.296
68,,0.85,0.266,0.244,0.204,0.03,0.264,0.556,0.286
69,,0.84,0.256,0.234,0.194,0.02,0.254,0.546,0.276
70,,0.83,0.246,0.224,0.184,0.01,0.244,0.536,0.266
71,,0.82,0.236,0.214,0.174,0.0,0.234,0.526,0.256
72,,0.81,0.226,0.204,0.164,-0.01,0.224,0.516,0.246
73,5,0.4,-0.067,0.194,0.437,0.99,0.497,0.506,-0.047
74,5,-0.01,-0.36,0.184,0.71,1.0,0.77,0.496,-0.34
75,2,0.263,0.64,0.457,0.7,0.707,0.36,0.203,-0.35
76,2,0.536,1.0,0.73,0.69,0.414,-0.05,-0.09,-0.36
77,8,0.809,0.99,0.437,0.28,0.121,-0.06,0.183,0.64
78,8,1.0,0.98,0.144,-0.13,-0.172,-0.07,0.456,1.0
79,5,0.59,0.687,0.134,0.143,0.828,0.203,0.446,0.707
80,5,0.18,0.394,0.124,0.416,1.0,0.476,0.436,0.414
81,,0.17,0.384,0.114,0.406,0.99,0.466,0.426,0.404
82,,0.16,0.374,0.104,0.396,0.98,0.456,0.416,0.394
83,,0.15,0.364,0.094,0.386,0.97,0.446,0.406,0.384
84,,0.14,0.354,0.084,0.376,0.96,0.436,0.396,0.374
85,,0.13,0.344,0.074,0.366,0.95,0.426,0.386,0.364
86,,0.12,0.334,0.064,0.356,0.94,0.416,0.376,0.354
87,,0.11,0.324,0.054,0.346,0.93,0.406,0.366,0.344
88,,0.1,0.314,0.044,0.336,0.92,0.396,0.356,0.334
89,,0.09,0.304,0.034,0.326,0.91,0.386,0.346,0.324
90,,0.08,0.294,0.024,0.316,0.9,0.376,0.336,0.314
91,,0.07,0.284,0.014,0.306,0.89,0.366,0.326,0.304
92,,0.06,0.274,0.004,0.296,0.88,0.356,0.316,0.294
93,,0.05,0.264,-0.006,0.286,0.87,0.346,0.306,0.284
94,3,0.04,0.537,0.994,0.559,0.86,0.053,-0.104,-0.009
95,3,0.03,0.81,1.0,0.832,0.85,-0.24,-0.514,-0.302
96,7,0.02,0.517,0.59,0.539,0.84,0.033,0.486,-0.029
97,7,0.01,0.224,0.18,0.246,0.83,0.306,1.0,0.244
98,,0.0,0.214,0.17,0.236,0.82,0.296,0.99,0.234
99,,-0.01,0.204,0.16,0.226,0.81,0.286,0.98,0.224
100,1,0.99,0.477,0.15,-0.067,0.4,-0.007,0.97,0.497
101,1,1.0,0.75,0.14,-0.36,-0.01,-0.3,0.96,0.77
102,4,0.707,0.74,0.413,0.64,0.263,-0.31,0.667,0.36
103,4,0.414,0.73,0.686,1.0,0.536,-0.32,0.374,-0.05
104,6,0.121,0.32,0.393,0.99,0.809,0.68,0.647,-0.06
105,6,-0.172,-0.09,0.1,0.98,1.0,1.0,0.92,-0.07
106,1,0.828,0.183,0.09,0.687,0.59,0.707,0.91,0.203
107,1,1.0,0.456,0.08,0.394,0.18,0.414,0.9,0.476
108,,0.99,0.446,0.07,0.384,0.17,0.404,0.89,0.466
109,,0.98,0.436,0.06,0.374,0.16,0.394,0.88,0.456
110,,0.97,0.426,0.05,0.364,0.15,0.384,0.87,0.446
111,,0.96,0.416,0.04,0.354,0.14,0.374,0.86,0.436
112,,0.95,0.406,0.03,0.344,0.13,0.364,0.85,0.426
113,,0.94,0.396,0.02,0.334,0.12,0.354,0.84,0.416
114,,0.93,0.386,0.01,0.324,0.11,0.344,0.83,0.406
115,,0.92,0.376,0.0,0.314,0.1,0.334,0.82,0.396
116,,0.91,0.366,-0.01,0.304,0.09,0.324,0.81,0.386
117,3,0.9,0.639,0.99,0.577,0.08,0.031,0.4,0.093
118,3,0.89,0.912,1.0,0.85,0.07,-0.262,-0.01,-0.2
119,6,0.597,0.502,0.707,0.84,0.343,0.738,0.263,-0.21
120,6,0.304,0.092,0.414,0.83,0.616,1.0,0.536,-0.22
121,8,0.577,0.082,0.121,0.42,0.323,0.99,0.809,0.78
122,8,0.85,0.072,-0.172,0.01,0.03,0.98,1.0,1.0
123,3,0.84,0.345,0.828,0.283,0.02,0.687,0.59,0.707
124,3,0.83,0.618,1.0,0.556,0.01,0.394,0.18,0.414
125,,0.82,0.608,0.99,0.546,0.0,0.384,0.17,0.404
126,,0.81,0.598,0.98,0.536,-0.01,0.374,0.16,0.394
127,5,0.4,0.305,0.97,0.809,0.99,0.647,0.15,0.101
128,5,-0.01,0.012,0.96,1.0,1.0,0.92,0.14,-0.192
129,8,0.263,0.002,0.667,0.59,0.707,0.91,0.413,0.808
130,8,0.536,-0.008,0.374,0.18,0.414,0.9,0.686,1.0
131,2,0.809,0.992,0.647,0.17,0.121,0.49,0.393,0.99
132,2,1.0,1.0,0.92,0.16,-0.172,0.08,0.1,0.98
133,5,0.59,0.707,0.91,0.433,0.828,0.353,0.09,0.687
134,5,0.18,0.414,0.9,0.706,1.0,0.626,0.08,0.394
135,,0.17,0.404,0.89,0.696,0.99,0.616,0.07,0.384
136,,0.16,0.394,0.88,0.686,0.98,0.606,0.06,0.374
137,,0.15,0.384,0.87,0.676,0.97,0.596,0.05,0.364
138,,0.14,0.374,0.86,0.666,0.96,0.586,0.04,0.354
139,,0.13,0.364,0.85,0.656,0.95,0.576,0.03,0.344
140,,0.12,0.354,0.84,0.646,0.94,0.566,0.02,0.334
141,,0.11,0.344,0.83,0.636,0.93,0.556,0.01,0.324
142,,0.1,0.334,0.82,0.626,0.92,0.546,0.0,0.314
143,,0.09,0.324,0.81,0.616,0.91,0.536,-0.01,0.304
144,7,0.08,0.031,0.4,0.323,0.9,0.809,0.99,0.577
145,7,0.07,-0.262,-0.01,0.03,0.89,1.0,1.0,0.85
146,2,0.343,0.738,0.263,0.02,0.597,0.59,0.707,0.84
147,2,0.616,1.0,0.536,0.01,0.304,0.18,0.414,0.83
148,,0.606,0.99,0.526,0.0,0.294,0.17,0.404,0.82
149,,0.596,0.98,0.516,-0.01,0.284,0.16,0.394,0.81
150,4,0.303,0.97,0.789,0.99,0.557,0.15,0.101,0.4
151,4,0.01,0.96,1.0,1.0,0.83,0.14,-0.192,-0.01
152,7,0.0,0.667,0.59,0.707,0.82,0.413,0.808,0.263
153,7,-0.01,0.374,0.18,0.414,0.81,0.686,1.0,0.536
154,1,0.99,0.647,0.17,0.121,0.4,0.393,0.99,0.809
155,1,1.0,0.92,0.16,-0.172,-0.01,0.1,0.98,1.0
156,4,0.707,0.91,0.433,0.828,0.263,0.09,0.687,0.59
157,4,0.414,0.9,0.706,1.0,0.536,0.08,0.394,0.18
158,,0.404,0.89,0.696,0.99,0.526,0.07,0.384,0.17
159,,0.394,0.88,0.686,0.98,0.516,0.06,0.374,0.16
160,,0.384,0.87,0.676,0.97,0.506,0.05,0.364,0.15
161,,0.374,0.86,0.666,0.96,0.496,0.04,0.354,0.14
162,,0.364,0.85,0.656,0.95,0.486,0.03,0.344,0.13
163,,0.354,0.84,0.646,0.94,0.476,0.02,0.334,0.12
164,,0.344,0.83,0.636,0.93,0.466,0.01,0.324,0.11
165,,0.334,0.82,0.626,0.92,0.456,0.0,0.314,0.1
166,,0.324,0.81,0.616,0.91,0.446,-0.01,0.304,0.09
167,6,0.031,0.4,0.323,0.9,0.719,0.99,0.577,0.08
168,6,-0.262,-0.01,0.03,0.89,0.992,1.0,0.85,0.07
169,1,0.738,0.263,0.02,0.597,0.582,0.707,0.84,0.343
170,1,1.0,0.536,0.01,0.304,0.172,0.414,0.83,0.616
171,,0.99,0.526,0.0,0.294,0.162,0.404,0.82,0.606
172,,0.98,0.516,-0.01,0.284,0.152,0.394,0.81,0.596
173,3,0.97,0.789,0.99,0.557,0.142,0.101,0.4,0.303
174,3,0.96,1.0,1.0,0.83,0.132,-0.192,-0.01,0.01
175,6,0.667,0.59,0.707,0.82,0.405,0.808,0.263,0.0
176,6,0.374,0.18,0.414,0.81,0.678,1.0,0.536,-0.01
177,8,0.647,0.17,0.121,0.4,0.385,0.99,0.809,0.99
178,8,0.92,0.16,-0.172,-0.01,0.092,0.98,1.0,1.0
179,3,0.91,0.433,0.828,0.263,0.082,0.687,0.59,0.707
180,3,0.9,0.706,1.0,0.536,0.072,0.394,0.18,0.414
181,,0.89,0.696,0.99,0.526,0.062,0.384,0.17,0.404
182,,0.88,0.686,0.98,0.516,0.052,0.374,0.16,0.394
183,,0.87,0.676,0.97,0.506,0.042,0.364,0.15,0.384
184,,0.86,0.666,0.96,0.496,0.032,0.354,0.14,0.374
185,,0.85,0.656,0.95,0.486,0.022,0.344,0.13,0.364
186,,0.84,0.646,0.94,0.476,0.012,0.334,0.12,0.354
187,,0.83,0.636,0.93,0.466,0.002,0.324,0.11,0.344
188,,0.82,0.626,0.92,0.456,-0.008,0.314,0.1,0.334
189,5,0.41,0.333,0.91,0.729,0.992,0.587,0.09,0.041
190,5,-0.0,0.04,0.9,1.0,1.0,0.86,0.08,-0.252
191,8,0.273,0.03,0.607,0.59,0.707,0.85,0.353,0.748
192,8,0.546,0.02,0.314,0.18,0.414,0.84,0.626,1.0
193,,0.536,0.01,0.304,0.17,0.404,0.83,0.616,0.99
194,,0.526,0.0,0.294,0.16,0.394,0.82,0.606,0.98
195,,0.516,-0.01,0.284,0.15,0.384,0.81,0.596,0.97
196,2,0.789,0.99,0.557,0.14,0.091,0.4,0.303,0.96
197,2,1.0,1.0,0.83,0.13,-0.202,-0.01,0.01,0.95
198,5,0.59,0.707,0.82,0.403,0.798,0.263,0.0,0.657
199,5,0.18,0.414,0.81,0.676,1.0,0.536,-0.01,0.364
200,7,0.17,0.121,0.4,0.383,0.99,0.809,0.99,0.637
201,7,0.16,-0.172,-0.01,0.09,0.98,1.0,1.0,0.91
202,2,0.433,0.828,0.263,0.08,0.687,0.59,0.707,0.9
203,2,0.706,1.0,0.536,0.07,0.394,0.18,0.414,0.89
204,,0.696,0.99,0.526,0.06,0.384,0.17,0.404,0.88
205,,0.686,0.98,0.516,0.05,0.374,0.16,0.394,0.87
206,,0.676,0.97,0.506,0.04,0.364,0.15,0.384,0.86
207,,0.666,0.96,0.496,0.03,0.354,0.14,0.374,0.85
208,,0.656,0.95,0.486,0.02,0.344,0.13,0.364,0.84
209,,0.646,0.94,0.476,0.01,0.334,0.12,0.354,0.83
210,,0.636,0.93,0.466,0.0,0.324,0.11,0.344,0.82
211,,0.626,0.92,0.456,-0.01,0.314,0.1,0.334,0.81
212,4,0.333,0.91,0.729,0.99,0.587,0.09,0.041,0.4
213,4,0.04,0.9,1.0,1.0,0.86,0.08,-0.252,-0.01
214,7,0.03,0.607,0.59,0.707,0.85,0.353,0.748,0.263
215,7,0.02,0.314,0.18,0.414,0.84,0.626,1.0,0.536
216,,0.01,0.304,0.17,0.404,0.83,0.616,0.99,0.526
217,,0.0,0.294,0.16,0.394,0.82,0.606,0.98,0.516
218,,-0.01,0.284,0.15,0.384,0.81,0.596,0.97,0.506
219,1,0.99,0.557,0.14,0.091,0.4,0.303,0.96,0.779
220,1,1.0,0.83,0.13,-0.202,-0.01,0.01,0.95,1.0
221,4,0.707,0.82,0.403,0.798,0.263,0.0,0.657,0.59
222,4,0.414,0.81,0.676,1.0,0.536,-0.01,0.364,0.18
223,6,0.121,0.4,0.383,0.99,0.809,0.99,0.637,0.17
224,6,-0.172,-0.01,0.09,0.98,1.0,1.0,0.91,0.16
225,1,0.828,0.263,0.08,0.687,0.59,0.707,0.9,0.433
226,1,1.0,0.536,0.07,0.394,0.18,0.414,0.89,0.706
227,,0.99,0.526,0.06,0.384,0.17,0.404,0.88,0.696
228,,0.98,0.516,0.05,0.374,0.16,0.394,0.87,0.686
229,,0.97,0.506,0.04,0.364,0.15,0.384,0.86,0.676
230,,0.96,0.496,0.03,0.354,0.14,0.374,0.85,0.666
231,,0.95,0.486,0.02,0.344,0.13,0.364,0.84,0.656
232,,0.94,0.476,0.01,0.334,0.12,0.354,0.83,0.646
233,,0.93,0.466,0.0,0.324,0.11,0.344,0.82,0.636
234,,0.92,0.456,-0.01,0.314,0.1,0.334,0.81,0.626
235,3,0.91,0.729,0.99,0.587,0.09,0.041,0.4,0.333
236,3,0.9,1.0,1.0,0.86,0.08,-0.252,-0.01,0.04
237,6,0.607,0.59,0.707,0.85,0.353,0.748,0.263,0.03
238,6,0.314,0.18,0.414,0.84,0.626,1.0,0.536,0.02
239,,0.304,0.17,0.404,0.83,0.616,0.99,0.526,0.01
240,,0.294,0.16,0.394,0.82,0.606,0.98,0.516,0.0
241,,0.284,0.15,0.384,0.81,0.596,0.97,0.506,-0.01
242,8,0.557,0.14,0.091,0.4,0.303,0.96,0.779,0.99
243,8,0.83,0.13,-0.202,-0.01,0.01,0.95,1.0,1.0
244,3,0.82,0.403,0.798,0.263,0.0,0.657,0.59,0.707
245,3,0.81,0.676,1.0,0.536,-0.01,0.364,0.18,0.414
246,5,0.4,0.383,0.99,0.809,0.99,0.637,0.17,0.121
247,5,-0.01,0.09,0.98,1.0,1.0,0.91,0.16,-0.172
248,8,0.263,0.08,0.687,0.59,0.707,0.9,0.433,0.828
249,8,0.536,0.07,0.394,0.18,0.414,0.89,0.706,1.0
250,,0.526,0.06,0.384,0.17,0.404,0.88,0.696,0.99
251,,0.516,0.05,0.374,0.16,0.394,0.87,0.686,0.98
252,,0.506,0.04,0.364,0.15,0.384,0.86,0.676,0.97
253,,0.496,0.03,0.354,0.14,0.374,0.85,0.666,0.96
254,,0.486,0.02,0.344,0.13,0.364,0.84,0.656,0.95
255,,0.476,0.01,0.334,0.12,0.354,0.83,0.646,0.94
256,,0.466,0.0,0.324,0.11,0.344,0.82,0.636,0.93
257,,0.456,-0.01,0.314,0.1,0.334,0.81,0.626,0.92
258,2,0.729,0.99,0.587,0.09,0.041,0.4,0.333,0.91
259,2,1.0,1.0,0.86,0.08,-0.252,-0.01,0.04,0.9
260,5,0.59,0.707,0.85,0.353,0.748,0.263,0.03,0.607
261,5,0.18,0.414,0.84,0.626,1.0,0.536,0.02,0.314
262,,0.17,0.404,0.83,0.616,0.99,0.526,0.01,0.304
263,,0.16,0.394,0.82,0.606,0.98,0.516,0.0,0.294
264,,0.15,0.384,0.81,0.596,0.97,0.506,-0.01,0.284
265,7,0.14,0.091,0.4,0.303,0.96,0.779,0.99,0.557
266,7,0.13,-0.202,-0.01,0.01,0.95,1.0,1.0,0.83
267,2,0.403,0.798,0.263,0.0,0.657,0.59,0.707,0.82
268,2,0.676,1.0,0.536,-0.01,0.364,0.18,0.414,0.81
269,4,0.383,0.99,0.809,0.99,0.637,0.17,0.121,0.4
270,4,0.09,0.98,1.0,1.0,0.91,0.16,-0.172,-0.01
271,7,0.08,0.687,0.59,0.707,0.9,0.433,0.828,0.263
272,7,0.07,0.394,0.18,0.414,0.89,0.706,1.0,0.536
273,,0.06,0.384,0.17,0.404,0.88,0.696,0.99,0.526
274,,0.05,0.374,0.16,0.394,0.87,0.686,0.98,0.516
275,,0.04,0.364,0.15,0.384,0.86,0.676,0.97,0.506
276,,0.03,0.354,0.14,0.374,0.85,0.666,0.96,0.496
277,,0.02,0.344,0.13,0.364,0.84,0.656,0.95,0.486
278,,0.01,0.334,0.12,0.354,0.83,0.646,0.94,0.476
279,,0.0,0.324,0.11,0.344,0.82,0.636,0.93,0.466
280,,-0.01,0.314,0.1,0.334,0.81,0.626,0.92,0.456
281,1,0.99,0.587,0.09,0.041,0.4,0.333,0.91,0.729
282,1,1.0,0.86,0.08,-0.252,-0.01,0.04,0.9,1.0
283,4,0.707,0.85,0.353,0.748,0.263,0.03,0.607,0.59
284,4,0.414,0.84,0.626,1.0,0.536,0.02,0.314,0.18
285,,0.404,0.83,0.616,0.99,0.526,0.01,0.304,0.17
286,,0.394,0.82,0.606,0.98,0.516,0.0,0.294,0.16
287,,0.384,0.81,0.596,0.97,0.506,-0.01,0.284,0.15
288,6,0.091,0.4,0.303,0.96,0.779,0.99,0.557,0.14
289,6,-0.202,-0.01,0.01,0.95,1.0,1.0,0.83,0.13
290,1,0.798,0.263,0.0,0.657,0.59,0.707,0.82,0.403
291,1,1.0,0.536,-0.01,0.364,0.18,0.414,0.81,0.676
292,3,0.99,0.809,0.99,0.637,0.17,0.121,0.4,0.383
293,3,0.98,1.0,1.0,0.91,0.16,-0.172,-0.01,0.09
294,6,0.687,0.59,0.707,0.9,0.433,0.828,0.263,0.08
295,6,0.394,0.18,0.414,0.89,0.706,1.0,0.536,0.07
296,,0.384,0.17,0.404,0.88,0.696,0.99,0.526,0.06
297,,0.374,0.16,0.394,0.87,0.686,0.98,0.516,0.05
298,,0.364,0.15,0.384,0.86,0.676,0.97,0.506,0.04
299,,0.354,0.14,0.374,0.85,0.666,0.96,0.496,0.03
300,,0.344,0.13,0.364,0.84,0.656,0.95,0.486,0.02
301,,0.334,0.12,0.354,0.83,0.646,0.94,0.476,0.01
302,,0.324,0.11,0.344,0.82,0.636,0.93,0.466,0.0
303,,0.314,0.1,0.334,0.81,0.626,0.92,0.456,-0.01
304,8,0.587,0.09,0.041,0.4,0.333,0.91,0.729,0.99
305,8,0.86,0.08,-0.252,-0.01,0.04,0.9,1.0,1.0
306,3,0.85,0.353,0.748,0.263,0.03,0.607,0.59,0.707
307,3,0.84,0.626,1.0,0.536,0.02,0.314,0.18,0.414
308,,0.83,0.616,0.99,0.526,0.01,0.304,0.17,0.404
309,,0.82,0.606,0.98,0.516,0.0,0.294,0.16,0.394
310,,0.81,0.596,0.97,0.506,-0.01,0.284,0.15,0.384
311,5,0.4,0.303,0.96,0.779,0.99,0.557,0.14,0.091
312,5,-0.01,0.01,0.95,1.0,1.0,0.83,0.13,-0.202
313,8,0.263,0.0,0.657,0.59,0.707,0.82,0.403,0.798
314,8,0.536,-0.01,0.364,0.18,0.414,0.81,0.676,1.0
315,2,0.809,0.99,0.637,0.17,0.121,0.4,0.383,0.99
316,2,1.0,1.0,0.91,0.16,-0.172,-0.01,0.09,0.98
317,5,0.59,0.707,0.9,0.433,0.828,0.263,0.08,0.687
318,5,0.18,0.414,0.89,0.706,1.0,0.536,0.07,0.394
319,,0.17,0.404,0.88,0.696,0.99,0.526,0.06,0.384
320,,0.16,0.394,0.87,0.686,0.98,0.516,0.05,0.374
321,,0.15,0.384,0.86,0.676,0.97,0.506,0.04,0.364
322,,0.14,0.374,0.85,0.666,0.96,0.496,0.03,0.354
323,,0.13,0.364,0.84,0.656,0.95,0.486,0.02,0.344
324,,0.12,0.354,0.83,0.646,0.94,0.476,0.01,0.334
325,,0.11,0.344,0.82,0.636,0.93,0.466,0.0,0.324
326,,0.1,0.334,0.81,0.626,0.92,0.456,-0.01,0.314
327,7,0.09,0.041,0.4,0.333,0.91,0.729,0.99,0.587
328,7,0.08,-0.252,-0.01,0.04,0.9,1.0,1.0,0.86
329,2,0.353,0.748,0.263,0.03,0.607,0.59,0.707,0.85
330,2,0.626,1.0,0.536,0.02,0.314,0.18,0.414,0.84
331,,0.616,0.99,0.526,0.01,0.304,0.17,0.404,0.83
332,,0.606,0.98,0.516,0.0,0.294,0.16,0.394,0.82
333,,0.596,0.97,0.506,-0.01,0.284,0.15,0.384,0.81
334,4,0.303,0.96,0.779,0.99,0.557,0.14,0.091,0.4
335,4,0.01,0.95,1.0,1.0,0.83,0.13,-0.202,-0.01
336,7,0.0,0.657,0.59,0.707,0.82,0.403,0.798,0.263
337,7,-0.01,0.364,0.18,0.414,0.81,0.676,1.0,0.536
338,1,0.99,0.637,0.17,0.121,0.4,0.383,0.99,0.809
339,1,1.0,0.91,0.16,-0.172,-0.01,0.09,0.98,1.0
340,4,0.707,0.9,0.433,0.828,0.263,0.08,0.687,0.59
341,4,0.414,0.89,0.706,1.0,0.536,0.07,0.394,0.18
342,,0.404,0.88,0.696,0.99,0.526,0.06,0.384,0.17
343,,0.394,0.87,0.686,0.98,0.516,0.05,0.374,0.16
344,,0.384,0.86,0.676,0.97,0.506,0.04,0.364,0.15
345,,0.374,0.85,0.666,0.96,0.496,0.03,0.354,0.14
346,,0.364,0.84,0.656,0.95,0.486,0.02,0.344,0.13
347,,0.354,0.83,0.646,0.94,0.476,0.01,0.334,0.12
348,,0.344,0.82,0.636,0.93,0.466,0.0,0.324,0.11
349,,0.334,0.81,0.626,0.92,0.456,-0.01,0.314,0.1
350,6,0.041,0.4,0.333,0.91,0.729,0.99,0.587,0.09
351,6,-0.252,-0.01,0.04,0.9,1.0,1.0,0.86,0.08
352,1,0.748,0.263,0.03,0.607,0.59,0.707,0.85,0.353
353,1,1.0,0.536,0.02,0.314,0.18,0.414,0.84,0.626
354,,0.99,0.526,0.01,0.304,0.17,0.404,0.83,0.616
355,,0.98,0.516,0.0,0.294,0.16,0.394,0.82,0.606
356,,0.97,0.506,-0.01,0.284,0.15,0.384,0.81,0.596
357,3,0.96,0.779,0.99,0.557,0.14,0.091,0.4,0.303
358,3,0.95,1.0,1.0,0.83,0.13,-0.202,-0.01,0.01
359,6,0.657,0.59,0.707,0.82,0.403,0.798,0.263,0.0
360,6,0.364,0.18,0.414,0.81,0.676,1.0,0.536,-0.01
361,8,0.637,0.17,0.121,0.4,0.383,0.99,0.809,0.99
362,8,0.91,0.16,-0.172,-0.01,0.09,0.98,1.0,1.0
363,3,0.9,0.433,0.828,0.263,0.08,0.687,0.59,0.707
364,3,0.89,0.706,1.0,0.536,0.07,0.394,0.18,0.414
365,,0.88,0.696,0.99,0.526,0.06,0.384,0.17,0.404
366,,0.87,0.686,0.98,0.516,0.05,0.374,0.16,0.394
367,,0.86,0.676,0.97,0.506,0.04,0.364,0.15,0.384
368,,0.85,0.666,0.96,0.496,0.03,0.354,0.14,0.374
369,,0.84,0.656,0.95,0.486,0.02,0.344,0.13,0.364
370,,0.83,0.646,0.94,0.476,0.01,0.334,0.12,0.354
371,,0.82,0.636,0.93,0.466,0.0,0.324,0.11,0.344
372,,0.81,0.626,0.92,0.456,-0.01,0.314,0.1,0.334
373,5,0.4,0.333,0.91,0.729,0.99,0.587,0.09,0.041
374,5,-0.01,0.04,0.9,1.0,1.0,0.86,0.08,-0.252
375,8,0.263,0.03,0.607,0.59,0.707,0.85,0.353,0.748
376,8,0.536,0.02,0.314,0.18,0.414,0.84,0.626,1.0
377,,0.526,0.01,0.304,0.17,0.404,0.83,0.616,0.99
378,,0.516,0.0,0.294,0.16,0.394,0.82,0.606,0.98
379,,0.506,-0.01,0.284,0.15,0.384,0.81,0.596,0.97
380,2,0.779,0.99,0.557,0.14,0.091,0.4,0.303,0.96
381,2,1.0,1.0,0.83,0.13,-0.202,-0.01,0.01,0.95
382,5,0.59,0.707,0.82,0.403,0.798,0.263,0.0,0.657
383,5,0.18,0.414,0.81,0.676,1.0,0.536,-0.01,0.364
384,7,0.17,0.121,0.4,0.383,0.99,0.809,0.99,0.637
385,7,0.16,-0.172,-0.01,0.09,0.98,1.0,1.0,0.91
386,2,0.433,0.828,0.263,0.08,0.687,0.59,0.707,0.9
387,2,0.706,1.0,0.536,0.07,0.394,0.18,0.414,0.89
388,,0.696,0.99,0.526,0.06,0.384,0.17,0.404,0.88
389,,0.686,0.98,0.516,0.05,0.374,0.16,0.394,0.87
390,,0.676,0.97,0.506,0.04,0.364,0.15,0.384,0.86
391,,0.666,0.96,0.496,0.03,0.354,0.14,0.374,0.85
392,,0.656,0.95,0.486,0.02,0.344,0.13,0.364,0.84
393,,0.646,0.94,0.476,0.01,0.334,0.12,0.354,0.83
394,,0.636,0.93,0.466,0.0,0.324,0.11,0.344,0.82
395,,0.626,0.92,0.456,-0.01,0.314,0.1,0.334,0.81
396,4,0.333,0.91,0.729,0.99,0.587,0.09,0.041,0.4
397,4,0.04,0.9,1.0,1.0,0.86,0.08,-0.252,-0.01
398,7,0.03,0.607,0.59,0.707,0.85,0.353,0.748,0.263
399,7,0.02,0.314,0.18,0.414,0.84,0.626,1.0,0.536
400,,0.01,0.304,0.17,0.404,0.83,0.616,0.99,0.526
401,,0.0,0.294,0.16,0.394,0.82,0.606,0.98,0.516
402,,-0.01,0.284,0.15,0.384,0.81,0.596,0.97,0.506
403,1,0.99,0.557,0.14,0.091,0.4,0.303,0.96,0.779
404,1,1.0,0.83,0.13,-0.202,-0.01,0.01,0.95,1.0
405,4,0.707,0.82,0.403,0.798,0.263,0.0,0.657,0.59
406,4,0.414,0.81,0.676,1.0,0.536,-0.01,0.364,0.18
407,6,0.121,0.4,0.383,0.99,0.809,0.99,0.637,0.17
408,6,-0.172,-0.01,0.09,0.98,1.0,1.0,0.91,0.16
409,1,0.828,0.263,0.08,0.687,0.59,0.707,0.9,0.433
410,1,1.0,0.536,0.07,0.394,0.18,0.414,0.89,0.706
411,,0.99,0.526,0.06,0.384,0.17,0.404,0.88,0.696
412,,0.98,0.516,0.05,0.374,0.16,0.394,0.87,0.686
413,,0.97,0.506,0.04,0.364,0.15,0.384,0.86,0.676
414,,0.96,0.496,0.03,0.354,0.14,0.374,0.85,0.666
415,,0.95,0.486,0.02,0.344,0.13,0.364,0.84,0.656
416,,0.94,0.476,0.01,0.334,0.12,0.354,0.83,0.646
417,,0.93,0.466,0.0,0.324,0.11,0.344,0.82,0.636
418,,0.92,0.456,-0.01,0.314,0.1,0.334,0.81,0.626
419,3,0.91,0.729,0.99,0.587,0.09,0.041,0.4,0.333
420,3,0.9,1.0,1.0,0.86,0.08,-0.252,-0.01,0.04
421,6,0.607,0.59,0.707,0.85,0.353,0.748,0.263,0.03
422,6,0.314,0.18,0.414,0.84,0.626,1.0,0.536,0.02
423,,0.304,0.17,0.404,0.83,0.616,0.99,0.526,0.01
424,,0.294,0.16,0.394,0.82,0.606,0.98,0.516,0.0
425,,0.284,0.15,0.384,0.81,0.596,0.97,0.506,-0.01
426,8,0.557,0.14,0.091,0.4,0.303,0.96,0.779,0.99
427,8,0.83,0.13,-0.202,-0.01,0.01,0.95,1.0,1.0
428,3,0.82,0.403,0.798,0.263,0.0,0.657,0.59,0.707
429,3,0.81,0.676,1.0,0.536,-0.01,0.364,0.18,0.414
430,5,0.4,0.383,0.99,0.809,0.99,0.637,0.17,0.121
431,5,-0.01,0.09,0.98,1.0,1.0,0.91,0.16,-0.172
432,8,0.263,0.08,0.687,0.59,0.707,0.9,0.433,0.828
433,8,0.536,0.07,0.394,0.18,0.414,0.89,0.706,1.0
434,,0.526,0.06,0.384,0.17,0.404,0.88,0.696,0.99
435,,0.516,0.05,0.374,0.16,0.394,0.87,0.686,0.98
436,,0.506,0.04,0.364,0.15,0.384,0.86,0.676,0.97
437,,0.496,0.03,0.354,0.14,0.374,0.85,0.666,0.96
438,,0.486,0.02,0.344,0.13,0.364,0.84,0.656,0.95
439,,0.476,0.01,0.334,0.12,0.354,0.83,0.646,0.94
440,,0.466,0.0,0.324,0.11,0.344,0.82,0.636,0.93
441,,0.456,-0.01,0.314,0.1,0.334,0.81,0.626,0.92
442,2,0.729,0.99,0.587,0.09,0.041,0.4,0.333,0.91
443,2,1.0,1.0,0.86,0.08,-0.252,-0.01,0.04,0.9
444,5,0.59,0.707,0.85,0.353,0.748,0.263,0.03,0.607
445,5,0.18,0.414,0.84,0.626,1.0,0.536,0.02,0.314
446,,0.17,0.404,0.83,0.616,0.99,0.526,0.01,0.304
447,,0.16,0.394,0.82,0.606,0.98,0.516,0.0,0.294
448,,0.15,0.384,0.81,0.596,0.97,0.506,-0.01,0.284
449,7,0.14,0.091,0.4,0.303,0.96,0.779,0.99,0.557
450,7,0.13,-0.202,-0.01,0.01,0.95,1.0,1.0,0.83
451,2,0.403,0.798,0.263,0.0,0.657,0.59,0.707,0.82
452,2,0.676,1.0,0.536,-0.01,0.364,0.18,0.414,0.81
453,4,0.383,0.99,0.809,0.99,0.637,0.17,0.121,0.4
454,4,0.09,0.98,1.0,1.0,0.91,0.16,-0.172,-0.01
455,7,0.08,0.687,0.59,0.707,0.9,0.433,0.828,0.263
456,7,0.07,0.394,0.18,0.414,0.89,0.706,1.0,0.536
457,,0.06,0.384,0.17,0.404,0.88,0.696,0.99,0.526
458,,0.05,0.374,0.16,0.394,0.87,0.686,0.98,0.516
459,,0.04,0.364,0.15,0.384,0.86,0.676,0.97,0.506
460,,0.03,0.354,0.14,0.374,0.85,0.666,0.96,0.496
461,,0.02,0.344,0.13,0.364,0.84,0.656,0.95,0.486
462,,0.01,0.334,0.12,0.354,0.83,0.646,0.94,0.476
463,,0.0,0.324,0.11,0.344,0.82,0.636,0.93,0.466
464,,-0.01,0.314,0.1,0.334,0.81,0.626,0.92,0.456
465,1,0.99,0.587,0.09,0.041,0.4,0.333,0.91,0.729
466,1,1.0,0.86,0.08,-0.252,-0.01,0.04,0.9,1.0
467,4,0.707,0.85,0.353,0.748,0.263,0.03,0.607,0.59
468,4,0.414,0.84,0.626,1.0,0.536,0.02,0.314,0.18
469,,0.404,0.83,0.616,0.99,0.526,0.01,0.304,0.17
470,,0.394,0.82,0.606,0.98,0.516,0.0,0.294,0.16
471,,0.384,0.81,0.596,0.97,0.506,-0.01,0.284,0.15
472,6,0.091,0.4,0.303,0.96,0.779,0.99,0.557,0.14
473,6,-0.202,-0.01,0.01,0.95,1.0,1.0,0.83,0.13
474,1,0.798,0.263,0.0,0.657,0.59,0.707,0.82,0.403
475,1,1.0,0.536,-0.01,0.364,0.18,0.414,0.81,0.676
476,3,0.99,0.809,0.99,0.637,0.17,0.121,0.4,0.383
477,3,0.98,1.0,1.0,0.91,0.16,-0.172,-0.01,0.09
478,6,0.687,0.59,0.707,0.9,0.433,0.828,0.263,0.08
479,6,0.394,0.18,0.414,0.89,0.706,1.0,0.536,0.07
480,,0.384,0.17,0.404,0.88,0.696,0.99,0.526,0.06
481,,0.374,0.16,0.394,0.87,0.686,0.98,0.516,0.05
482,,0.364,0.15,0.384,0.86,0.676,0.97,0.506,0.04
483,,0.354,0.14,0.374,0.85,0.666,0.96,0.496,0.03
484,,0.344,0.13,0.364,0.84,0.656,0.95,0.486,0.02
485,,0.334,0.12,0.354,0.83,0.646,0.94,0.476,0.01
486,,0.324,0.11,0.344,0.82,0.636,0.93,0.466,0.0
487,,0.314,0.1,0.334,0.81,0.626,0.92,0.456,-0.01
488,8,0.587,0.09,0.041,0.4,0.333,0.91,0.729,0.99
489,8,0.86,0.08,-0.252,-0.01,0.04,0.9,1.0,1.0
490,3,0.85,0.353,0.748,0.263,0.03,0.607,0.59,0.707
491,3,0.84,0.626,1.0,0.536,0.02,0.314,0.18,0.414
492,,0.83,0.616,0.99,0.526,0.01,0.304,0.17,0.404
493,,0.82,0.606,0.98,0.516,0.0,0.294,0.16,0.394
494,,0.81,0.596,0.97,0.506,-0.01,0.284,0.15,0.384
495,5,0.4,0.303,0.96,0.779,0.99,0.557,0.14,0.091
496,5,-0.01,0.01,0.95,1.0,1.0,0.83,0.13,-0.202
497,8,0.263,0.0,0.657,0.59,0.707,0.82,0.403,0.798
498,8,0.536,-0.01,0.364,0.18,0.414,0.81,0.676,1.0
499,2,0.809,0.99,0.637,0.17,0.121,0.4,0.383,0.99
500,2,1.0,1.0,0.91,0.16,-0.172,-0.01,0.09,0.98
501,5,0.59,0.707,0.9,0.433,0.828,0.263,0.08,0.687
502,5,0.18,0.414,0.89,0.706,1.0,0.536,0.07,0.394
503,,0.17,0.404,0.88,0.696,0.99,0.526,0.06,0.384
504,,0.16,0.394,0.87,0.686,0.98,0.516,0.05,0.374
505,,0.15,0.384,0.86,0.676,0.97,0.506,0.04,0.364
506,,0.14,0.374,0.85,0.666,0.96,0.496,0.03,0.354
507,,0.13,0.364,0.84,0.656,0.95,0.486,0.02,0.344
508,,0.12,0.354,0.83,0.646,0.94,0.476,0.01,0.334
509,,0.11,0.344,0.82,0.636,0.93,0.466,0.0,0.324
510,,0.1,0.334,0.81,0.626,0.92,0.456,-0.01,0.314
511,7,0.09,0.041,0.4,0.333,0.91,0.729,0.99,0.587
512,7,0.08,-0.252,-0.01,0.04,0.9,1.0,1.0,0.86
513,2,0.353,0.748,0.263,0.03,0.607,0.59,0.707,0.85
514,2,0.626,1.0,0.536,0.02,0.314,0.18,0.414,0.84
515,,0.616,0.99,0.526,0.01,0.304,0.17,0.404,0.83
516,,0.606,0.98,0.516,0.0,0.294,0.16,0.394,0.82
517,,0.596,0.97,0.506,-0.01,0.284,0.15,0.384,0.81
518,4,0.303,0.96,0.779,0.99,0.557,0.14,0.091,0.4
519,4,0.01,0.95,1.0,1.0,0.83,0.13,-0.202,-0.01
520,7,0.0,0.657,0.59,0.707,0.82,0.403,0.798,0.263
521,7,-0.01,0.364,0.18,0.414,0.81,0.676,1.0,0.536
522,1,0.99,0.637,0.17,0.121,0.4,0.383,0.99,0.809
523,1,1.0,0.91,0.16,-0.172,-0.01,0.09,0.98,1.0
524,4,0.707,0.9,0.433,0.828,0.263,0.08,0.687,0.59
525,4,0.414,0.89,0.706,1.0,0.536,0.07,0.394,0.18
526,,0.404,0.88,0.696,0.99,0.526,0.06,0.384,0.17
527,,0.394,0.87,0.686,0.98,0.516,0.05,0.374,0.16
528,,0.384,0.86,0.676,0.97,0.506,0.04,0.364,0.15
529,,0.374,0.85,0.666,0.96,0.496,0.03,0.354,0.14
530,,0.364,0.84,0.656,0.95,0.486,0.02,0.344,0.13
531,,0.354,0.83,0.646,0.94,0.476,0.01,0.334,0.12
532,,0.344,0.82,0.636,0.93,0.466,0.0,0.324,0.11
533,,0.334,0.81,0.626,0.92,0.456,-0.01,0.314,0.1
534,6,0.041,0.4,0.333,0.91,0.729,0.99,0.587,0.09
535,6,-0.252,-0.01,0.04,0.9,1.0,1.0,0.86,0.08
536,1,0.748,0.263,0.03,0.607,0.59,0.707,0.85,0.353
537,1,1.0,0.536,0.02,0.314,0.18,0.414,0.84,0.626
538,,0.99,0.526,0.01,0.304,0.17,0.404,0.83,0.616
539,,0.98,0.516,0.0,0.294,0.16,0.394,0.82,0.606
540,,0.97,0.506,-0.01,0.284,0.15,0.384,0.81,0.596
541,3,0.96,0.779,0.99,0.557,0.14,0.091,0.4,0.303
542,3,0.95,1.0,1.0,0.83,0.13,-0.202,-0.01,0.01
543,6,0.657,0.59,0.707,0.82,0.403,0.798,0.263,0.0
544,6,0.364,0.18,0.414,0.81,0.676,1.0,0.536,-0.01
545,8,0.637,0.17,0.121,0.4,0.383,0.99,0.809,0.99
546,8,0.91,0.16,-0.172,-0.01,0.09,0.98,1.0,1.0
547,3,0.9,0.433,0.828,0.263,0.08,0.687,0.59,0.707
548,3,0.89,0.706,1.0,0.536,0.07,0.394,0.18,0.414
549,,0.88,0.696,0.99,0.526,0.06,0.384,0.17,0.404
550,,0.87,0.686,0.98,0.516,0.05,0.374,0.16,0.394
551,,0.86,0.676,0.97,0.506,0.04,0.364,0.15,0.384
552,,0.85,0.666,0.96,0.496,0.03,0.354,0.14,0.374
553,,0.84,0.656,0.95,0.486,0.02,0.344,0.13,0.364
554,,0.83,0.646,0.94,0.476,0.01,0.334,0.12,0.354
555,,0.82,0.636,0.93,0.466,0.0,0.324,0.11,0.344
556,,0.81,0.626,0.92,0.456,-0.01,0.314,0.1,0.334
557,5,0.4,0.333,0.91,0.729,0.99,0.587,0.09,0.041
558,5,-0.01,0.04,0.9,1.0,1.0,0.86,0.08,-0.252
559,8,0.263,0.03,0.607,0.59,0.707,0.85,0.353,0.748
560,8,0.536,0.02,0.314,0.18,0.414,0.84,0.626,1.0
561,,0.526,0.01,0.304,0.17,0.404,0.83,0.616,0.99
562,,0.516,0.0,0.294,0.16,0.394,0.82,0.606,0.98
563,,0.506,-0.01,0.284,0.15,0.384,0.81,0.596,0.97
564,2,0.779,0.99,0.557,0.14,0.091,0.4,0.303,0.96
565,2,1.0,1.0,0.83,0.13,-0.202,-0.01,0.01,0.95
566,5,0.59,0.707,0.82,0.403,0.798,0.263,0.0,0.657
567,5,0.18,0.414,0.81,0.676,1.0,0.536,-0.01,0.364
568,7,0.17,0.121,0.4,0.383,0.99,0.809,0.99,0.637
569,7,0.16,-0.172,-0.01,0.09,0.98,1.0,1.0,0.91
570,2,0.433,0.828,0.263,0.08,0.687,0.59,0.707,0.9
571,2,0.706,1.0,0.536,0.07,0.394,0.18,0.414,0.89
572,,0.696,0.99,0.526,0.06,0.384,0.17,0.404,0.88
573,,0.686,0.98,0.516,0.05,0.374,0.16,0.394,0.87
574,,0.676,0.97,0.506,0.04,0.364,0.15,0.384,0.86
575,,0.666,0.96,0.496,0.03,0.354,0.14,0.374,0.85
576,,0.656,0.95,0.486,0.02,0.344,0.13,0.364,0.84
577,,0.646,0.94,0.476,0.01,0.334,0.12,0.354,0.83
578,,0.636,0.93,0.466,0.0,0.324,0.11,0.344,0.82
579,,0.626,0.92,0.456,-0.01,0.314,0.1,0.334,0.81
580,4,0.333,0.91,0.729,0.99,0.587,0.09,0.041,0.4
581,4,0.04,0.9,1.0,1.0,0.86,0.08,-0.252,-0.01
582,7,0.03,0.607,0.59,0.707,0.85,0.353,0.748,0.263
583,7,0.02,0.314,0.18,0.414,0.84,0.626,1.0,0.536
584,,0.01,0.304,0.17,0.404,0.83,0.616,0.99,0.526
585,,0.0,0.294,0.16,0.394,0.82,0.606,0.98,0.516
586,,-0.01,0.284,0.15,0.384,0.81,0.596,0.97,0.506
587,1,0.99,0.557,0.14,0.091,0.4,0.303,0.96,0.779
588,1,1.0,0.83,0.13,-0.202,-0.01,0.01,0.95,1.0
589,4,0.707,0.82,0.403,0.798,0.263,0.0,0.657,0.59
590,4,0.414,0.81,0.676,1.0,0.536,-0.01,0.364,0.18
591,6,0.121,0.4,0.383,0.99,0.809,0.99,0.637,0.17
592,6,-0.172,-0.01,0.09,0.98,1.0,1.0,0.91,0.16
593,1,0.828,0.263,0.08,0.687,0.59,0.707,0.9,0.433
594,1,1.0,0.536,0.07,0.394,0.18,0.414,0.89,0.706
595,,0.99,0.526,0.06,0.384,0.17,0.404,0.88,0.696
596,,0.98,0.516,0.05,0.374,0.16,0.394,0.87,0.686
597,,0.97,0.506,0.04,0.364,0.15,0.384,0.86,0.676
598,,0.96,0.496,0.03,0.354,0.14,0.374,0.85,0.666
599,,0.95,0.486,0.02,0.344,0.13,0.364,0.84,0.656
600,,0.94,0.476,0.01,0.334,0.12,0.354,0.83,0.646
601,,0.93,0.466,0.0,0.324,0.11,0.344,0.82,0.636
602,,0.92,0.456,-0.01,0.314,0.1,0.334,0.81,0.626
603,3,0.91,0.729,0.99,0.587,0.09,0.041,0.4,0.333
604,3,0.9,1.0,1.0,0.86,0.08,-0.252,-0.01,0.04
605,6,0.607,0.59,0.707,0.85,0.353,0.748,0.263,0.03
606,6,0.314,0.18,0.414,0.84,0.626,1.0,0.536,0.02
607,,0.304,0.17,0.404,0.83,0.616,0.99,0.526,0.01
608,,0.294,0.16,0.394,0.82,0.606,0.98,0.516,0.0
609,,0.284,0.15,0.384,0.81,0.596,0.97,0.506,-0.01
610,8,0.557,0.14,0.091,0.4,0.303,0.96,0.779,0.99
611,8,0.83,0.13,-0.202,-0.01,0.01,0.95,1.0,1.0
612,3,0.82,0.403,0.798,0.263,0.0,0.657,0.59,0.707
613,3,0.81,0.676,1.0,0.536,-0.01,0.364,0.18,0.414
614,5,0.4,0.383,0.99,0.809,0.99,0.637,0.17,0.121
615,5,-0.01,0.09,0.98,1.0,1.0,0.91,0.16,-0.172
616,8,0.263,0.08,0.687,0.59,0.707,0.9,0.433,0.828
617,8,0.536,0.07,0.394,0.18,0.414,0.89,0.706,1.0
618,,0.526,0.06,0.384,0.17,0.404,0.88,0.696,0.99
619,,0.516,0.05,0.374,0.16,0.394,0.87,0.686,0.98
620,,0.506,0.04,0.364,0.15,0.384,0.86,0.676,0.97
621,,0.496,0.03,0.354,0.14,0.374,0.85,0.666,0.96
622,,0.486,0.02,0.344,0.13,0.364,0.84,0.656,0.95
623,,0.476,0.01,0.334,0.12,0.354,0.83,0.646,0.94
624,,0.466,0.0,0.324,0.11,0.344,0.82,0.636,0.93
625,,0.456,-0.01,0.314,0.1,0.334,0.81,0.626,0.92
626,2,0.729,0.99,0.587,0.09,0.041,0.4,0.333,0.91
627,2,1.0,1.0,0.86,0.08,-0.252,-0.01,0.04,0.9
628,5,0.59,0.707,0.85,0.353,0.748,0.263,0.03,0.607
629,5,0.18,0.414,0.84,0.626,1.0,0.536,0.02,0.314
630,,0.17,0.404,0.83,0.616,0.99,0.526,0.01,0.304
631,,0.16,0.394,0.82,0.606,0.98,0.516,0.0,0.294
632,,0.15,0.384,0.81,0.596,0.97,0.506,-0.01,0.284
633,7,0.14,0.091,0.4,0.303,0.96,0.779,0.99,0.557
634,7,0.13,-0.202,-0.01,0.01,0.95,1.0,1.0,0.83
635,2,0.403,0.798,0.263,0.0,0.657,0.59,0.707,0.82
636,2,0.676,1.0,0.536,-0.01,0.364,0.18,0.414,0.81
637,4,0.383,0.99,0.809,0.99,0.637,0.17,0.121,0.4
638,4,0.09,0.98,1.0,1.0,0.91,0.16,-0.172,-0.01
639,7,0.08,0.687,0.59,0.707,0.9,0.433,0.828,0.263
640,7,0.07,0.394,0.18,0.414,0.89,0.706,1.0,0.536
641,,0.06,0.384,0.17,0.404,0.88,0.696,0.99,0.526
642,,0.05,0.374,0.16,0.394,0.87,0.686,0.98,0.516
643,,0.04,0.364,0.15,0.384,0.86,0.676,0.97,0.506
644,,0.03,0.354,0.14,0.374,0.85,0.666,0.96,0.496
645,,0.02,0.344,0.13,0.364,0.84,0.656,0.95,0.486
646,,0.01,0.334,0.12,0.354,0.83,0.646,0.94,0.476
647,,0.0,0.324,0.11,0.344,0.82,0.636,0.93,0.466
648,,-0.01,0.314,0.1,0.334,0.81,0.626,0.92,0.456
649,1,0.99,0.587,0.09,0.041,0.4,0.333,0.91,0.729
650,1,1.0,0.86,0.08,-0.252,-0.01,0.04,0.9,1.0
651,4,0.707,0.85,0.353,0.748,0.263,0.03,0.607,0.59
652,4,0.414,0.84,0.626,1.0,0.536,0.02,0.314,0.18
653,,0.404,0.83,0.616,0.99,0.526,0.01,0.304,0.17
654,,0.394,0.82,0.606,0.98,0.516,0.0,0.294,0.16
655,,0.384,0.81,0.596,0.97,0.506,-0.01,0.284,0.15
656,6,0.091,0.4,0.303,0.96,0.779,0.99,0.557,0.14
657,6,-0.202,-0.01,0.01,0.95,1.0,1.0,0.83,0.13
658,1,0.798,0.263,0.0,0.657,0.59,0.707,0.82,0.403
659,1,1.0,0.536,-0.01,0.364,0.18,0.414,0.81,0.676
660,3,0.99,0.809,0.99,0.637,0.17,0.121,0.4,0.383
661,3,0.98,1.0,1.0,0.91,0.16,-0.172,-0.01,0.09
662,6,0.687,0.59,0.707,0.9,0.433,0.828,0.263,0.08
663,6,0.394,0.18,0.414,0.89,0.706,1.0,0.536,0.07
664,,0.384,0.17,0.404,0.88,0.696,0.99,0.526,0.06
665,,0.374,0.16,0.394,0.87,0.686,0.98,0.516,0.05
666,,0.364,0.15,0.384,0.86,0.676,0.97,0.506,0.04
667,,0.354,0.14,0.374,0.85,0.666,0.96,0.496,0.03
668,,0.344,0.13,0.364,0.84,0.656,0.95,0.486,0.02
669,,0.334,0.12,0.354,0.83,0.646,0.94,0.476,0.01
670,,0.324,0.11,0.344,0.82,0.636,0.93,0.466,0.0
671,,0.314,0.1,0.334,0.81,0.626,0.92,0.456,-0.01
672,8,0.587,0.09,0.041,0.4,0.333,0.91,0.729,0.99
673,8,0.86,0.08,-0.252,-0.01,0.04,0.9,1.0,1.0
674,3,0.85,0.353,0.748,0.263,0.03,0.607,0.59,0.707
675,3,0.84,0.626,1.0,0.536,0.02,0.314,0.18,0.414
676,,0.83,0.616,0.99,0.526,0.01,0.304,0.17,0.404
677,,0.82,0.606,0.98,0.516,0.0,0.294,0.16,0.394
678,,0.81,0.596,0.97,0.506,-0.01,0.284,0.15,0.384
679,5,0.4,0.303,0.96,0.779,0.99,0.557,0.14,0.091
680,5,-0.01,0.01,0.95,1.0,1.0,0.83,0.13,-0.202
681,8,0.263,0.0,0.657,0.59,0.707,0.82,0.403,0.798
682,8,0.536,-0.01,0.364,0.18,0.414,0.81,0.676,1.0
683,2,0.809,0.99,0.637,0.17,0.121,0.4,0.383,0.99
684,2,1.0,1.0,0.91,0.16,-0.172,-0.01,0.09,0.98
685,5,0.59,0.707,0.9,0.433,0.828,0.263,0.08,0.687
686,5,0.18,0.414,0.89,0.706,1.0,0.536,0.07,0.394
687,,0.17,0.404,0.88,0.696,0.99,0.526,0.06,0.384
688,,0.16,0.394,0.87,0.686,0.98,0.516,0.05,0.374
689,,0.15,0.384,0.86,0.676,0.97,0.506,0.04,0.364
690,,0.14,0.374,0.85,0.666,0.96,0.496,0.03,0.354
691,,0.13,0.364,0.84,0.656,0.95,0.486,0.02,0.344
692,,0.12,0.354,0.83,0.646,0.94,0.476,0.01,0.334
693,,0.11,0.344,0.82,0.636,0.93,0.466,0.0,0.324
694,,0.1,0.334,0.81,0.626,0.92,0.456,-0.01,0.314
695,7,0.09,0.041,0.4,0.333,0.91,0.729,0.99,0.587
696,7,0.08,-0.252,-0.01,0.04,0.9,1.0,1.0,0.86
697,2,0.353,0.748,0.263,0.03,0.607,0.59,0.707,0.85
698,2,0.626,1.0,0.536,0.02,0.314,0.18,0.414,0.84
699,,0.616,0.99,0.526,0.01,0.304,0.17,0.404,0.83
700,,0.606,0.98,0.516,0.0,0.294,0.16,0.394,0.82
701,,0.596,0.97,0.506,-0.01,0.284,0.15,0.384,0.81
702,4,0.303,0.96,0.779,0.99,0.557,0.14,0.091,0.4
703,4,0.01,0.95,1.0,1.0,0.83,0.13,-0.202,-0.01
704,7,0.0,0.657,0.59,0.707,0.82,0.403,0.798,0.263
705,7,-0.01,0.364,0.18,0.414,0.81,0.676,1.0,0.536
706,1,0.99,0.637,0.17,0.121,0.4,0.383,0.99,0.809
707,1,1.0,0.91,0.16,-0.172,-0.01,0.09,0.98,1.0
708,4,0.707,0.9,0.433,0.828,0.263,0.08,0.687,0.59
709,4,0.414,0.89,0.706,1.0,0.536,0.07,0.394,0.18
710,,0.404,0.88,0.696,0.99,0.526,0.06,0.384,0.17
711,,0.394,0.87,0.686,0.98,0.516,0.05,0.374,0.16
712,,0.384,0.86,0.676,0.97,0.506,0.04,0.364,0.15
713,,0.374,0.85,0.666,0.96,0.496,0.03,0.354,0.14
714,,0.364,0.84,0.656,0.95,0.486,0.02,0.344,0.13
715,,0.354,0.83,0.646,0.94,0.476,0.01,0.334,0.12
716,,0.344,0.82,0.636,0.93,0.466,0.0,0.324,0.11
717,,0.334,0.81,0.626,0.92,0.456,-0.01,0.314,0.1
718,6,0.041,0.4,0.333,0.91,0.729,0.99,0.587,0.09
719,6,-0.252,-0.01,0.04,0.9,1.0,1.0,0.86,0.08
720,1,0.748,0.263,0.03,0.607,0.59,0.707,0.85,0.353
721,1,1.0,0.536,0.02,0.314,0.18,0.414,0.84,0.626
722,,0.99,0.526,0.01,0.304,0.17,0.404,0.83,0.616
723,,0.98,0.516,0.0,0.294,0.16,0.394,0.82,0.606
724,,0.97,0.506,-0.01,0.284,0.15,0.384,0.81,0.596
725,3,0.96,0.779,0.99,0.557,0.14,0.091,0.4,0.303
726,3,0.95,1.0,1.0,0.83,0.13,-0.202,-0.01,0.01
727,6,0.657,0.59,0.707,0.82,0.403,0.798,0.263,0.0
728,6,0.364,0.18,0.414,0.81,0.676,1.0,0.536,-0.01
729,8,0.637,0.17,0.121,0.4,0.383,0.99,0.809,0.99
730,8,0.91,0.16,-0.172,-0.01,0.09,0.98,1.0,1.0
731,3,0.9,0.433,0.828,0.263,0.08,0.687,0.59,0.707
732,3,0.89,0.706,1.0,0.536,0.07,0.394,0.18,0.414
733,,0.88,0.696,0.99,0.526,0.06,0.384,0.17,0.404
734,,0.87,0.686,0.98,0.516,0.05,0.374,0.16,0.394
735,,0.86,0.676,0.97,0.506,0.04,0.364,0.15,0.384
736,,0.85,0.666,0.96,0.496,0.03,0.354,0.14,0.374
737,,0.84,0.656,0.95,0.486,0.02,0.344,0.13,0.364
738,,0.83,0.646,0.94,0.476,0.01,0.334,0.12,0.354
739,,0.82,0.636,0.93,0.466,0.0,0.324,0.11,0.344
740,,0.81,0.626,0.92,0.456,-0.01,0.314,0.1,0.334
741,5,0.4,0.333,0.91,0.729,0.99,0.587,0.09,0.041
742,5,-0.01,0.04,0.9,1.0,1.0,0.86,0.08,-0.252
743,8,0.263,0.03,0.607,0.59,0.707,0.85,0.353,0.748
744,8,0.536,0.02,0.314,0.18,0.414,0.84,0.626,1.0
745,,0.526,0.01,0.304,0.17,0.404,0.83,0.616,0.99
746,,0.516,0.0,0.294,0.16,0.394,0.82,0.606,0.98
747,,0.506,-0.01,0.284,0.15,0.384,0.81,0.596,0.97
748,2,0.779,0.99,0.557,0.14,0.091,0.4,0.303,0.96
749,2,1.0,1.0,0.83,0.13,-0.202,-0.01,0.01,0.95
750,5,0.59,0.707,0.82,0.403,0.798,0.263,0.0,0.657
751,5,0.18,0.414,0.81,0.676,1.0,0.536,-0.01,0.364
752,7,0.17,0.121,0.4,0.383,0.99,0.809,0.99,0.637
753,7,0.16,-0.172,-0.01,0.09,0.98,1.0,1.0,0.91
754,2,0.433,0.828,0.263,0.08,0.687,0.59,0.707,0.9
755,2,0.706,1.0,0.536,0.07,0.394,0.18,0.414,0.89
756,,0.696,0.99,0.526,0.06,0.384,0.17,0.404,0.88
757,,0.686,0.98,0.516,0.05,0.374,0.16,0.394,0.87
758,,0.676,0.97,0.506,0.04,0.364,0.15,0.384,0.86
759,,0.666,0.96,0.496,0.03,0.354,0.14,0.374,0.85
760,,0.656,0.95,0.486,0.02,0.344,0.13,0.364,0.84
761,,0.646,0.94,0.476,0.01,0.334,0.12,0.354,0.83
762,,0.636,0.93,0.466,0.0,0.324,0.11,0.344,0.82
763,,0.626,0.92,0.456,-0.01,0.314,0.1,0.334,0.81
764,4,0.333,0.91,0.729,0.99,0.587,0.09,0.041,0.4
765,4,0.04,0.9,1.0,1.0,0.86,0.08,-0.252,-0.01
766,7,0.03,0.607,0.59,0.707,0.85,0.353,0.748,0.263
767,7,0.02,0.314,0.18,0.414,0.84,0.626,1.0,0.536
768,,0.01,0.304,0.17,0.404,0.83,0.616,0.99,0.526
769,,0.0,0.294,0.16,0.394,0.82,0.606,0.98,0.516
770,,-0.01,0.284,0.15,0.384,0.81,0.596,0.97,0.506
771,1,0.99,0.557,0.14,0.091,0.4,0.303,0.96,0.779
772,1,1.0,0.83,0.13,-0.202,-0.01,0.01,0.95,1.0
773,4,0.707,0.82,0.403,0.798,0.263,0.0,0.657,0.59
774,4,0.414,0.81,0.676,1.0,0.536,-0.01,0.364,0.18
775,6,0.121,0.4,0.383,0.99,0.809,0.99,0.637,0.17
776,6,-0.172,-0.01,0.09,0.98,1.0,1.0,0.91,0.16
777,1,0.828,0.263,0.08,0.687,0.59,0.707,0.9,0.433
778,1,1.0,0.536,0.07,0.394,0.18,0.414,0.89,0.706
779,,0.99,0.526,0.06,0.384,0.17,0.404,0.88,0.696
780,,0.98,0.516,0.05,0.374,0.16,0.394,0.87,0.686
781,,0.97,0.506,0.04,0.364,0.15,0.384,0.86,0.676
782,,0.96,0.496,0.03,0.354,0.14,0.374,0.85,0.666
783,,0.95,0.486,0.02,0.344,0.13,0.364,0.84,0.656
784,,0.94,0.476,0.01,0.334,0.12,0.354,0.83,0.646
785,,0.93,0.466,0.0,0.324,0.11,0.344,0.82,0.636
786,,0.92,0.456,-0.01,0.314,0.1,0.334,0.81,0.626
787,3,0.91,0.729,0.99,0.587,0.09,0.041,0.4,0.333
788,3,0.9,1.0,1.0,0.86,0.08,-0.252,-0.01,0.04
789,6,0.607,0.59,0.707,0.85,0.353,0.748,0.263,0.03
790,6,0.314,0.18,0.414,0.84,0.626,1.0,0.536,0.02
791,,0.304,0.17,0.404,0.83,0.616,0.99,0.526,0.01
792,,0.294,0.16,0.394,0.82,0.606,0.98,0.516,0.0
793,,0.284,0.15,0.384,0.81,0.596,0.97,0.506,-0.01
794,8,0.557,0.14,0.091,0.4,0.303,0.96,0.779,0.99
795,8,0.83,0.13,-0.202,-0.01,0.01,0.95,1.0,1.0
796,3,0.82,0.403,0.798,0.263,0.0,0.657,0.59,0.707
797,3,0.81,0.676,1.0,0.536,-0.01,0.364,0.18,0.414
798,5,0.4,0.383,0.99,0.809,0.99,0.637,0.17,0.121
799,5,-0.01,0.09,0.98,1.0,1.0,0.91,0.16,-0.172
800,8,0.263,0.08,0.687,0.59,0.707,0.9,0.433,0.828
801,8,0.536,0.07,0.394,0.18,0.414,0.89,0.706,1.0
802,,0.526,0.06,0.384,0.17,0.404,0.88,0.696,0.99
803,,0.516,0.05,0.374,0.16,0.394,0.87,0.686,0.98
804,,0.506,0.04,0.364,0.15,0.384,0.86,0.676,0.97
805,,0.496,0.03,0.354,0.14,0.374,0.85,0.666,0.96
806,,0.486,0.02,0.344,0.13,0.364,0.84,0.656,0.95
807,,0.476,0.01,0.334,0.12,0.354,0.83,0.646,0.94
808,,0.466,0.0,0.324,0.11,0.344,0.82,0.636,0.93
