step,active_motive,motive_1,motive_2,motive_3,motive_4,motive_5,motive_6,motive_7,motive_8
0,,0.1326,0.12199,0.48651,0.19655,0.44602,0.31557,0.39741,0.25132
1,,0.1226,0.11199,0.47651,0.18655,0.43602,0.30557,0.38741,0.24132
2,,0.1126,0.10199,0.46651,0.17655,0.42602,0.29557,0.37741,0.23132
3,,0.1026,0.09199,0.45651,0.16655,0.41602,0.28557,0.36741,0.22132
4,,0.0926,0.08199,0.44651,0.15655,0.40602,0.27557,0.35741,0.21132
5,,0.0826,0.07199,0.43651,0.14655,0.39602,0.26557,0.34741,0.20132
6,,0.0726,0.06199,0.42651,0.13655,0.38602,0.25557,0.33741,0.19132
7,,0.0626,0.05199,0.41651,0.12655,0.37602,0.24557,0.32741,0.18132
8,,0.0526,0.04199,0.40651,0.11655,0.36602,0.23557,0.31741,0.17132
9,,0.0426,0.03199,0.39651,0.10655,0.35602,0.22557,0.30741,0.16132
10,,0.0326,0.02199,0.38651,0.09655,0.34602,0.21557,0.29741,0.15132
11,,0.0226,0.01199,0.37651,0.08655,0.33602,0.20557,0.28741,0.14132
12,,0.0126,0.00199,0.36651,0.07655,0.32602,0.19557,0.27741,0.13132
13,,0.0026,-0.00801,0.35651,0.06655,0.31602,0.18557,0.26741,0.12132
14,2,0.2756,0.99199,0.62951,0.05655,0.02302,-0.22443,-0.02559,0.11132
15,2,0.5486,1.0,0.90251,0.04655,-0.26998,-0.63443,-0.31859,0.10132
16,6,0.2556,0.59,0.60951,0.03655,0.00302,0.36557,-0.04559,0.09132
17,6,-0.0374,0.18,0.31651,0.02655,0.27602,1.0,0.22741,0.08132
18,1,0.9626,0.453,0.30651,-0.26645,-0.13398,0.707,0.21741,0.35432
19,1,1.0,0.726,0.29651,-0.55945,-0.54398,0.414,0.20741,0.62732
20,4,0.707,0.716,0.56951,0.44055,-0.27098,0.404,-0.08559,0.21732
21,4,0.414,0.706,0.84251,1.0,0.00202,0.394,-0.37859,-0.19268
22,7,0.404,0.413,0.43251,0.707,-0.00798,0.667,0.62141,0.08032
23,7,0.394,0.12,0.02251,0.414,-0.01798,0.94,1.0,0.35332
24,5,-0.016,-0.173,0.01251,0.687,0.98202,1.0,0.99,0.06032
25,5,-0.426,-0.466,0.00251,0.96,1.0,1.0,0.98,-0.23268
26,2,-0.153,0.534,0.27551,0.95,0.707,0.59,0.687,-0.24268
27,2,0.12,1.0,0.54851,0.94,0.414,0.18,0.394,-0.25268
28,8,0.393,0.99,0.25551,0.53,0.121,0.17,0.667,0.74732
29,8,0.666,0.98,-0.03749,0.12,-0.172,0.16,0.94,1.0
30,5,0.256,0.687,-0.04749,0.393,0.828,0.433,0.93,0.707
31,5,-0.154,0.394,-0.05749,0.666,1.0,0.706,0.92,0.414
32,1,0.846,0.667,-0.06749,0.373,0.59,0.413,0.91,0.687
33,1,1.0,0.94,-0.07749,0.08,0.18,0.12,0.9,0.96
34,3,0.99,1.0,0.92251,0.353,0.17,-0.173,0.49,0.667
35,3,0.98,1.0,1.0,0.626,0.16,-0.466,0.08,0.374
36,6,0.687,0.59,0.707,0.616,0.433,0.534,0.353,0.364
37,6,0.394,0.18,0.414,0.606,0.706,1.0,0.626,0.354
38,,0.384,0.17,0.404,0.596,0.696,0.99,0.616,0.344
39,,0.374,0.16,0.394,0.586,0.686,0.98,0.606,0.334
40,,0.364,0.15,0.384,0.576,0.676,0.97,0.596,0.324
41,,0.354,0.14,0.374,0.566,0.666,0.96,0.586,0.314
42,,0.344,0.13,0.364,0.556,0.656,0.95,0.576,0.304
43,,0.334,0.12,0.354,0.546,0.646,0.94,0.566,0.294
44,,0.324,0.11,0.344,0.536,0.636,0.93,0.556,0.284
45,,0.314,0.1,0.334,0.526,0.626,0.92,0.546,0.274
46,,0.304,0.09,0.324,0.516,0.616,0.91,0.536,0.264
47,,0.294,0.08,0.314,0.506,0.606,0.9,0.526,0.254
48,,0.284,0.07,0.304,0.496,0.596,0.89,0.516,0.244
49,,0.274,0.06,0.294,0.486,0.586,0.88,0.506,0.234
50,,0.264,0.05,0.284,0.476,0.576,0.87,0.496,0.224
51,,0.254,0.04,0.274,0.466,0.566,0.86,0.486,0.214
52,,0.244,0.03,0.264,0.456,0.556,0.85,0.476,0.204
53,,0.234,0.02,0.254,0.446,0.546,0.84,0.466,0.194
54,,0.224,0.01,0.244,0.436,0.536,0.83,0.456,0.184
55,,0.214,0.0,0.234,0.426,0.526,0.82,0.446,0.174
56,,0.204,-0.01,0.224,0.416,0.516,0.81,0.436,0.164
57,2,0.477,0.99,0.497,0.406,0.223,0.4,0.143,0.154
58,2,0.75,1.0,0.77,0.396,-0.07,-0.01,-0.15,0.144
59,7,0.74,0.707,0.36,0.103,-0.08,0.263,0.85,0.417
60,7,0.73,0.414,-0.05,-0.19,-0.09,0.536,1.0,0.69
61,4,0.437,0.404,0.223,0.81,0.183,0.526,0.707,0.28
62,4,0.144,0.394,0.496,1.0,0.456,0.516,0.414,-0.13
63,8,0.417,0.384,0.203,0.59,0.163,0.506,0.687,0.87
64,8,0.69,0.374,-0.09,0.18,-0.13,0.496,0.96,1.0
65,5,0.28,0.081,-0.1,0.453,0.87,0.769,0.95,0.707
66,5,-0.13,-0.212,-0.11,0.726,1.0,1.0,0.94,0.414
67,2,0.143,0.788,0.163,0.716,0.707,0.59,0.647,0.404
68,2,0.416,1.0,0.436,0.706,0.414,0.18,0.354,0.394
69,,0.406,0.99,0.426,0.696,0.404,0.17,0.344,0.384
70,,0.396,0.98,0.416,0.686,0.394,0.16,0.334,0.374
71,,0.386,0.97,0.406,0.676,0.384,0.15,0.324,0.364
72,,0.376,0.96,0.396,0.666,0.374,0.14,0.314,0.354
73,,0.366,0.95,0.386,0.656,0.364,0.13,0.304,0.344
74,,0.356,0.94,0.376,0.646,0.354,0.12,0.294,0.334
75,,0.346,0.93,0.366,0.636,0.344,0.11,0.284,0.324
76,,0.336,0.92,0.356,0.626,0.334,0.1,0.274,0.314
77,,0.326,0.91,0.346,0.616,0.324,0.09,0.264,0.304
78,,0.316,0.9,0.336,0.606,0.314,0.08,0.254,0.294
79,,0.306,0.89,0.326,0.596,0.304,0.07,0.244,0.284
80,,0.296,0.88,0.316,0.586,0.294,0.06,0.234,0.274
81,,0.286,0.87,0.306,0.576,0.284,0.05,0.224,0.264
82,,0.276,0.86,0.296,0.566,0.274,0.04,0.214,0.254
83,,0.266,0.85,0.286,0.556,0.264,0.03,0.204,0.244
84,,0.256,0.84,0.276,0.546,0.254,0.02,0.194,0.234
85,,0.246,0.83,0.266,0.536,0.244,0.01,0.184,0.224
86,,0.236,0.82,0.256,0.526,0.234,0.0,0.174,0.214
87,,0.226,0.81,0.246,0.516,0.224,-0.01,0.164,0.204
88,6,-0.067,0.4,-0.047,0.506,0.497,0.99,0.437,0.194
89,6,-0.36,-0.01,-0.34,0.496,0.77,1.0,0.71,0.184
90,1,0.64,0.263,-0.35,0.203,0.36,0.707,0.7,0.457
91,1,1.0,0.536,-0.36,-0.09,-0.05,0.414,0.69,0.73
92,3,0.99,0.809,0.64,0.183,-0.06,0.121,0.28,0.437
93,3,0.98,1.0,1.0,0.456,-0.07,-0.172,-0.13,0.144
94,6,0.687,0.59,0.707,0.446,0.203,0.828,0.143,0.134
95,6,0.394,0.18,0.414,0.436,0.476,1.0,0.416,0.124
96,,0.384,0.17,0.404,0.426,0.466,0.99,0.406,0.114
97,,0.374,0.16,0.394,0.416,0.456,0.98,0.396,0.104
98,,0.364,0.15,0.384,0.406,0.446,0.97,0.386,0.094
99,,0.354,0.14,0.374,0.396,0.436,0.96,0.376,0.084
100,,0.344,0.13,0.364,0.386,0.426,0.95,0.366,0.074
101,,0.334,0.12,0.354,0.376,0.416,0.94,0.356,0.064
102,,0.324,0.11,0.344,0.366,0.406,0.93,0.346,0.054
103,,0.314,0.1,0.334,0.356,0.396,0.92,0.336,0.044
104,,0.304,0.09,0.324,0.346,0.386,0.91,0.326,0.034
105,,0.294,0.08,0.314,0.336,0.376,0.9,0.316,0.024
106,,0.284,0.07,0.304,0.326,0.366,0.89,0.306,0.014
107,,0.274,0.06,0.294,0.316,0.356,0.88,0.296,0.004
108,,0.264,0.05,0.284,0.306,0.346,0.87,0.286,-0.006
109,8,0.537,0.04,-0.009,-0.104,0.053,0.86,0.559,0.994
110,8,0.81,0.03,-0.302,-0.514,-0.24,0.85,0.832,1.0
111,4,0.517,0.02,-0.029,0.486,0.033,0.84,0.539,0.59
112,4,0.224,0.01,0.244,1.0,0.306,0.83,0.246,0.18
113,,0.214,0.0,0.234,0.99,0.296,0.82,0.236,0.17
114,,0.204,-0.01,0.224,0.98,0.286,0.81,0.226,0.16
115,2,0.477,0.99,0.497,0.97,-0.007,0.4,-0.067,0.15
116,2,0.75,1.0,0.77,0.96,-0.3,-0.01,-0.36,0.14
117,7,0.74,0.707,0.36,0.667,-0.31,0.263,0.64,0.413
118,7,0.73,0.414,-0.05,0.374,-0.32,0.536,1.0,0.686
119,5,0.32,0.121,-0.06,0.647,0.68,0.809,0.99,0.393
120,5,-0.09,-0.172,-0.07,0.92,1.0,1.0,0.98,0.1
121,2,0.183,0.828,0.203,0.91,0.707,0.59,0.687,0.09
122,2,0.456,1.0,0.476,0.9,0.414,0.18,0.394,0.08
123,,0.446,0.99,0.466,0.89,0.404,0.17,0.384,0.07
124,,0.436,0.98,0.456,0.88,0.394,0.16,0.374,0.06
125,,0.426,0.97,0.446,0.87,0.384,0.15,0.364,0.05
126,,0.416,0.96,0.436,0.86,0.374,0.14,0.354,0.04
127,,0.406,0.95,0.426,0.85,0.364,0.13,0.344,0.03
128,,0.396,0.94,0.416,0.84,0.354,0.12,0.334,0.02
129,,0.386,0.93,0.406,0.83,0.344,0.11,0.324,0.01
130,,0.376,0.92,0.396,0.82,0.334,0.1,0.314,0.0
131,,0.366,0.91,0.386,0.81,0.324,0.09,0.304,-0.01
132,8,0.639,0.9,0.093,0.4,0.031,0.08,0.577,0.99
133,8,0.912,0.89,-0.2,-0.01,-0.262,0.07,0.85,1.0
134,5,0.502,0.597,-0.21,0.263,0.738,0.343,0.84,0.707
135,5,0.092,0.304,-0.22,0.536,1.0,0.616,0.83,0.414
136,3,0.082,0.577,0.78,0.809,0.99,0.323,0.42,0.121
137,3,0.072,0.85,1.0,1.0,0.98,0.03,0.01,-0.172
138,8,0.345,0.84,0.707,0.59,0.687,0.02,0.283,0.828
139,8,0.618,0.83,0.414,0.18,0.394,0.01,0.556,1.0
140,,0.608,0.82,0.404,0.17,0.384,0.0,0.546,0.99
141,,0.598,0.81,0.394,0.16,0.374,-0.01,0.536,0.98
142,6,0.305,0.4,0.101,0.15,0.647,0.99,0.809,0.97
143,6,0.012,-0.01,-0.192,0.14,0.92,1.0,1.0,0.96
144,3,0.002,0.263,0.808,0.413,0.91,0.707,0.59,0.667
145,3,-0.008,0.536,1.0,0.686,0.9,0.414,0.18,0.374
146,1,0.992,0.809,0.99,0.393,0.49,0.121,0.17,0.647
147,1,1.0,1.0,0.98,0.1,0.08,-0.172,0.16,0.92
148,6,0.707,0.59,0.687,0.09,0.353,0.828,0.433,0.91
149,6,0.414,0.18,0.394,0.08,0.626,1.0,0.706,0.9
150,,0.404,0.17,0.384,0.07,0.616,0.99,0.696,0.89
151,,0.394,0.16,0.374,0.06,0.606,0.98,0.686,0.88
152,,0.384,0.15,0.364,0.05,0.596,0.97,0.676,0.87
153,,0.374,0.14,0.354,0.04,0.586,0.96,0.666,0.86
154,,0.364,0.13,0.344,0.03,0.576,0.95,0.656,0.85
155,,0.354,0.12,0.334,0.02,0.566,0.94,0.646,0.84
156,,0.344,0.11,0.324,0.01,0.556,0.93,0.636,0.83
157,,0.334,0.1,0.314,0.0,0.546,0.92,0.626,0.82
158,,0.324,0.09,0.304,-0.01,0.536,0.91,0.616,0.81
159,4,0.031,0.08,0.577,0.99,0.809,0.9,0.323,0.4
160,4,-0.262,0.07,0.85,1.0,1.0,0.89,0.03,-0.01
161,1,0.738,0.343,0.84,0.707,0.59,0.597,0.02,0.263
162,1,1.0,0.616,0.83,0.414,0.18,0.304,0.01,0.536
163,,0.99,0.606,0.82,0.404,0.17,0.294,0.0,0.526
164,,0.98,0.596,0.81,0.394,0.16,0.284,-0.01,0.516
165,7,0.97,0.303,0.4,0.101,0.15,0.557,0.99,0.789
166,7,0.96,0.01,-0.01,-0.192,0.14,0.83,1.0,1.0
167,4,0.667,0.0,0.263,0.808,0.413,0.82,0.707,0.59
168,4,0.374,-0.01,0.536,1.0,0.686,0.81,0.414,0.18
169,2,0.647,0.99,0.809,0.99,0.393,0.4,0.121,0.17
170,2,0.92,1.0,1.0,0.98,0.1,-0.01,-0.172,0.16
171,7,0.91,0.707,0.59,0.687,0.09,0.263,0.828,0.433
172,7,0.9,0.414,0.18,0.394,0.08,0.536,1.0,0.706
173,,0.89,0.404,0.17,0.384,0.07,0.526,0.99,0.696
174,,0.88,0.394,0.16,0.374,0.06,0.516,0.98,0.686
175,,0.87,0.384,0.15,0.364,0.05,0.506,0.97,0.676
176,,0.86,0.374,0.14,0.354,0.04,0.496,0.96,0.666
177,,0.85,0.364,0.13,0.344,0.03,0.486,0.95,0.656
178,,0.84,0.354,0.12,0.334,0.02,0.476,0.94,0.646
179,,0.83,0.344,0.11,0.324,0.01,0.466,0.93,0.636
180,,0.82,0.334,0.1,0.314,0.0,0.456,0.92,0.626
181,,0.81,0.324,0.09,0.304,-0.01,0.446,0.91,0.616
182,5,0.4,0.031,0.08,0.577,0.99,0.719,0.9,0.323
183,5,-0.01,-0.262,0.07,0.85,1.0,0.992,0.89,0.03
184,2,0.263,0.738,0.343,0.84,0.707,0.582,0.597,0.02
185,2,0.536,1.0,0.616,0.83,0.414,0.172,0.304,0.01
186,,0.526,0.99,0.606,0.82,0.404,0.162,0.294,0.0
187,,0.516,0.98,0.596,0.81,0.394,0.152,0.284,-0.01
188,8,0.789,0.97,0.303,0.4,0.101,0.142,0.557,0.99
189,8,1.0,0.96,0.01,-0.01,-0.192,0.132,0.83,1.0
190,5,0.59,0.667,0.0,0.263,0.808,0.405,0.82,0.707
191,5,0.18,0.374,-0.01,0.536,1.0,0.678,0.81,0.414
192,3,0.17,0.647,0.99,0.809,0.99,0.385,0.4,0.121
193,3,0.16,0.92,1.0,1.0,0.98,0.092,-0.01,-0.172
194,8,0.433,0.91,0.707,0.59,0.687,0.082,0.263,0.828
195,8,0.706,0.9,0.414,0.18,0.394,0.072,0.536,1.0
196,,0.696,0.89,0.404,0.17,0.384,0.062,0.526,0.99
197,,0.686,0.88,0.394,0.16,0.374,0.052,0.516,0.98
198,,0.676,0.87,0.384,0.15,0.364,0.042,0.506,0.97
199,,0.666,0.86,0.374,0.14,0.354,0.032,0.496,0.96
200,,0.656,0.85,0.364,0.13,0.344,0.022,0.486,0.95
201,,0.646,0.84,0.354,0.12,0.334,0.012,0.476,0.94
202,,0.636,0.83,0.344,0.11,0.324,0.002,0.466,0.93
203,,0.626,0.82,0.334,0.1,0.314,-0.008,0.456,0.92
204,6,0.333,0.41,0.041,0.09,0.587,0.992,0.729,0.91
205,6,0.04,-0.0,-0.252,0.08,0.86,1.0,1.0,0.9
206,3,0.03,0.273,0.748,0.353,0.85,0.707,0.59,0.607
207,3,0.02,0.546,1.0,0.626,0.84,0.414,0.18,0.314
208,,0.01,0.536,0.99,0.616,0.83,0.404,0.17,0.304
209,,0.0,0.526,0.98,0.606,0.82,0.394,0.16,0.294
210,,-0.01,0.516,0.97,0.596,0.81,0.384,0.15,0.284
211,1,0.99,0.789,0.96,0.303,0.4,0.091,0.14,0.557
212,1,1.0,1.0,0.95,0.01,-0.01,-0.202,0.13,0.83
213,6,0.707,0.59,0.657,0.0,0.263,0.798,0.403,0.82
214,6,0.414,0.18,0.364,-0.01,0.536,1.0,0.676,0.81
215,4,0.121,0.17,0.637,0.99,0.809,0.99,0.383,0.4
216,4,-0.172,0.16,0.91,1.0,1.0,0.98,0.09,-0.01
217,1,0.828,0.433,0.9,0.707,0.59,0.687,0.08,0.263
218,1,1.0,0.706,0.89,0.414,0.18,0.394,0.07,0.536
219,,0.99,0.696,0.88,0.404,0.17,0.384,0.06,0.526
220,,0.98,0.686,0.87,0.394,0.16,0.374,0.05,0.516
221,,0.97,0.676,0.86,0.384,0.15,0.364,0.04,0.506
222,,0.96,0.666,0.85,0.374,0.14,0.354,0.03,0.496
223,,0.95,0.656,0.84,0.364,0.13,0.344,0.02,0.486
224,,0.94,0.646,0.83,0.354,0.12,0.334,0.01,0.476
225,,0.93,0.636,0.82,0.344,0.11,0.324,0.0,0.466
226,,0.92,0.626,0.81,0.334,0.1,0.314,-0.01,0.456
227,7,0.91,0.333,0.4,0.041,0.09,0.587,0.99,0.729
228,7,0.9,0.04,-0.01,-0.252,0.08,0.86,1.0,1.0
229,4,0.607,0.03,0.263,0.748,0.353,0.85,0.707,0.59
230,4,0.314,0.02,0.536,1.0,0.626,0.84,0.414,0.18
231,,0.304,0.01,0.526,0.99,0.616,0.83,0.404,0.17
232,,0.294,0.0,0.516,0.98,0.606,0.82,0.394,0.16
233,,0.284,-0.01,0.506,0.97,0.596,0.81,0.384,0.15
234,2,0.557,0.99,0.779,0.96,0.303,0.4,0.091,0.14
235,2,0.83,1.0,1.0,0.95,0.01,-0.01,-0.202,0.13
236,7,0.82,0.707,0.59,0.657,0.0,0.263,0.798,0.403
237,7,0.81,0.414,0.18,0.364,-0.01,0.536,1.0,0.676
238,5,0.4,0.121,0.17,0.637,0.99,0.809,0.99,0.383
239,5,-0.01,-0.172,0.16,0.91,1.0,1.0,0.98,0.09
240,2,0.263,0.828,0.433,0.9,0.707,0.59,0.687,0.08
241,2,0.536,1.0,0.706,0.89,0.414,0.18,0.394,0.07
242,,0.526,0.99,0.696,0.88,0.404,0.17,0.384,0.06
243,,0.516,0.98,0.686,0.87,0.394,0.16,0.374,0.05
244,,0.506,0.97,0.676,0.86,0.384,0.15,0.364,0.04
245,,0.496,0.96,0.666,0.85,0.374,0.14,0.354,0.03
246,,0.486,0.95,0.656,0.84,0.364,0.13,0.344,0.02
247,,0.476,0.94,0.646,0.83,0.354,0.12,0.334,0.01
248,,0.466,0.93,0.636,0.82,0.344,0.11,0.324,0.0
249,,0.456,0.92,0.626,0.81,0.334,0.1,0.314,-0.01
250,8,0.729,0.91,0.333,0.4,0.041,0.09,0.587,0.99
251,8,1.0,0.9,0.04,-0.01,-0.252,0.08,0.86,1.0
252,5,0.59,0.607,0.03,0.263,0.748,0.353,0.85,0.707
253,5,0.18,0.314,0.02,0.536,1.0,0.626,0.84,0.414
254,,0.17,0.304,0.01,0.526,0.99,0.616,0.83,0.404
255,,0.16,0.294,0.0,0.516,0.98,0.606,0.82,0.394
256,,0.15,0.284,-0.01,0.506,0.97,0.596,0.81,0.384
257,3,0.14,0.557,0.99,0.779,0.96,0.303,0.4,0.091
258,3,0.13,0.83,1.0,1.0,0.95,0.01,-0.01,-0.202
259,8,0.403,0.82,0.707,0.59,0.657,0.0,0.263,0.798
260,8,0.676,0.81,0.414,0.18,0.364,-0.01,0.536,1.0
261,6,0.383,0.4,0.121,0.17,0.637,0.99,0.809,0.99
262,6,0.09,-0.01,-0.172,0.16,0.91,1.0,1.0,0.98
263,3,0.08,0.263,0.828,0.433,0.9,0.707,0.59,0.687
264,3,0.07,0.536,1.0,0.706,0.89,0.414,0.18,0.394
265,,0.06,0.526,0.99,0.696,0.88,0.404,0.17,0.384
266,,0.05,0.516,0.98,0.686,0.87,0.394,0.16,0.374
267,,0.04,0.506,0.97,0.676,0.86,0.384,0.15,0.364
268,,0.03,0.496,0.96,0.666,0.85,0.374,0.14,0.354
269,,0.02,0.486,0.95,0.656,0.84,0.364,0.13,0.344
270,,0.01,0.476,0.94,0.646,0.83,0.354,0.12,0.334
271,,0.0,0.466,0.93,0.636,0.82,0.344,0.11,0.324
272,,-0.01,0.456,0.92,0.626,0.81,0.334,0.1,0.314
273,1,0.99,0.729,0.91,0.333,0.4,0.041,0.09,0.587
274,1,1.0,1.0,0.9,0.04,-0.01,-0.252,0.08,0.86
275,6,0.707,0.59,0.607,0.03,0.263,0.748,0.353,0.85
276,6,0.414,0.18,0.314,0.02,0.536,1.0,0.626,0.84
277,,0.404,0.17,0.304,0.01,0.526,0.99,0.616,0.83
278,,0.394,0.16,0.294,0.0,0.516,0.98,0.606,0.82
279,,0.384,0.15,0.284,-0.01,0.506,0.97,0.596,0.81
280,4,0.091,0.14,0.557,0.99,0.779,0.96,0.303,0.4
281,4,-0.202,0.13,0.83,1.0,1.0,0.95,0.01,-0.01
282,1,0.798,0.403,0.82,0.707,0.59,0.657,0.0,0.263
283,1,1.0,0.676,0.81,0.414,0.18,0.364,-0.01,0.536
284,7,0.99,0.383,0.4,0.121,0.17,0.637,0.99,0.809
285,7,0.98,0.09,-0.01,-0.172,0.16,0.91,1.0,1.0
286,4,0.687,0.08,0.263,0.828,0.433,0.9,0.707,0.59
287,4,0.394,0.07,0.536,1.0,0.706,0.89,0.414,0.18
288,,0.384,0.06,0.526,0.99,0.696,0.88,0.404,0.17
289,,0.374,0.05,0.516,0.98,0.686,0.87,0.394,0.16
290,,0.364,0.04,0.506,0.97,0.676,0.86,0.384,0.15
291,,0.354,0.03,0.496,0.96,0.666,0.85,0.374,0.14
292,,0.344,0.02,0.486,0.95,0.656,0.84,0.364,0.13
293,,0.334,0.01,0.476,0.94,0.646,0.83,0.354,0.12
294,,0.324,0.0,0.466,0.93,0.636,0.82,0.344,0.11
295,,0.314,-0.01,0.456,0.92,0.626,0.81,0.334,0.1
296,2,0.587,0.99,0.729,0.91,0.333,0.4,0.041,0.09
297,2,0.86,1.0,1.0,0.9,0.04,-0.01,-0.252,0.08
298,7,0.85,0.707,0.59,0.607,0.03,0.263,0.748,0.353
299,7,0.84,0.414,0.18,0.314,0.02,0.536,1.0,0.626
300,,0.83,0.404,0.17,0.304,0.01,0.526,0.99,0.616
301,,0.82,0.394,0.16,0.294,0.0,0.516,0.98,0.606
302,,0.81,0.384,0.15,0.284,-0.01,0.506,0.97,0.596
303,5,0.4,0.091,0.14,0.557,0.99,0.779,0.96,0.303
304,5,-0.01,-0.202,0.13,0.83,1.0,1.0,0.95,0.01
305,2,0.263,0.798,0.403,0.82,0.707,0.59,0.657,0.0
306,2,0.536,1.0,0.676,0.81,0.414,0.18,0.364,-0.01
307,8,0.809,0.99,0.383,0.4,0.121,0.17,0.637,0.99
308,8,1.0,0.98,0.09,-0.01,-0.172,0.16,0.91,1.0
309,5,0.59,0.687,0.08,0.263,0.828,0.433,0.9,0.707
310,5,0.18,0.394,0.07,0.536,1.0,0.706,0.89,0.414
311,,0.17,0.384,0.06,0.526,0.99,0.696,0.88,0.404
312,,0.16,0.374,0.05,0.516,0.98,0.686,0.87,0.394
313,,0.15,0.364,0.04,0.506,0.97,0.676,0.86,0.384
314,,0.14,0.354,0.03,0.496,0.96,0.666,0.85,0.374
315,,0.13,0.344,0.02,0.486,0.95,0.656,0.84,0.364
316,,0.12,0.334,0.01,0.476,0.94,0.646,0.83,0.354
317,,0.11,0.324,0.0,0.466,0.93,0.636,0.82,0.344
318,,0.1,0.314,-0.01,0.456,0.92,0.626,0.81,0.334
319,3,0.09,0.587,0.99,0.729,0.91,0.333,0.4,0.041
320,3,0.08,0.86,1.0,1.0,0.9,0.04,-0.01,-0.252
321,8,0.353,0.85,0.707,0.59,0.607,0.03,0.263,0.748
322,8,0.626,0.84,0.414,0.18,0.314,0.02,0.536,1.0
323,,0.616,0.83,0.404,0.17,0.304,0.01,0.526,0.99
324,,0.606,0.82,0.394,0.16,0.294,0.0,0.516,0.98
325,,0.596,0.81,0.384,0.15,0.284,-0.01,0.506,0.97
326,6,0.303,0.4,0.091,0.14,0.557,0.99,0.779,0.96
327,6,0.01,-0.01,-0.202,0.13,0.83,1.0,1.0,0.95
328,3,0.0,0.263,0.798,0.403,0.82,0.707,0.59,0.657
329,3,-0.01,0.536,1.0,0.676,0.81,0.414,0.18,0.364
330,1,0.99,0.809,0.99,0.383,0.4,0.121,0.17,0.637
331,1,1.0,1.0,0.98,0.09,-0.01,-0.172,0.16,0.91
332,6,0.707,0.59,0.687,0.08,0.263,0.828,0.433,0.9
333,6,0.414,0.18,0.394,0.07,0.536,1.0,0.706,0.89
334,,0.404,0.17,0.384,0.06,0.526,0.99,0.696,0.88
335,,0.394,0.16,0.374,0.05,0.516,0.98,0.686,0.87
336,,0.384,0.15,0.364,0.04,0.506,0.97,0.676,0.86
337,,0.374,0.14,0.354,0.03,0.496,0.96,0.666,0.85
338,,0.364,0.13,0.344,0.02,0.486,0.95,0.656,0.84
339,,0.354,0.12,0.334,0.01,0.476,0.94,0.646,0.83
340,,0.344,0.11,0.324,0.0,0.466,0.93,0.636,0.82
341,,0.334,0.1,0.314,-0.01,0.456,0.92,0.626,0.81
342,4,0.041,0.09,0.587,0.99,0.729,0.91,0.333,0.4
343,4,-0.252,0.08,0.86,1.0,1.0,0.9,0.04,-0.01
344,1,0.748,0.353,0.85,0.707,0.59,0.607,0.03,0.263
345,1,1.0,0.626,0.84,0.414,0.18,0.314,0.02,0.536
346,,0.99,0.616,0.83,0.404,0.17,0.304,0.01,0.526
347,,0.98,0.606,0.82,0.394,0.16,0.294,0.0,0.516
348,,0.97,0.596,0.81,0.384,0.15,0.284,-0.01,0.506
349,7,0.96,0.303,0.4,0.091,0.14,0.557,0.99,0.779
350,7,0.95,0.01,-0.01,-0.202,0.13,0.83,1.0,1.0
351,4,0.657,0.0,0.263,0.798,0.403,0.82,0.707,0.59
352,4,0.364,-0.01,0.536,1.0,0.676,0.81,0.414,0.18
353,2,0.637,0.99,0.809,0.99,0.383,0.4,0.121,0.17
354,2,0.91,1.0,1.0,0.98,0.09,-0.01,-0.172,0.16
355,7,0.9,0.707,0.59,0.687,0.08,0.263,0.828,0.433
356,7,0.89,0.414,0.18,0.394,0.07,0.536,1.0,0.706
357,,0.88,0.404,0.17,0.384,0.06,0.526,0.99,0.696
358,,0.87,0.394,0.16,0.374,0.05,0.516,0.98,0.686
359,,0.86,0.384,0.15,0.364,0.04,0.506,0.97,0.676
360,,0.85,0.374,0.14,0.354,0.03,0.496,0.96,0.666
361,,0.84,0.364,0.13,0.344,0.02,0.486,0.95,0.656
362,,0.83,0.354,0.12,0.334,0.01,0.476,0.94,0.646
363,,0.82,0.344,0.11,0.324,0.0,0.466,0.93,0.636
364,,0.81,0.334,0.1,0.314,-0.01,0.456,0.92,0.626
365,5,0.4,0.041,0.09,0.587,0.99,0.729,0.91,0.333
366,5,-0.01,-0.252,0.08,0.86,1.0,1.0,0.9,0.04
367,2,0.263,0.748,0.353,0.85,0.707,0.59,0.607,0.03
368,2,0.536,1.0,0.626,0.84,0.414,0.18,0.314,0.02
369,,0.526,0.99,0.616,0.83,0.404,0.17,0.304,0.01
370,,0.516,0.98,0.606,0.82,0.394,0.16,0.294,0.0
371,,0.506,0.97,0.596,0.81,0.384,0.15,0.284,-0.01
372,8,0.779,0.96,0.303,0.4,0.091,0.14,0.557,0.99
373,8,1.0,0.95,0.01,-0.01,-0.202,0.13,0.83,1.0
374,5,0.59,0.657,0.0,0.263,0.798,0.403,0.82,0.707
375,5,0.18,0.364,-0.01,0.536,1.0,0.676,0.81,0.414
376,3,0.17,0.637,0.99,0.809,0.99,0.383,0.4,0.121
377,3,0.16,0.91,1.0,1.0,0.98,0.09,-0.01,-0.172
378,8,0.433,0.9,0.707,0.59,0.687,0.08,0.263,0.828
379,8,0.706,0.89,0.414,0.18,0.394,0.07,0.536,1.0
380,,0.696,0.88,0.404,0.17,0.384,0.06,0.526,0.99
381,,0.686,0.87,0.394,0.16,0.374,0.05,0.516,0.98
382,,0.676,0.86,0.384,0.15,0.364,0.04,0.506,0.97
383,,0.666,0.85,0.374,0.14,0.354,0.03,0.496,0.96
384,,0.656,0.84,0.364,0.13,0.344,0.02,0.486,0.95
385,,0.646,0.83,0.354,0.12,0.334,0.01,0.476,0.94
386,,0.636,0.82,0.344,0.11,0.324,0.0,0.466,0.93
387,,0.626,0.81,0.334,0.1,0.314,-0.01,0.456,0.92
388,6,0.333,0.4,0.041,0.09,0.587,0.99,0.729,0.91
389,6,0.04,-0.01,-0.252,0.08,0.86,1.0,1.0,0.9
390,3,0.03,0.263,0.748,0.353,0.85,0.707,0.59,0.607
391,3,0.02,0.536,1.0,0.626,0.84,0.414,0.18,0.314
392,,0.01,0.526,0.99,0.616,0.83,0.404,0.17,0.304
393,,0.0,0.516,0.98,0.606,0.82,0.394,0.16,0.294
394,,-0.01,0.506,0.97,0.596,0.81,0.384,0.15,0.284
395,1,0.99,0.779,0.96,0.303,0.4,0.091,0.14,0.557
396,1,1.0,1.0,0.95,0.01,-0.01,-0.202,0.13,0.83
397,6,0.707,0.59,0.657,0.0,0.263,0.798,0.403,0.82
398,6,0.414,0.18,0.364,-0.01,0.536,1.0,0.676,0.81
399,4,0.121,0.17,0.637,0.99,0.809,0.99,0.383,0.4
400,4,-0.172,0.16,0.91,1.0,1.0,0.98,0.09,-0.01
401,1,0.828,0.433,0.9,0.707,0.59,0.687,0.08,0.263
402,1,1.0,0.706,0.89,0.414,0.18,0.394,0.07,0.536
403,,0.99,0.696,0.88,0.404,0.17,0.384,0.06,0.526
404,,0.98,0.686,0.87,0.394,0.16,0.374,0.05,0.516
405,,0.97,0.676,0.86,0.384,0.15,0.364,0.04,0.506
406,,0.96,0.666,0.85,0.374,0.14,0.354,0.03,0.496
407,,0.95,0.656,0.84,0.364,0.13,0.344,0.02,0.486
408,,0.94,0.646,0.83,0.354,0.12,0.334,0.01,0.476
409,,0.93,0.636,0.82,0.344,0.11,0.324,0.0,0.466
410,,0.92,0.626,0.81,0.334,0.1,0.314,-0.01,0.456
411,7,0.91,0.333,0.4,0.041,0.09,0.587,0.99,0.729
412,7,0.9,0.04,-0.01,-0.252,0.08,0.86,1.0,1.0
413,4,0.607,0.03,0.263,0.748,0.353,0.85,0.707,0.59
414,4,0.314,0.02,0.536,1.0,0.626,0.84,0.414,0.18
415,,0.304,0.01,0.526,0.99,0.616,0.83,0.404,0.17
416,,0.294,0.0,0.516,0.98,0.606,0.82,0.394,0.16
417,,0.284,-0.01,0.506,0.97,0.596,0.81,0.384,0.15
418,2,0.557,0.99,0.779,0.96,0.303,0.4,0.091,0.14
419,2,0.83,1.0,1.0,0.95,0.01,-0.01,-0.202,0.13
420,7,0.82,0.707,0.59,0.657,0.0,0.263,0.798,0.403
421,7,0.81,0.414,0.18,0.364,-0.01,0.536,1.0,0.676
422,5,0.4,0.121,0.17,0.637,0.99,0.809,0.99,0.383
423,5,-0.01,-0.172,0.16,0.91,1.0,1.0,0.98,0.09
424,2,0.263,0.828,0.433,0.9,0.707,0.59,0.687,0.08
425,2,0.536,1.0,0.706,0.89,0.414,0.18,0.394,0.07
426,,0.526,0.99,0.696,0.88,0.404,0.17,0.384,0.06
427,,0.516,0.98,0.686,0.87,0.394,0.16,0.374,0.05
428,,0.506,0.97,0.676,0.86,0.384,0.15,0.364,0.04
429,,0.496,0.96,0.666,0.85,0.374,0.14,0.354,0.03
430,,0.486,0.95,0.656,0.84,0.364,0.13,0.344,0.02
431,,0.476,0.94,0.646,0.83,0.354,0.12,0.334,0.01
432,,0.466,0.93,0.636,0.82,0.344,0.11,0.324,0.0
433,,0.456,0.92,0.626,0.81,0.334,0.1,0.314,-0.01
434,8,0.729,0.91,0.333,0.4,0.041,0.09,0.587,0.99
435,8,1.0,0.9,0.04,-0.01,-0.252,0.08,0.86,1.0
436,5,0.59,0.607,0.03,0.263,0.748,0.353,0.85,0.707
437,5,0.18,0.314,0.02,0.536,1.0,0.626,0.84,0.414
438,,0.17,0.304,0.01,0.526,0.99,0.616,0.83,0.404
439,,0.16,0.294,0.0,0.516,0.98,0.606,0.82,0.394
440,,0.15,0.284,-0.01,0.506,0.97,0.596,0.81,0.384
441,3,0.14,0.557,0.99,0.779,0.96,0.303,0.4,0.091
442,3,0.13,0.83,1.0,1.0,0.95,0.01,-0.01,-0.202
443,8,0.403,0.82,0.707,0.59,0.657,0.0,0.263,0.798
444,8,0.676,0.81,0.414,0.18,0.364,-0.01,0.536,1.0
445,6,0.383,0.4,0.121,0.17,0.637,0.99,0.809,0.99
446,6,0.09,-0.01,-0.172,0.16,0.91,1.0,1.0,0.98
447,3,0.08,0.263,0.828,0.433,0.9,0.707,0.59,0.687
448,3,0.07,0.536,1.0,0.706,0.89,0.414,0.18,0.394
449,,0.06,0.526,0.99,0.696,0.88,0.404,0.17,0.384
450,,0.05,0.516,0.98,0.686,0.87,0.394,0.16,0.374
451,,0.04,0.506,0.97,0.676,0.86,0.384,0.15,0.364
452,,0.03,0.496,0.96,0.666,0.85,0.374,0.14,0.354
453,,0.02,0.486,0.95,0.656,0.84,0.364,0.13,0.344
454,,0.01,0.476,0.94,0.646,0.83,0.354,0.12,0.334
455,,0.0,0.466,0.93,0.636,0.82,0.344,0.11,0.324
456,,-0.01,0.456,0.92,0.626,0.81,0.334,0.1,0.314
457,1,0.99,0.729,0.91,0.333,0.4,0.041,0.09,0.587
458,1,1.0,1.0,0.9,0.04,-0.01,-0.252,0.08,0.86
459,6,0.707,0.59,0.607,0.03,0.263,0.748,0.353,0.85
460,6,0.414,0.18,0.314,0.02,0.536,1.0,0.626,0.84
461,,0.404,0.17,0.304,0.01,0.526,0.99,0.616,0.83
462,,0.394,0.16,0.294,0.0,0.516,0.98,0.606,0.82
463,,0.384,0.15,0.284,-0.01,0.506,0.97,0.596,0.81
464,4,0.091,0.14,0.557,0.99,0.779,0.96,0.303,0.4
465,4,-0.202,0.13,0.83,1.0,1.0,0.95,0.01,-0.01
466,1,0.798,0.403,0.82,0.707,0.59,0.657,0.0,0.263
467,1,1.0,0.676,0.81,0.414,0.18,0.364,-0.01,0.536
468,7,0.99,0.383,0.4,0.121,0.17,0.637,0.99,0.809
469,7,0.98,0.09,-0.01,-0.172,0.16,0.91,1.0,1.0
470,4,0.687,0.08,0.263,0.828,0.433,0.9,0.707,0.59
471,4,0.394,0.07,0.536,1.0,0.706,0.89,0.414,0.18
472,,0.384,0.06,0.526,0.99,0.696,0.88,0.404,0.17
473,,0.374,0.05,0.516,0.98,0.686,0.87,0.394,0.16
474,,0.364,0.04,0.506,0.97,0.676,0.86,0.384,0.15
475,,0.354,0.03,0.496,0.96,0.666,0.85,0.374,0.14
476,,0.344,0.02,0.486,0.95,0.656,0.84,0.364,0.13
477,,0.334,0.01,0.476,0.94,0.646,0.83,0.354,0.12
478,,0.324,0.0,0.466,0.93,0.636,0.82,0.344,0.11
479,,0.314,-0.01,0.456,0.92,0.626,0.81,0.334,0.1
480,2,0.587,0.99,0.729,0.91,0.333,0.4,0.041,0.09
481,2,0.86,1.0,1.0,0.9,0.04,-0.01,-0.252,0.08
482,7,0.85,0.707,0.59,0.607,0.03,0.263,0.748,0.353
483,7,0.84,0.414,0.18,0.314,0.02,0.536,1.0,0.626
484,,0.83,0.404,0.17,0.304,0.01,0.526,0.99,0.616
485,,0.82,0.394,0.16,0.294,0.0,0.516,0.98,0.606
486,,0.81,0.384,0.15,0.284,-0.01,0.506,0.97,0.596
487,5,0.4,0.091,0.14,0.557,0.99,0.779,0.96,0.303
488,5,-0.01,-0.202,0.13,0.83,1.0,1.0,0.95,0.01
489,2,0.263,0.798,0.403,0.82,0.707,0.59,0.657,0.0
490,2,0.536,1.0,0.676,0.81,0.414,0.18,0.364,-0.01
491,8,0.809,0.99,0.383,0.4,0.121,0.17,0.637,0.99
492,8,1.0,0.98,0.09,-0.01,-0.172,0.16,0.91,1.0
493,5,0.59,0.687,0.08,0.263,0.828,0.433,0.9,0.707
494,5,0.18,0.394,0.07,0.536,1.0,0.706,0.89,0.414
495,,0.17,0.384,0.06,0.526,0.99,0.696,0.88,0.404
496,,0.16,0.374,0.05,0.516,0.98,0.686,0.87,0.394
497,,0.15,0.364,0.04,0.506,0.97,0.676,0.86,0.384
498,,0.14,0.354,0.03,0.496,0.96,0.666,0.85,0.374
499,,0.13,0.344,0.02,0.486,0.95,0.656,0.84,0.364
500,,0.12,0.334,0.01,0.476,0.94,0.646,0.83,0.354
501,,0.11,0.324,0.0,0.466,0.93,0.636,0.82,0.344
502,,0.1,0.314,-0.01,0.456,0.92,0.626,0.81,0.334
503,3,0.09,0.587,0.99,0.729,0.91,0.333,0.4,0.041
504,3,0.08,0.86,1.0,1.0,0.9,0.04,-0.01,-0.252
505,8,0.353,0.85,0.707,0.59,0.607,0.03,0.263,0.748
506,8,0.626,0.84,0.414,0.18,0.314,0.02,0.536,1.0
507,,0.616,0.83,0.404,0.17,0.304,0.01,0.526,0.99
508,,0.606,0.82,0.394,0.16,0.294,0.0,0.516,0.98
509,,0.596,0.81,0.384,0.15,0.284,-0.01,0.506,0.97
510,6,0.303,0.4,0.091,0.14,0.557,0.99,0.779,0.96
511,6,0.01,-0.01,-0.202,0.13,0.83,1.0,1.0,0.95
512,3,0.0,0.263,0.798,0.403,0.82,0.707,0.59,0.657
513,3,-0.01,0.536,1.0,0.676,0.81,0.414,0.18,0.364
514,1,0.99,0.809,0.99,0.383,0.4,0.121,0.17,0.637
515,1,1.0,1.0,0.98,0.09,-0.01,-0.172,0.16,0.91
516,6,0.707,0.59,0.687,0.08,0.263,0.828,0.433,0.9
517,6,0.414,0.18,0.394,0.07,0.536,1.0,0.706,0.89
518,,0.404,0.17,0.384,0.06,0.526,0.99,0.696,0.88
519,,0.394,0.16,0.374,0.05,0.516,0.98,0.686,0.87
520,,0.384,0.15,0.364,0.04,0.506,0.97,0.676,0.86
521,,0.374,0.14,0.354,0.03,0.496,0.96,0.666,0.85
522,,0.364,0.13,0.344,0.02,0.486,0.95,0.656,0.84
523,,0.354,0.12,0.334,0.01,0.476,0.94,0.646,0.83
524,,0.344,0.11,0.324,0.0,0.466,0.93,0.636,0.82
525,,0.334,0.1,0.314,-0.01,0.456,0.92,0.626,0.81
526,4,0.041,0.09,0.587,0.99,0.729,0.91,0.333,0.4
527,4,-0.252,0.08,0.86,1.0,1.0,0.9,0.04,-0.01
528,1,0.748,0.353,0.85,0.707,0.59,0.607,0.03,0.263
529,1,1.0,0.626,0.84,0.414,0.18,0.314,0.02,0.536
530,,0.99,0.616,0.83,0.404,0.17,0.304,0.01,0.526
531,,0.98,0.606,0.82,0.394,0.16,0.294,0.0,0.516
532,,0.97,0.596,0.81,0.384,0.15,0.284,-0.01,0.506
533,7,0.96,0.303,0.4,0.091,0.14,0.557,0.99,0.779
534,7,0.95,0.01,-0.01,-0.202,0.13,0.83,1.0,1.0
535,4,0.657,0.0,0.263,0.798,0.403,0.82,0.707,0.59
536,4,0.364,-0.01,0.536,1.0,0.676,0.81,0.414,0.18
537,2,0.637,0.99,0.809,0.99,0.383,0.4,0.121,0.17
538,2,0.91,1.0,1.0,0.98,0.09,-0.01,-0.172,0.16
539,7,0.9,0.707,0.59,0.687,0.08,0.263,0.828,0.433
540,7,0.89,0.414,0.18,0.394,0.07,0.536,1.0,0.706
541,,0.88,0.404,0.17,0.384,0.06,0.526,0.99,0.696
542,,0.87,0.394,0.16,0.374,0.05,0.516,0.98,0.686
543,,0.86,0.384,0.15,0.364,0.04,0.506,0.97,0.676
544,,0.85,0.374,0.14,0.354,0.03,0.496,0.96,0.666
545,,0.84,0.364,0.13,0.344,0.02,0.486,0.95,0.656
546,,0.83,0.354,0.12,0.334,0.01,0.476,0.94,0.646
547,,0.82,0.344,0.11,0.324,0.0,0.466,0.93,0.636
548,,0.81,0.334,0.1,0.314,-0.01,0.456,0.92,0.626
549,5,0.4,0.041,0.09,0.587,0.99,0.729,0.91,0.333
550,5,-0.01,-0.252,0.08,0.86,1.0,1.0,0.9,0.04
551,2,0.263,0.748,0.353,0.85,0.707,0.59,0.607,0.03
552,2,0.536,1.0,0.626,0.84,0.414,0.18,0.314,0.02
553,,0.526,0.99,0.616,0.83,0.404,0.17,0.304,0.01
554,,0.516,0.98,0.606,0.82,0.394,0.16,0.294,0.0
555,,0.506,0.97,0.596,0.81,0.384,0.15,0.284,-0.01
556,8,0.779,0.96,0.303,0.4,0.091,0.14,0.557,0.99
557,8,1.0,0.95,0.01,-0.01,-0.202,0.13,0.83,1.0
558,5,0.59,0.657,0.0,0.263,0.798,0.403,0.82,0.707
559,5,0.18,0.364,-0.01,0.536,1.0,0.676,0.81,0.414
560,3,0.17,0.637,0.99,0.809,0.99,0.383,0.4,0.121
561,3,0.16,0.91,1.0,1.0,0.98,0.09,-0.01,-0.172
562,8,0.433,0.9,0.707,0.59,0.687,0.08,0.263,0.828
563,8,0.706,0.89,0.414,0.18,0.394,0.07,0.536,1.0
564,,0.696,0.88,0.404,0.17,0.384,0.06,0.526,0.99
565,,0.686,0.87,0.394,0.16,0.374,0.05,0.516,0.98
566,,0.676,0.86,0.384,0.15,0.364,0.04,0.506,0.97
567,,0.666,0.85,0.374,0.14,0.354,0.03,0.496,0.96
568,,0.656,0.84,0.364,0.13,0.344,0.02,0.486,0.95
569,,0.646,0.83,0.354,0.12,0.334,0.01,0.476,0.94
570,,0.636,0.82,0.344,0.11,0.324,0.0,0.466,0.93
571,,0.626,0.81,0.334,0.1,0.314,-0.01,0.456,0.92
572,6,0.333,0.4,0.041,0.09,0.587,0.99,0.729,0.91
573,6,0.04,-0.01,-0.252,0.08,0.86,1.0,1.0,0.9
574,3,0.03,0.263,0.748,0.353,0.85,0.707,0.59,0.607
575,3,0.02,0.536,1.0,0.626,0.84,0.414,0.18,0.314
576,,0.01,0.526,0.99,0.616,0.83,0.404,0.17,0.304
577,,0.0,0.516,0.98,0.606,0.82,0.394,0.16,0.294
578,,-0.01,0.506,0.97,0.596,0.81,0.384,0.15,0.284
579,1,0.99,0.779,0.96,0.303,0.4,0.091,0.14,0.557
580,1,1.0,1.0,0.95,0.01,-0.01,-0.202,0.13,0.83
581,6,0.707,0.59,0.657,0.0,0.263,0.798,0.403,0.82
582,6,0.414,0.18,0.364,-0.01,0.536,1.0,0.676,0.81
583,4,0.121,0.17,0.637,0.99,0.809,0.99,0.383,0.4
584,4,-0.172,0.16,0.91,1.0,1.0,0.98,0.09,-0.01
585,1,0.828,0.433,0.9,0.707,0.59,0.687,0.08,0.263
586,1,1.0,0.706,0.89,0.414,0.18,0.394,0.07,0.536
587,,0.99,0.696,0.88,0.404,0.17,0.384,0.06,0.526
588,,0.98,0.686,0.87,0.394,0.16,0.374,0.05,0.516
589,,0.97,0.676,0.86,0.384,0.15,0.364,0.04,0.506
590,,0.96,0.666,0.85,0.374,0.14,0.354,0.03,0.496
591,,0.95,0.656,0.84,0.364,0.13,0.344,0.02,0.486
592,,0.94,0.646,0.83,0.354,0.12,0.334,0.01,0.476
593,,0.93,0.636,0.82,0.344,0.11,0.324,0.0,0.466
594,,0.92,0.626,0.81,0.334,0.1,0.314,-0.01,0.456
595,7,0.91,0.333,0.4,0.041,0.09,0.587,0.99,0.729
596,7,0.9,0.04,-0.01,-0.252,0.08,0.86,1.0,1.0
597,4,0.607,0.03,0.263,0.748,0.353,0.85,0.707,0.59
598,4,0.314,0.02,0.536,1.0,0.626,0.84,0.414,0.18
599,,0.304,0.01,0.526,0.99,0.616,0.83,0.404,0.17
600,,0.294,0.0,0.516,0.98,0.606,0.82,0.394,0.16
601,,0.284,-0.01,0.506,0.97,0.596,0.81,0.384,0.15
602,2,0.557,0.99,0.779,0.96,0.303,0.4,0.091,0.14
603,2,0.83,1.0,1.0,0.95,0.01,-0.01,-0.202,0.13
604,7,0.82,0.707,0.59,0.657,0.0,0.263,0.798,0.403
605,7,0.81,0.414,0.18,0.364,-0.01,0.536,1.0,0.676
606,5,0.4,0.121,0.17,0.637,0.99,0.809,0.99,0.383
607,5,-0.01,-0.172,0.16,0.91,1.0,1.0,0.98,0.09
608,2,0.263,0.828,0.433,0.9,0.707,0.59,0.687,0.08
609,2,0.536,1.0,0.706,0.89,0.414,0.18,0.394,0.07
610,,0.526,0.99,0.696,0.88,0.404,0.17,0.384,0.06
611,,0.516,0.98,0.686,0.87,0.394,0.16,0.374,0.05
612,,0.506,0.97,0.676,0.86,0.384,0.15,0.364,0.04
613,,0.496,0.96,0.666,0.85,0.374,0.14,0.354,0.03
614,,0.486,0.95,0.656,0.84,0.364,0.13,0.344,0.02
615,,0.476,0.94,0.646,0.83,0.354,0.12,0.334,0.01
616,,0.466,0.93,0.636,0.82,0.344,0.11,0.324,0.0
617,,0.456,0.92,0.626,0.81,0.334,0.1,0.314,-0.01
618,8,0.729,0.91,0.333,0.4,0.041,0.09,0.587,0.99
619,8,1.0,0.9,0.04,-0.01,-0.252,0.08,0.86,1.0
620,5,0.59,0.607,0.03,0.263,0.748,0.353,0.85,0.707
621,5,0.18,0.314,0.02,0.536,1.0,0.626,0.84,0.414
622,,0.17,0.304,0.01,0.526,0.99,0.616,0.83,0.404
623,,0.16,0.294,0.0,0.516,0.98,0.606,0.82,0.394
624,,0.15,0.284,-0.01,0.506,0.97,0.596,0.81,0.384
625,3,0.14,0.557,0.99,0.779,0.96,0.303,0.4,0.091
626,3,0.13,0.83,1.0,1.0,0.95,0.01,-0.01,-0.202
627,8,0.403,0.82,0.707,0.59,0.657,0.0,0.263,0.798
628,8,0.676,0.81,0.414,0.18,0.364,-0.01,0.536,1.0
629,6,0.383,0.4,0.121,0.17,0.637,0.99,0.809,0.99
630,6,0.09,-0.01,-0.172,0.16,0.91,1.0,1.0,0.98
631,3,0.08,0.263,0.828,0.433,0.9,0.707,0.59,0.687
632,3,0.07,0.536,1.0,0.706,0.89,0.414,0.18,0.394
633,,0.06,0.526,0.99,0.696,0.88,0.404,0.17,0.384
634,,0.05,0.516,0.98,0.686,0.87,0.394,0.16,0.374
635,,0.04,0.506,0.97,0.676,0.86,0.384,0.15,0.364
636,,0.03,0.496,0.96,0.666,0.85,0.374,0.14,0.354
637,,0.02,0.486,0.95,0.656,0.84,0.364,0.13,0.344
638,,0.01,0.476,0.94,0.646,0.83,0.354,0.12,0.334
639,,0.0,0.466,0.93,0.636,0.82,0.344,0.11,0.324
640,,-0.01,0.456,0.92,0.626,0.81,0.334,0.1,0.314
641,1,0.99,0.729,0.91,0.333,0.4,0.041,0.09,0.587
642,1,1.0,1.0,0.9,0.04,-0.01,-0.252,0.08,0.86
643,6,0.707,0.59,0.607,0.03,0.263,0.748,0.353,0.85
644,6,0.414,0.18,0.314,0.02,0.536,1.0,0.626,0.84
645,,0.404,0.17,0.304,0.01,0.526,0.99,0.616,0.83
646,,0.394,0.16,0.294,0.0,0.516,0.98,0.606,0.82
647,,0.384,0.15,0.284,-0.01,0.506,0.97,0.596,0.81
648,4,0.091,0.14,0.557,0.99,0.779,0.96,0.303,0.4
649,4,-0.202,0.13,0.83,1.0,1.0,0.95,0.01,-0.01
650,1,0.798,0.403,0.82,0.707,0.59,0.657,0.0,0.263
651,1,1.0,0.676,0.81,0.414,0.18,0.364,-0.01,0.536
652,7,0.99,0.383,0.4,0.121,0.17,0.637,0.99,0.809
653,7,0.98,0.09,-0.01,-0.172,0.16,0.91,1.0,1.0
654,4,0.687,0.08,0.263,0.828,0.433,0.9,0.707,0.59
655,4,0.394,0.07,0.536,1.0,0.706,0.89,0.414,0.18
656,,0.384,0.06,0.526,0.99,0.696,0.88,0.404,0.17
657,,0.374,0.05,0.516,0.98,0.686,0.87,0.394,0.16
658,,0.364,0.04,0.506,0.97,0.676,0.86,0.384,0.15
659,,0.354,0.03,0.496,0.96,0.666,0.85,0.374,0.14
660,,0.344,0.02,0.486,0.95,0.656,0.84,0.364,0.13
661,,0.334,0.01,0.476,0.94,0.646,0.83,0.354,0.12
662,,0.324,0.0,0.466,0.93,0.636,0.82,0.344,0.11
663,,0.314,-0.01,0.456,0.92,0.626,0.81,0.334,0.1
664,2,0.587,0.99,0.729,0.91,0.333,0.4,0.041,0.09
665,2,0.86,1.0,1.0,0.9,0.04,-0.01,-0.252,0.08
666,7,0.85,0.707,0.59,0.607,0.03,0.263,0.748,0.353
667,7,0.84,0.414,0.18,0.314,0.02,0.536,1.0,0.626
668,,0.83,0.404,0.17,0.304,0.01,0.526,0.99,0.616
669,,0.82,0.394,0.16,0.294,0.0,0.516,0.98,0.606
670,,0.81,0.384,0.15,0.284,-0.01,0.506,0.97,0.596
671,5,0.4,0.091,0.14,0.557,0.99,0.779,0.96,0.303
672,5,-0.01,-0.202,0.13,0.83,1.0,1.0,0.95,0.01
673,2,0.263,0.798,0.403,0.82,0.707,0.59,0.657,0.0
674,2,0.536,1.0,0.676,0.81,0.414,0.18,0.364,-0.01
675,8,0.809,0.99,0.383,0.4,0.121,0.17,0.637,0.99
676,8,1.0,0.98,0.09,-0.01,-0.172,0.16,0.91,1.0
677,5,0.59,0.687,0.08,0.263,0.828,0.433,0.9,0.707
678,5,0.18,0.394,0.07,0.536,1.0,0.706,0.89,0.414
679,,0.17,0.384,0.06,0.526,0.99,0.696,0.88,0.404
680,,0.16,0.374,0.05,0.516,0.98,0.686,0.87,0.394
681,,0.15,0.364,0.04,0.506,0.97,0.676,0.86,0.384
682,,0.14,0.354,0.03,0.496,0.96,0.666,0.85,0.374
683,,0.13,0.344,0.02,0.486,0.95,0.656,0.84,0.364
684,,0.12,0.334,0.01,0.476,0.94,0.646,0.83,0.354
685,,0.11,0.324,0.0,0.466,0.93,0.636,0.82,0.344
686,,0.1,0.314,-0.01,0.456,0.92,0.626,0.81,0.334
687,3,0.09,0.587,0.99,0.729,0.91,0.333,0.4,0.041
688,3,0.08,0.86,1.0,1.0,0.9,0.04,-0.01,-0.252
689,8,0.353,0.85,0.707,0.59,0.607,0.03,0.263,0.748
690,8,0.626,0.84,0.414,0.18,0.314,0.02,0.536,1.0
691,,0.616,0.83,0.404,0.17,0.304,0.01,0.526,0.99
692,,0.606,0.82,0.394,0.16,0.294,0.0,0.516,0.98
693,,0.596,0.81,0.384,0.15,0.284,-0.01,0.506,0.97
694,6,0.303,0.4,0.091,0.14,0.557,0.99,0.779,0.96
695,6,0.01,-0.01,-0.202,0.13,0.83,1.0,1.0,0.95
696,3,0.0,0.263,0.798,0.403,0.82,0.707,0.59,0.657
697,3,-0.01,0.536,1.0,0.676,0.81,0.414,0.18,0.364
698,1,0.99,0.809,0.99,0.383,0.4,0.121,0.17,0.637
699,1,1.0,1.0,0.98,0.09,-0.01,-0.172,0.16,0.91
700,6,0.707,0.59,0.687,0.08,0.263,0.828,0.433,0.9
701,6,0.414,0.18,0.394,0.07,0.536,1.0,0.706,0.89
702,,0.404,0.17,0.384,0.06,0.526,0.99,0.696,0.88
703,,0.394,0.16,0.374,0.05,0.516,0.98,0.686,0.87
704,,0.384,0.15,0.364,0.04,0.506,0.97,0.676,0.86
705,,0.374,0.14,0.354,0.03,0.496,0.96,0.666,0.85
706,,0.364,0.13,0.344,0.02,0.486,0.95,0.656,0.84
707,,0.354,0.12,0.334,0.01,0.476,0.94,0.646,0.83
708,,0.344,0.11,0.324,0.0,0.466,0.93,0.636,0.82
709,,0.334,0.1,0.314,-0.01,0.456,0.92,0.626,0.81
710,4,0.041,0.09,0.587,0.99,0.729,0.91,0.333,0.4
711,4,-0.252,0.08,0.86,1.0,1.0,0.9,0.04,-0.01
712,1,0.748,0.353,0.85,0.707,0.59,0.607,0.03,0.263
713,1,1.0,0.626,0.84,0.414,0.18,0.314,0.02,0.536
714,,0.99,0.616,0.83,0.404,0.17,0.304,0.01,0.526
715,,0.98,0.606,0.82,0.394,0.16,0.294,0.0,0.516
716,,0.97,0.596,0.81,0.384,0.15,0.284,-0.01,0.506
717,7,0.96,0.303,0.4,0.091,0.14,0.557,0.99,0.779
718,7,0.95,0.01,-0.01,-0.202,0.13,0.83,1.0,1.0
719,4,0.657,0.0,0.263,0.798,0.403,0.82,0.707,0.59
720,4,0.364,-0.01,0.536,1.0,0.676,0.81,0.414,0.18
721,2,0.637,0.99,0.809,0.99,0.383,0.4,0.121,0.17
722,2,0.91,1.0,1.0,0.98,0.09,-0.01,-0.172,0.16
723,7,0.9,0.707,0.59,0.687,0.08,0.263,0.828,0.433
724,7,0.89,0.414,0.18,0.394,0.07,0.536,1.0,0.706
725,,0.88,0.404,0.17,0.384,0.06,0.526,0.99,0.696
726,,0.87,0.394,0.16,0.374,0.05,0.516,0.98,0.686
727,,0.86,0.384,0.15,0.364,0.04,0.506,0.97,0.676
728,,0.85,0.374,0.14,0.354,0.03,0.496,0.96,0.666
729,,0.84,0.364,0.13,0.344,0.02,0.486,0.95,0.656
730,,0.83,0.354,0.12,0.334,0.01,0.476,0.94,0.646
731,,0.82,0.344,0.11,0.324,0.0,0.466,0.93,0.636
732,,0.81,0.334,0.1,0.314,-0.01,0.456,0.92,0.626
733,5,0.4,0.041,0.09,0.587,0.99,0.729,0.91,0.333
734,5,-0.01,-0.252,0.08,0.86,1.0,1.0,0.9,0.04
735,2,0.263,0.748,0.353,0.85,0.707,0.59,0.607,0.03
736,2,0.536,1.0,0.626,0.84,0.414,0.18,0.314,0.02
737,,0.526,0.99,0.616,0.83,0.404,0.17,0.304,0.01
738,,0.516,0.98,0.606,0.82,0.394,0.16,0.294,0.0
739,,0.506,0.97,0.596,0.81,0.384,0.15,0.284,-0.01
740,8,0.779,0.96,0.303,0.4,0.091,0.14,0.557,0.99
741,8,1.0,0.95,0.01,-0.01,-0.202,0.13,0.83,1.0
742,5,0.59,0.657,0.0,0.263,0.798,0.403,0.82,0.707
743,5,0.18,0.364,-0.01,0.536,1.0,0.676,0.81,0.414
744,3,0.17,0.637,0.99,0.809,0.99,0.383,0.4,0.121
745,3,0.16,0.91,1.0,1.0,0.98,0.09,-0.01,-0.172
746,8,0.433,0.9,0.707,0.59,0.687,0.08,0.263,0.828
747,8,0.706,0.89,0.414,0.18,0.394,0.07,0.536,1.0
748,,0.696,0.88,0.404,0.17,0.384,0.06,0.526,0.99
749,,0.686,0.87,0.394,0.16,0.374,0.05,0.516,0.98
750,,0.676,0.86,0.384,0.15,0.364,0.04,0.506,0.97
751,,0.666,0.85,0.374,0.14,0.354,0.03,0.496,0.96
752,,0.656,0.84,0.364,0.13,0.344,0.02,0.486,0.95
753,,0.646,0.83,0.354,0.12,0.334,0.01,0.476,0.94
754,,0.636,0.82,0.344,0.11,0.324,0.0,0.466,0.93
755,,0.626,0.81,0.334,0.1,0.314,-0.01,0.456,0.92
756,6,0.333,0.4,0.041,0.09,0.587,0.99,0.729,0.91
757,6,0.04,-0.01,-0.252,0.08,0.86,1.0,1.0,0.9
758,3,0.03,0.263,0.748,0.353,0.85,0.707,0.59,0.607
759,3,0.02,0.536,1.0,0.626,0.84,0.414,0.18,0.314
760,,0.01,0.526,0.99,0.616,0.83,0.404,0.17,0.304
761,,0.0,0.516,0.98,0.606,0.82,0.394,0.16,0.294
762,,-0.01,0.506,0.97,0.596,0.81,0.384,0.15,0.284
763,1,0.99,0.779,0.96,0.303,0.4,0.091,0.14,0.557
764,1,1.0,1.0,0.95,0.01,-0.01,-0.202,0.13,0.83
765,6,0.707,0.59,0.657,0.0,0.263,0.798,0.403,0.82
766,6,0.414,0.18,0.364,-0.01,0.536,1.0,0.676,0.81
767,4,0.121,0.17,0.637,0.99,0.809,0.99,0.383,0.4
768,4,-0.172,0.16,0.91,1.0,1.0,0.98,0.09,-0.01
769,1,0.828,0.433,0.9,0.707,0.59,0.687,0.08,0.263
770,1,1.0,0.706,0.89,0.414,0.18,0.394,0.07,0.536
771,,0.99,0.696,0.88,0.404,0.17,0.384,0.06,0.526
772,,0.98,0.686,0.87,0.394,0.16,0.374,0.05,0.516
773,,0.97,0.676,0.86,0.384,0.15,0.364,0.04,0.506
774,,0.96,0.666,0.85,0.374,0.14,0.354,0.03,0.496
775,,0.95,0.656,0.84,0.364,0.13,0.344,0.02,0.486
776,,0.94,0.646,0.83,0.354,0.12,0.334,0.01,0.476
777,,0.93,0.636,0.82,0.344,0.11,0.324,0.0,0.466
778,,0.92,0.626,0.81,0.334,0.1,0.314,-0.01,0.456
779,7,0.91,0.333,0.4,0.041,0.09,0.587,0.99,0.729
780,7,0.9,0.04,-0.01,-0.252,0.08,0.86,1.0,1.0
781,4,0.607,0.03,0.263,0.748,0.353,0.85,0.707,0.59
782,4,0.314,0.02,0.536,1.0,0.626,0.84,0.414,0.18
783,,0.304,0.01,0.526,0.99,0.616,0.83,0.404,0.17
784,,0.294,0.0,0.516,0.98,0.606,0.82,0.394,0.16
785,,0.284,-0.01,0.506,0.97,0.596,0.81,0.384,0.15
786,2,0.557,0.99,0.779,0.96,0.303,0.4,0.091,0.14
787,2,0.83,1.0,1.0,0.95,0.01,-0.01,-0.202,0.13
788,7,0.82,0.707,0.59,0.657,0.0,0.263,0.798,0.403
789,7,0.81,0.414,0.18,0.364,-0.01,0.536,1.0,0.676
790,5,0.4,0.121,0.17,0.637,0.99,0.809,0.99,0.383
791,5,-0.01,-0.172,0.16,0.91,1.0,1.0,0.98,0.09
792,2,0.263,0.828,0.433,0.9,0.707,0.59,0.687,0.08
793,2,0.536,1.0,0.706,0.89,0.414,0.18,0.394,0.07
794,,0.526,0.99,0.696,0.88,0.404,0.17,0.384,0.06
795,,0.516,0.98,0.686,0.87,0.394,0.16,0.374,0.05
796,,0.506,0.97,0.676,0.86,0.384,0.15,0.364,0.04
797,,0.496,0.96,0.666,0.85,0.374,0.14,0.354,0.03
798,,0.486,0.95,0.656,0.84,0.364,0.13,0.344,0.02
799,,0.476,0.94,0.646,0.83,0.354,0.12,0.334,0.01
800,,0.466,0.93,0.636,0.82,0.344,0.11,0.324,0.0
801,,0.456,0.92,0.626,0.81,0.334,0.1,0.314,-0.01
802,8,0.729,0.91,0.333,0.4,0.041,0.09,0.587,0.99
803,8,1.0,0.9,0.04,-0.01,-0.252,0.08,0.86,1.0
