step,active_motive,motive_1,motive_2,motive_3,motive_4,motive_5,motive_6,motive_7,motive_8
0,,0.30478,0.25134,0.02574,0.13932,0.45413,0.11978,0.07245,0.24473
1,,0.15478,0.10134,-0.12426,-0.01068,0.30413,-0.03022,-0.07755,0.09473
2,3,0.30478,0.46334,0.87574,0.35132,0.45413,-0.09222,-0.22755,0.03273
3,3,0.45478,0.82534,1.0,0.71332,0.60413,-0.15422,-0.37755,-0.02927
4,7,0.60478,0.76334,0.85,0.65132,0.75413,0.20778,0.62245,0.33273
5,7,0.75478,0.70134,0.7,0.58932,0.90413,0.56978,1.0,0.69473
6,,0.60478,0.55134,0.55,0.43932,0.75413,0.41978,0.85,0.54473
7,,0.45478,0.40134,0.4,0.28932,0.60413,0.26978,0.7,0.39473
8,,0.30478,0.25134,0.25,0.13932,0.45413,0.11978,0.55,0.24473
9,,0.15478,0.10134,0.1,-0.01068,0.30413,-0.03022,0.4,0.09473
10,6,0.09278,-0.04866,0.038,0.13932,0.66613,0.96978,0.762,0.24473
11,6,0.03078,-0.19866,-0.024,0.28932,1.0,1.0,1.0,0.39473
12,2,0.39278,0.80134,0.338,0.43932,0.938,0.85,0.938,0.54473
13,2,0.75478,1.0,0.7,0.58932,0.876,0.7,0.876,0.69473
14,,0.60478,0.85,0.55,0.43932,0.726,0.55,0.726,0.54473
15,,0.45478,0.7,0.4,0.28932,0.576,0.4,0.576,0.39473
16,,0.30478,0.55,0.25,0.13932,0.426,0.25,0.426,0.24473
17,,0.15478,0.4,0.1,-0.01068,0.276,0.1,0.276,0.09473
18,4,0.09278,0.55,0.462,0.98932,0.638,0.25,0.214,-0.05527
19,4,0.03078,0.7,0.824,1.0,1.0,0.4,0.152,-0.20527
20,8,0.39278,0.85,0.762,0.85,0.938,0.55,0.514,0.79473
21,8,0.75478,1.0,0.7,0.7,0.876,0.7,0.876,1.0
22,,0.60478,0.85,0.55,0.55,0.726,0.55,0.726,0.85
23,,0.45478,0.7,0.4,0.4,0.576,0.4,0.576,0.7
24,,0.30478,0.55,0.25,0.25,0.426,0.25,0.426,0.55
25,,0.15478,0.4,0.1,0.1,0.276,0.1,0.276,0.4
26,,0.00478,0.25,-0.05,-0.05,0.126,-0.05,0.126,0.25
27,4,-0.05722,0.4,0.312,0.95,0.488,0.1,0.064,0.1
28,4,-0.11922,0.55,0.674,1.0,0.85,0.25,0.002,-0.05
29,1,0.88078,0.912,0.824,0.938,0.7,0.188,0.152,0.312
30,1,1.0,1.0,0.974,0.876,0.55,0.126,0.302,0.674
31,,0.85,0.85,0.824,0.726,0.4,-0.024,0.152,0.524
32,6,0.788,0.7,0.762,0.876,0.762,0.976,0.514,0.674
33,6,0.726,0.55,0.7,1.0,1.0,1.0,0.876,0.824
34,,0.576,0.4,0.55,0.85,0.85,0.85,0.726,0.674
35,,0.426,0.25,0.4,0.7,0.7,0.7,0.576,0.524
36,,0.276,0.1,0.25,0.55,0.55,0.55,0.426,0.374
37,,0.126,-0.05,0.1,0.4,0.4,0.4,0.276,0.224
38,2,0.488,0.95,0.462,0.55,0.338,0.25,0.214,0.374
39,2,0.85,1.0,0.824,0.7,0.276,0.1,0.152,0.524
40,,0.7,0.85,0.674,0.55,0.126,-0.05,0.002,0.374
41,6,0.638,0.7,0.612,0.7,0.488,0.95,0.364,0.524
42,6,0.576,0.55,0.55,0.85,0.85,1.0,0.726,0.674
43,,0.426,0.4,0.4,0.7,0.7,0.85,0.576,0.524
44,,0.276,0.25,0.25,0.55,0.55,0.7,0.426,0.374
45,,0.126,0.1,0.1,0.4,0.4,0.55,0.276,0.224
46,,-0.024,-0.05,-0.05,0.25,0.25,0.4,0.126,0.074
47,3,0.126,0.312,0.95,0.612,0.4,0.338,-0.024,0.012
48,3,0.276,0.674,1.0,0.974,0.55,0.276,-0.174,-0.05
49,7,0.426,0.612,0.85,0.912,0.7,0.638,0.826,0.312
50,7,0.576,0.55,0.7,0.85,0.85,1.0,1.0,0.674
51,,0.426,0.4,0.55,0.7,0.7,0.85,0.85,0.524
52,,0.276,0.25,0.4,0.55,0.55,0.7,0.7,0.374
53,,0.126,0.1,0.25,0.4,0.4,0.55,0.55,0.224
54,,-0.024,-0.05,0.1,0.25,0.25,0.4,0.4,0.074
55,2,0.338,0.95,0.462,0.4,0.188,0.25,0.338,0.224
56,2,0.7,1.0,0.824,0.55,0.126,0.1,0.276,0.374
57,,0.55,0.85,0.674,0.4,-0.024,-0.05,0.126,0.224
58,6,0.488,0.7,0.612,0.55,0.338,0.95,0.488,0.374
59,6,0.426,0.55,0.55,0.7,0.7,1.0,0.85,0.524
60,,0.276,0.4,0.4,0.55,0.55,0.85,0.7,0.374
61,,0.126,0.25,0.25,0.4,0.4,0.7,0.55,0.224
62,,-0.024,0.1,0.1,0.25,0.25,0.55,0.4,0.074
63,1,0.976,0.462,0.25,0.188,0.1,0.488,0.55,0.436
64,1,1.0,0.824,0.4,0.126,-0.05,0.426,0.7,0.798
65,5,0.85,0.762,0.55,0.488,0.95,0.788,0.85,0.736
66,5,0.7,0.7,0.7,0.85,1.0,1.0,1.0,0.674
67,,0.55,0.55,0.55,0.7,0.85,0.85,0.85,0.524
68,,0.4,0.4,0.4,0.55,0.7,0.7,0.7,0.374
69,,0.25,0.25,0.25,0.4,0.55,0.55,0.55,0.224
70,,0.1,0.1,0.1,0.25,0.4,0.4,0.4,0.074
71,,-0.05,-0.05,-0.05,0.1,0.25,0.25,0.25,-0.076
72,8,0.312,0.1,-0.112,-0.05,0.188,0.4,0.612,0.924
73,8,0.674,0.25,-0.174,-0.2,0.126,0.55,0.974,1.0
74,4,0.612,0.4,0.188,0.8,0.488,0.7,0.912,0.85
75,4,0.55,0.55,0.55,1.0,0.85,0.85,0.85,0.7
76,,0.4,0.4,0.4,0.85,0.7,0.7,0.7,0.55
77,,0.25,0.25,0.25,0.7,0.55,0.55,0.55,0.4
78,,0.1,0.1,0.1,0.55,0.4,0.4,0.4,0.25
79,,-0.05,-0.05,-0.05,0.4,0.25,0.25,0.25,0.1
80,3,0.1,0.312,0.95,0.762,0.4,0.188,0.1,0.038
81,3,0.25,0.674,1.0,1.0,0.55,0.126,-0.05,-0.024
82,7,0.4,0.612,0.85,0.938,0.7,0.488,0.95,0.338
83,7,0.55,0.55,0.7,0.876,0.85,0.85,1.0,0.7
84,,0.4,0.4,0.55,0.726,0.7,0.7,0.85,0.55
85,,0.25,0.25,0.4,0.576,0.55,0.55,0.7,0.4
86,,0.1,0.1,0.25,0.426,0.4,0.4,0.55,0.25
87,,-0.05,-0.05,0.1,0.276,0.25,0.25,0.4,0.1
88,2,0.312,0.95,0.462,0.426,0.188,0.1,0.338,0.25
89,2,0.674,1.0,0.824,0.576,0.126,-0.05,0.276,0.4
90,6,0.612,0.85,0.762,0.726,0.488,0.95,0.638,0.55
91,6,0.55,0.7,0.7,0.876,0.85,1.0,1.0,0.7
92,,0.4,0.55,0.55,0.726,0.7,0.85,0.85,0.55
93,,0.25,0.4,0.4,0.576,0.55,0.7,0.7,0.4
94,,0.1,0.25,0.25,0.426,0.4,0.55,0.55,0.25
95,,-0.05,0.1,0.1,0.276,0.25,0.4,0.4,0.1
96,1,0.95,0.462,0.25,0.214,0.1,0.338,0.55,0.462
97,1,1.0,0.824,0.4,0.152,-0.05,0.276,0.7,0.824
98,5,0.85,0.762,0.55,0.514,0.95,0.638,0.85,0.762
99,5,0.7,0.7,0.7,0.876,1.0,1.0,1.0,0.7
100,,0.55,0.55,0.55,0.726,0.85,0.85,0.85,0.55
101,,0.4,0.4,0.4,0.576,0.7,0.7,0.7,0.4
102,,0.25,0.25,0.25,0.426,0.55,0.55,0.55,0.25
103,,0.1,0.1,0.1,0.276,0.4,0.4,0.4,0.1
104,,-0.05,-0.05,-0.05,0.126,0.25,0.25,0.25,-0.05
105,3,0.1,0.312,0.95,0.488,0.4,0.188,0.1,-0.112
106,3,0.25,0.674,1.0,0.85,0.55,0.126,-0.05,-0.174
107,8,0.612,0.824,0.938,0.7,0.488,0.276,0.312,0.826
108,8,0.974,0.974,0.876,0.55,0.426,0.426,0.674,1.0
109,,0.824,0.824,0.726,0.4,0.276,0.276,0.524,0.85
110,,0.674,0.674,0.576,0.25,0.126,0.126,0.374,0.7
111,,0.524,0.524,0.426,0.1,-0.024,-0.024,0.224,0.55
112,5,0.374,0.462,0.576,0.462,0.976,0.338,0.374,0.488
113,5,0.224,0.4,0.726,0.824,1.0,0.7,0.524,0.426
114,,0.074,0.25,0.576,0.674,0.85,0.55,0.374,0.276
115,,-0.076,0.1,0.426,0.524,0.7,0.4,0.224,0.126
116,1,0.924,0.462,0.576,0.462,0.55,0.338,0.374,0.488
117,1,1.0,0.824,0.726,0.4,0.4,0.276,0.524,0.85
118,,0.85,0.674,0.576,0.25,0.25,0.126,0.374,0.7
119,,0.7,0.524,0.426,0.1,0.1,-0.024,0.224,0.55
120,6,0.638,0.374,0.364,0.25,0.462,0.976,0.586,0.7
121,6,0.576,0.224,0.302,0.4,0.824,1.0,0.948,0.85
122,,0.426,0.074,0.152,0.25,0.674,0.85,0.798,0.7
123,,0.276,-0.076,0.002,0.1,0.524,0.7,0.648,0.55
124,2,0.638,0.924,0.364,0.25,0.462,0.55,0.586,0.7
125,2,1.0,1.0,0.726,0.4,0.4,0.4,0.524,0.85
126,,0.85,0.85,0.576,0.25,0.25,0.25,0.374,0.7
127,,0.7,0.7,0.426,0.1,0.1,0.1,0.224,0.55
128,,0.55,0.55,0.276,-0.05,-0.05,-0.05,0.074,0.4
129,6,0.488,0.4,0.214,0.1,0.312,0.95,0.436,0.55
130,6,0.426,0.25,0.152,0.25,0.674,1.0,0.798,0.7
131,,0.276,0.1,0.002,0.1,0.524,0.85,0.648,0.55
132,,0.126,-0.05,-0.148,-0.05,0.374,0.7,0.498,0.4
133,3,0.276,0.312,0.852,0.312,0.524,0.638,0.348,0.338
134,3,0.426,0.674,1.0,0.674,0.674,0.576,0.198,0.276
135,,0.276,0.524,0.85,0.524,0.524,0.426,0.048,0.126
136,,0.126,0.374,0.7,0.374,0.374,0.276,-0.102,-0.024
137,7,0.276,0.312,0.55,0.312,0.524,0.638,0.898,0.338
138,7,0.426,0.25,0.4,0.25,0.674,1.0,1.0,0.7
139,,0.276,0.1,0.25,0.1,0.524,0.85,0.85,0.55
140,,0.126,-0.05,0.1,-0.05,0.374,0.7,0.7,0.4
141,2,0.488,0.95,0.462,0.1,0.312,0.55,0.638,0.55
142,2,0.85,1.0,0.824,0.25,0.25,0.4,0.576,0.7
143,,0.7,0.85,0.674,0.1,0.1,0.25,0.426,0.55
144,,0.55,0.7,0.524,-0.05,-0.05,0.1,0.276,0.4
145,4,0.488,0.85,0.886,0.95,0.312,0.25,0.214,0.25
146,4,0.426,1.0,1.0,1.0,0.674,0.4,0.152,0.1
147,,0.276,0.85,0.85,0.85,0.524,0.25,0.002,-0.05
148,8,0.638,1.0,0.788,0.7,0.462,0.4,0.364,0.95
149,8,1.0,1.0,0.726,0.55,0.4,0.55,0.726,1.0
150,,0.85,0.85,0.576,0.4,0.25,0.4,0.576,0.85
151,,0.7,0.7,0.426,0.25,0.1,0.25,0.426,0.7
152,,0.55,0.55,0.276,0.1,-0.05,0.1,0.276,0.55
153,5,0.4,0.488,0.426,0.462,0.95,0.462,0.426,0.488
154,5,0.25,0.426,0.576,0.824,1.0,0.824,0.576,0.426
155,,0.1,0.276,0.426,0.674,0.85,0.674,0.426,0.276
156,,-0.05,0.126,0.276,0.524,0.7,0.524,0.276,0.126
157,1,0.95,0.488,0.426,0.462,0.55,0.462,0.426,0.488
158,1,1.0,0.85,0.576,0.4,0.4,0.4,0.576,0.85
159,,0.85,0.7,0.426,0.25,0.25,0.25,0.426,0.7
160,,0.7,0.55,0.276,0.1,0.1,0.1,0.276,0.55
161,,0.55,0.4,0.126,-0.05,-0.05,-0.05,0.126,0.4
162,5,0.4,0.338,0.276,0.312,0.95,0.312,0.276,0.338
163,5,0.25,0.276,0.426,0.674,1.0,0.674,0.426,0.276
164,,0.1,0.126,0.276,0.524,0.85,0.524,0.276,0.126
165,,-0.05,-0.024,0.126,0.374,0.7,0.374,0.126,-0.024
166,1,0.95,0.338,0.276,0.312,0.55,0.312,0.276,0.338
167,1,1.0,0.7,0.426,0.25,0.4,0.25,0.426,0.7
168,,0.85,0.55,0.276,0.1,0.25,0.1,0.276,0.55
169,,0.7,0.4,0.126,-0.05,0.1,-0.05,0.126,0.4
170,6,0.638,0.25,0.064,0.1,0.462,0.95,0.488,0.55
171,6,0.576,0.1,0.002,0.25,0.824,1.0,0.85,0.7
172,,0.426,-0.05,-0.148,0.1,0.674,0.85,0.7,0.55
173,3,0.576,0.312,0.852,0.462,0.824,0.788,0.55,0.488
174,3,0.726,0.674,1.0,0.824,0.974,0.726,0.4,0.426
175,,0.576,0.524,0.85,0.674,0.824,0.576,0.25,0.276
176,,0.426,0.374,0.7,0.524,0.674,0.426,0.1,0.126
177,,0.276,0.224,0.55,0.374,0.524,0.276,-0.05,-0.024
178,7,0.426,0.162,0.4,0.312,0.674,0.638,0.95,0.338
179,7,0.576,0.1,0.25,0.25,0.824,1.0,1.0,0.7
180,,0.426,-0.05,0.1,0.1,0.674,0.85,0.85,0.55
181,2,0.788,0.95,0.462,0.25,0.612,0.7,0.788,0.7
182,2,1.0,1.0,0.824,0.4,0.55,0.55,0.726,0.85
183,,0.85,0.85,0.674,0.25,0.4,0.4,0.576,0.7
184,,0.7,0.7,0.524,0.1,0.25,0.25,0.426,0.55
185,,0.55,0.55,0.374,-0.05,0.1,0.1,0.276,0.4
186,4,0.488,0.7,0.736,0.95,0.462,0.25,0.214,0.25
187,4,0.426,0.85,1.0,1.0,0.824,0.4,0.152,0.1
188,,0.276,0.7,0.85,0.85,0.674,0.25,0.002,-0.05
189,8,0.638,0.85,0.788,0.7,0.612,0.4,0.364,0.95
190,8,1.0,1.0,0.726,0.55,0.55,0.55,0.726,1.0
191,,0.85,0.85,0.576,0.4,0.4,0.4,0.576,0.85
192,,0.7,0.7,0.426,0.25,0.25,0.25,0.426,0.7
193,,0.55,0.55,0.276,0.1,0.1,0.1,0.276,0.55
194,,0.4,0.4,0.126,-0.05,-0.05,-0.05,0.126,0.4
195,4,0.338,0.55,0.488,0.95,0.312,0.1,0.064,0.25
196,4,0.276,0.7,0.85,1.0,0.674,0.25,0.002,0.1
197,,0.126,0.55,0.7,0.85,0.524,0.1,-0.148,-0.05
198,7,0.276,0.488,0.55,0.788,0.674,0.462,0.852,0.312
199,7,0.426,0.426,0.4,0.726,0.824,0.824,1.0,0.674
200,,0.276,0.276,0.25,0.576,0.674,0.674,0.85,0.524
201,,0.126,0.126,0.1,0.426,0.524,0.524,0.7,0.374
202,,-0.024,-0.024,-0.05,0.276,0.374,0.374,0.55,0.224
203,3,0.126,0.338,0.95,0.638,0.524,0.312,0.4,0.162
204,3,0.276,0.7,1.0,1.0,0.674,0.25,0.25,0.1
205,,0.126,0.55,0.85,0.85,0.524,0.1,0.1,-0.05
206,8,0.488,0.7,0.788,0.7,0.462,0.25,0.462,0.95
207,8,0.85,0.85,0.726,0.55,0.4,0.4,0.824,1.0
208,,0.7,0.7,0.576,0.4,0.25,0.25,0.674,0.85
209,,0.55,0.55,0.426,0.25,0.1,0.1,0.524,0.7
210,,0.4,0.4,0.276,0.1,-0.05,-0.05,0.374,0.55
211,6,0.338,0.25,0.214,0.25,0.312,0.95,0.736,0.7
212,6,0.276,0.1,0.152,0.4,0.674,1.0,1.0,0.85
213,,0.126,-0.05,0.002,0.25,0.524,0.85,0.85,0.7
214,2,0.488,0.95,0.364,0.4,0.462,0.7,0.788,0.85
215,2,0.85,1.0,0.726,0.55,0.4,0.55,0.726,1.0
216,,0.7,0.85,0.576,0.4,0.25,0.4,0.576,0.85
217,,0.55,0.7,0.426,0.25,0.1,0.25,0.426,0.7
218,,0.4,0.55,0.276,0.1,-0.05,0.1,0.276,0.55
219,5,0.25,0.488,0.426,0.462,0.95,0.462,0.426,0.488
220,5,0.1,0.426,0.576,0.824,1.0,0.824,0.576,0.426
221,,-0.05,0.276,0.426,0.674,0.85,0.674,0.426,0.276
222,1,0.95,0.638,0.576,0.612,0.7,0.612,0.576,0.638
223,1,1.0,1.0,0.726,0.55,0.55,0.55,0.726,1.0
224,,0.85,0.85,0.576,0.4,0.4,0.4,0.576,0.85
225,,0.7,0.7,0.426,0.25,0.25,0.25,0.426,0.7
226,,0.55,0.55,0.276,0.1,0.1,0.1,0.276,0.55
227,,0.4,0.4,0.126,-0.05,-0.05,-0.05,0.126,0.4
228,5,0.25,0.338,0.276,0.312,0.95,0.312,0.276,0.338
229,5,0.1,0.276,0.426,0.674,1.0,0.674,0.426,0.276
230,,-0.05,0.126,0.276,0.524,0.85,0.524,0.276,0.126
231,1,0.95,0.488,0.426,0.462,0.7,0.462,0.426,0.488
232,1,1.0,0.85,0.576,0.4,0.55,0.4,0.576,0.85
233,,0.85,0.7,0.426,0.25,0.4,0.25,0.426,0.7
234,,0.7,0.55,0.276,0.1,0.25,0.1,0.276,0.55
235,,0.55,0.4,0.126,-0.05,0.1,-0.05,0.126,0.4
236,6,0.488,0.25,0.064,0.1,0.462,0.95,0.488,0.55
237,6,0.426,0.1,0.002,0.25,0.824,1.0,0.85,0.7
238,,0.276,-0.05,-0.148,0.1,0.674,0.85,0.7,0.55
239,3,0.426,0.312,0.852,0.462,0.824,0.788,0.55,0.488
240,3,0.576,0.674,1.0,0.824,0.974,0.726,0.4,0.426
241,,0.426,0.524,0.85,0.674,0.824,0.576,0.25,0.276
242,,0.276,0.374,0.7,0.524,0.674,0.426,0.1,0.126
243,,0.126,0.224,0.55,0.374,0.524,0.276,-0.05,-0.024
244,7,0.276,0.162,0.4,0.312,0.674,0.638,0.95,0.338
245,7,0.426,0.1,0.25,0.25,0.824,1.0,1.0,0.7
246,,0.276,-0.05,0.1,0.1,0.674,0.85,0.85,0.55
247,2,0.638,0.95,0.462,0.25,0.612,0.7,0.788,0.7
248,2,1.0,1.0,0.824,0.4,0.55,0.55,0.726,0.85
249,,0.85,0.85,0.674,0.25,0.4,0.4,0.576,0.7
250,,0.7,0.7,0.524,0.1,0.25,0.25,0.426,0.55
251,,0.55,0.55,0.374,-0.05,0.1,0.1,0.276,0.4
252,4,0.488,0.7,0.736,0.95,0.462,0.25,0.214,0.25
253,4,0.426,0.85,1.0,1.0,0.824,0.4,0.152,0.1
254,,0.276,0.7,0.85,0.85,0.674,0.25,0.002,-0.05
255,8,0.638,0.85,0.788,0.7,0.612,0.4,0.364,0.95
256,8,1.0,1.0,0.726,0.55,0.55,0.55,0.726,1.0
257,,0.85,0.85,0.576,0.4,0.4,0.4,0.576,0.85
258,,0.7,0.7,0.426,0.25,0.25,0.25,0.426,0.7
259,,0.55,0.55,0.276,0.1,0.1,0.1,0.276,0.55
260,,0.4,0.4,0.126,-0.05,-0.05,-0.05,0.126,0.4
261,5,0.25,0.338,0.276,0.312,0.95,0.312,0.276,0.338
262,5,0.1,0.276,0.426,0.674,1.0,0.674,0.426,0.276
263,,-0.05,0.126,0.276,0.524,0.85,0.524,0.276,0.126
264,1,0.95,0.488,0.426,0.462,0.7,0.462,0.426,0.488
265,1,1.0,0.85,0.576,0.4,0.55,0.4,0.576,0.85
266,,0.85,0.7,0.426,0.25,0.4,0.25,0.426,0.7
267,,0.7,0.55,0.276,0.1,0.25,0.1,0.276,0.55
268,,0.55,0.4,0.126,-0.05,0.1,-0.05,0.126,0.4
269,4,0.488,0.55,0.488,0.95,0.462,0.1,0.064,0.25
270,4,0.426,0.7,0.85,1.0,0.824,0.25,0.002,0.1
271,,0.276,0.55,0.7,0.85,0.674,0.1,-0.148,-0.05
272,7,0.426,0.488,0.55,0.788,0.824,0.462,0.852,0.312
273,7,0.576,0.426,0.4,0.726,0.974,0.824,1.0,0.674
274,,0.426,0.276,0.25,0.576,0.824,0.674,0.85,0.524
275,,0.276,0.126,0.1,0.426,0.674,0.524,0.7,0.374
276,,0.126,-0.024,-0.05,0.276,0.524,0.374,0.55,0.224
277,3,0.276,0.338,0.95,0.638,0.674,0.312,0.4,0.162
278,3,0.426,0.7,1.0,1.0,0.824,0.25,0.25,0.1
279,,0.276,0.55,0.85,0.85,0.674,0.1,0.1,-0.05
280,8,0.638,0.7,0.788,0.7,0.612,0.25,0.462,0.95
281,8,1.0,0.85,0.726,0.55,0.55,0.4,0.824,1.0
282,,0.85,0.7,0.576,0.4,0.4,0.25,0.674,0.85
283,,0.7,0.55,0.426,0.25,0.25,0.1,0.524,0.7
284,,0.55,0.4,0.276,0.1,0.1,-0.05,0.374,0.55
285,6,0.488,0.25,0.214,0.25,0.462,0.95,0.736,0.7
286,6,0.426,0.1,0.152,0.4,0.824,1.0,1.0,0.85
287,,0.276,-0.05,0.002,0.25,0.674,0.85,0.85,0.7
288,2,0.638,0.95,0.364,0.4,0.612,0.7,0.788,0.85
289,2,1.0,1.0,0.726,0.55,0.55,0.55,0.726,1.0
290,,0.85,0.85,0.576,0.4,0.4,0.4,0.576,0.85
291,,0.7,0.7,0.426,0.25,0.25,0.25,0.426,0.7
292,,0.55,0.55,0.276,0.1,0.1,0.1,0.276,0.55
293,,0.4,0.4,0.126,-0.05,-0.05,-0.05,0.126,0.4
294,6,0.338,0.25,0.064,0.1,0.312,0.95,0.488,0.55
295,6,0.276,0.1,0.002,0.25,0.674,1.0,0.85,0.7
296,,0.126,-0.05,-0.148,0.1,0.524,0.85,0.7,0.55
297,3,0.276,0.312,0.852,0.462,0.674,0.788,0.55,0.488
298,3,0.426,0.674,1.0,0.824,0.824,0.726,0.4,0.426
299,,0.276,0.524,0.85,0.674,0.674,0.576,0.25,0.276
300,,0.126,0.374,0.7,0.524,0.524,0.426,0.1,0.126
301,,-0.024,0.224,0.55,0.374,0.374,0.276,-0.05,-0.024
302,7,0.126,0.162,0.4,0.312,0.524,0.638,0.95,0.338
303,7,0.276,0.1,0.25,0.25,0.674,1.0,1.0,0.7
304,,0.126,-0.05,0.1,0.1,0.524,0.85,0.85,0.55
305,2,0.488,0.95,0.462,0.25,0.462,0.7,0.788,0.7
306,2,0.85,1.0,0.824,0.4,0.4,0.55,0.726,0.85
307,,0.7,0.85,0.674,0.25,0.25,0.4,0.576,0.7
308,,0.55,0.7,0.524,0.1,0.1,0.25,0.426,0.55
309,,0.4,0.55,0.374,-0.05,-0.05,0.1,0.276,0.4
310,5,0.25,0.488,0.524,0.312,0.95,0.462,0.426,0.338
311,5,0.1,0.426,0.674,0.674,1.0,0.824,0.576,0.276
312,,-0.05,0.276,0.524,0.524,0.85,0.674,0.426,0.126
313,1,0.95,0.638,0.674,0.462,0.7,0.612,0.576,0.488
314,1,1.0,1.0,0.824,0.4,0.55,0.55,0.726,0.85
315,,0.85,0.85,0.674,0.25,0.4,0.4,0.576,0.7
316,,0.7,0.7,0.524,0.1,0.25,0.25,0.426,0.55
317,,0.55,0.55,0.374,-0.05,0.1,0.1,0.276,0.4
318,4,0.488,0.7,0.736,0.95,0.462,0.25,0.214,0.25
319,4,0.426,0.85,1.0,1.0,0.824,0.4,0.152,0.1
320,,0.276,0.7,0.85,0.85,0.674,0.25,0.002,-0.05
321,8,0.638,0.85,0.788,0.7,0.612,0.4,0.364,0.95
322,8,1.0,1.0,0.726,0.55,0.55,0.55,0.726,1.0
323,,0.85,0.85,0.576,0.4,0.4,0.4,0.576,0.85
324,,0.7,0.7,0.426,0.25,0.25,0.25,0.426,0.7
325,,0.55,0.55,0.276,0.1,0.1,0.1,0.276,0.55
326,,0.4,0.4,0.126,-0.05,-0.05,-0.05,0.126,0.4
327,4,0.338,0.55,0.488,0.95,0.312,0.1,0.064,0.25
328,4,0.276,0.7,0.85,1.0,0.674,0.25,0.002,0.1
329,,0.126,0.55,0.7,0.85,0.524,0.1,-0.148,-0.05
330,7,0.276,0.488,0.55,0.788,0.674,0.462,0.852,0.312
331,7,0.426,0.426,0.4,0.726,0.824,0.824,1.0,0.674
332,,0.276,0.276,0.25,0.576,0.674,0.674,0.85,0.524
333,,0.126,0.126,0.1,0.426,0.524,0.524,0.7,0.374
334,,-0.024,-0.024,-0.05,0.276,0.374,0.374,0.55,0.224
335,3,0.126,0.338,0.95,0.638,0.524,0.312,0.4,0.162
336,3,0.276,0.7,1.0,1.0,0.674,0.25,0.25,0.1
337,,0.126,0.55,0.85,0.85,0.524,0.1,0.1,-0.05
338,8,0.488,0.7,0.788,0.7,0.462,0.25,0.462,0.95
339,8,0.85,0.85,0.726,0.55,0.4,0.4,0.824,1.0
340,,0.7,0.7,0.576,0.4,0.25,0.25,0.674,0.85
341,,0.55,0.55,0.426,0.25,0.1,0.1,0.524,0.7
342,,0.4,0.4,0.276,0.1,-0.05,-0.05,0.374,0.55
343,5,0.25,0.338,0.426,0.462,0.95,0.312,0.524,0.488
344,5,0.1,0.276,0.576,0.824,1.0,0.674,0.674,0.426
345,,-0.05,0.126,0.426,0.674,0.85,0.524,0.524,0.276
346,1,0.95,0.488,0.576,0.612,0.7,0.462,0.674,0.638
347,1,1.0,0.85,0.726,0.55,0.55,0.4,0.824,1.0
348,,0.85,0.7,0.576,0.4,0.4,0.25,0.674,0.85
349,,0.7,0.55,0.426,0.25,0.25,0.1,0.524,0.7
350,,0.55,0.4,0.276,0.1,0.1,-0.05,0.374,0.55
351,6,0.488,0.25,0.214,0.25,0.462,0.95,0.736,0.7
352,6,0.426,0.1,0.152,0.4,0.824,1.0,1.0,0.85
353,,0.276,-0.05,0.002,0.25,0.674,0.85,0.85,0.7
354,2,0.638,0.95,0.364,0.4,0.612,0.7,0.788,0.85
355,2,1.0,1.0,0.726,0.55,0.55,0.55,0.726,1.0
356,,0.85,0.85,0.576,0.4,0.4,0.4,0.576,0.85
357,,0.7,0.7,0.426,0.25,0.25,0.25,0.426,0.7
358,,0.55,0.55,0.276,0.1,0.1,0.1,0.276,0.55
359,,0.4,0.4,0.126,-0.05,-0.05,-0.05,0.126,0.4
360,6,0.338,0.25,0.064,0.1,0.312,0.95,0.488,0.55
361,6,0.276,0.1,0.002,0.25,0.674,1.0,0.85,0.7
362,,0.126,-0.05,-0.148,0.1,0.524,0.85,0.7,0.55
363,3,0.276,0.312,0.852,0.462,0.674,0.788,0.55,0.488
364,3,0.426,0.674,1.0,0.824,0.824,0.726,0.4,0.426
365,,0.276,0.524,0.85,0.674,0.674,0.576,0.25,0.276
366,,0.126,0.374,0.7,0.524,0.524,0.426,0.1,0.126
367,,-0.024,0.224,0.55,0.374,0.374,0.276,-0.05,-0.024
368,7,0.126,0.162,0.4,0.312,0.524,0.638,0.95,0.338
369,7,0.276,0.1,0.25,0.25,0.674,1.0,1.0,0.7
370,,0.126,-0.05,0.1,0.1,0.524,0.85,0.85,0.55
371,2,0.488,0.95,0.462,0.25,0.462,0.7,0.788,0.7
372,2,0.85,1.0,0.824,0.4,0.4,0.55,0.726,0.85
373,,0.7,0.85,0.674,0.25,0.25,0.4,0.576,0.7
374,,0.55,0.7,0.524,0.1,0.1,0.25,0.426,0.55
375,,0.4,0.55,0.374,-0.05,-0.05,0.1,0.276,0.4
376,5,0.25,0.488,0.524,0.312,0.95,0.462,0.426,0.338
377,5,0.1,0.426,0.674,0.674,1.0,0.824,0.576,0.276
378,,-0.05,0.276,0.524,0.524,0.85,0.674,0.426,0.126
379,1,0.95,0.638,0.674,0.462,0.7,0.612,0.576,0.488
380,1,1.0,1.0,0.824,0.4,0.55,0.55,0.726,0.85
381,,0.85,0.85,0.674,0.25,0.4,0.4,0.576,0.7
382,,0.7,0.7,0.524,0.1,0.25,0.25,0.426,0.55
383,,0.55,0.55,0.374,-0.05,0.1,0.1,0.276,0.4
384,4,0.488,0.7,0.736,0.95,0.462,0.25,0.214,0.25
385,4,0.426,0.85,1.0,1.0,0.824,0.4,0.152,0.1
386,,0.276,0.7,0.85,0.85,0.674,0.25,0.002,-0.05
387,8,0.638,0.85,0.788,0.7,0.612,0.4,0.364,0.95
388,8,1.0,1.0,0.726,0.55,0.55,0.55,0.726,1.0
389,,0.85,0.85,0.576,0.4,0.4,0.4,0.576,0.85
390,,0.7,0.7,0.426,0.25,0.25,0.25,0.426,0.7
391,,0.55,0.55,0.276,0.1,0.1,0.1,0.276,0.55
392,,0.4,0.4,0.126,-0.05,-0.05,-0.05,0.126,0.4
393,4,0.338,0.55,0.488,0.95,0.312,0.1,0.064,0.25
394,4,0.276,0.7,0.85,1.0,0.674,0.25,0.002,0.1
395,,0.126,0.55,0.7,0.85,0.524,0.1,-0.148,-0.05
396,7,0.276,0.488,0.55,0.788,0.674,0.462,0.852,0.312
397,7,0.426,0.426,0.4,0.726,0.824,0.824,1.0,0.674
398,,0.276,0.276,0.25,0.576,0.674,0.674,0.85,0.524
399,,0.126,0.126,0.1,0.426,0.524,0.524,0.7,0.374
400,,-0.024,-0.024,-0.05,0.276,0.374,0.374,0.55,0.224
401,3,0.126,0.338,0.95,0.638,0.524,0.312,0.4,0.162
402,3,0.276,0.7,1.0,1.0,0.674,0.25,0.25,0.1
403,,0.126,0.55,0.85,0.85,0.524,0.1,0.1,-0.05
404,8,0.488,0.7,0.788,0.7,0.462,0.25,0.462,0.95
405,8,0.85,0.85,0.726,0.55,0.4,0.4,0.824,1.0
406,,0.7,0.7,0.576,0.4,0.25,0.25,0.674,0.85
407,,0.55,0.55,0.426,0.25,0.1,0.1,0.524,0.7
408,,0.4,0.4,0.276,0.1,-0.05,-0.05,0.374,0.55
409,5,0.25,0.338,0.426,0.462,0.95,0.312,0.524,0.488
410,5,0.1,0.276,0.576,0.824,1.0,0.674,0.674,0.426
411,,-0.05,0.126,0.426,0.674,0.85,0.524,0.524,0.276
412,1,0.95,0.488,0.576,0.612,0.7,0.462,0.674,0.638
413,1,1.0,0.85,0.726,0.55,0.55,0.4,0.824,1.0
414,,0.85,0.7,0.576,0.4,0.4,0.25,0.674,0.85
415,,0.7,0.55,0.426,0.25,0.25,0.1,0.524,0.7
416,,0.55,0.4,0.276,0.1,0.1,-0.05,0.374,0.55
417,6,0.488,0.25,0.214,0.25,0.462,0.95,0.736,0.7
418,6,0.426,0.1,0.152,0.4,0.824,1.0,1.0,0.85
419,,0.276,-0.05,0.002,0.25,0.674,0.85,0.85,0.7
420,2,0.638,0.95,0.364,0.4,0.612,0.7,0.788,0.85
421,2,1.0,1.0,0.726,0.55,0.55,0.55,0.726,1.0
422,,0.85,0.85,0.576,0.4,0.4,0.4,0.576,0.85
423,,0.7,0.7,0.426,0.25,0.25,0.25,0.426,0.7
424,,0.55,0.55,0.276,0.1,0.1,0.1,0.276,0.55
425,,0.4,0.4,0.126,-0.05,-0.05,-0.05,0.126,0.4
426,6,0.338,0.25,0.064,0.1,0.312,0.95,0.488,0.55
427,6,0.276,0.1,0.002,0.25,0.674,1.0,0.85,0.7
428,,0.126,-0.05,-0.148,0.1,0.524,0.85,0.7,0.55
429,3,0.276,0.312,0.852,0.462,0.674,0.788,0.55,0.488
430,3,0.426,0.674,1.0,0.824,0.824,0.726,0.4,0.426
431,,0.276,0.524,0.85,0.674,0.674,0.576,0.25,0.276
432,,0.126,0.374,0.7,0.524,0.524,0.426,0.1,0.126
433,,-0.024,0.224,0.55,0.374,0.374,0.276,-0.05,-0.024
434,7,0.126,0.162,0.4,0.312,0.524,0.638,0.95,0.338
435,7,0.276,0.1,0.25,0.25,0.674,1.0,1.0,0.7
436,,0.126,-0.05,0.1,0.1,0.524,0.85,0.85,0.55
437,2,0.488,0.95,0.462,0.25,0.462,0.7,0.788,0.7
438,2,0.85,1.0,0.824,0.4,0.4,0.55,0.726,0.85
439,,0.7,0.85,0.674,0.25,0.25,0.4,0.576,0.7
440,,0.55,0.7,0.524,0.1,0.1,0.25,0.426,0.55
441,,0.4,0.55,0.374,-0.05,-0.05,0.1,0.276,0.4
442,5,0.25,0.488,0.524,0.312,0.95,0.462,0.426,0.338
443,5,0.1,0.426,0.674,0.674,1.0,0.824,0.576,0.276
444,,-0.05,0.276,0.524,0.524,0.85,0.674,0.426,0.126
445,1,0.95,0.638,0.674,0.462,0.7,0.612,0.576,0.488
446,1,1.0,1.0,0.824,0.4,0.55,0.55,0.726,0.85
447,,0.85,0.85,0.674,0.25,0.4,0.4,0.576,0.7
448,,0.7,0.7,0.524,0.1,0.25,0.25,0.426,0.55
449,,0.55,0.55,0.374,-0.05,0.1,0.1,0.276,0.4
450,4,0.488,0.7,0.736,0.95,0.462,0.25,0.214,0.25
451,4,0.426,0.85,1.0,1.0,0.824,0.4,0.152,0.1
452,,0.276,0.7,0.85,0.85,0.674,0.25,0.002,-0.05
453,8,0.638,0.85,0.788,0.7,0.612,0.4,0.364,0.95
454,8,1.0,1.0,0.726,0.55,0.55,0.55,0.726,1.0
455,,0.85,0.85,0.576,0.4,0.4,0.4,0.576,0.85
456,,0.7,0.7,0.426,0.25,0.25,0.25,0.426,0.7
457,,0.55,0.55,0.276,0.1,0.1,0.1,0.276,0.55
458,,0.4,0.4,0.126,-0.05,-0.05,-0.05,0.126,0.4
459,6,0.338,0.25,0.064,0.1,0.312,0.95,0.488,0.55
460,6,0.276,0.1,0.002,0.25,0.674,1.0,0.85,0.7
461,,0.126,-0.05,-0.148,0.1,0.524,0.85,0.7,0.55
462,3,0.276,0.312,0.852,0.462,0.674,0.788,0.55,0.488
463,3,0.426,0.674,1.0,0.824,0.824,0.726,0.4,0.426
464,,0.276,0.524,0.85,0.674,0.674,0.576,0.25,0.276
465,,0.126,0.374,0.7,0.524,0.524,0.426,0.1,0.126
466,,-0.024,0.224,0.55,0.374,0.374,0.276,-0.05,-0.024
467,7,0.126,0.162,0.4,0.312,0.524,0.638,0.95,0.338
468,7,0.276,0.1,0.25,0.25,0.674,1.0,1.0,0.7
469,,0.126,-0.05,0.1,0.1,0.524,0.85,0.85,0.55
470,2,0.488,0.95,0.462,0.25,0.462,0.7,0.788,0.7
471,2,0.85,1.0,0.824,0.4,0.4,0.55,0.726,0.85
472,,0.7,0.85,0.674,0.25,0.25,0.4,0.576,0.7
473,,0.55,0.7,0.524,0.1,0.1,0.25,0.426,0.55
474,,0.4,0.55,0.374,-0.05,-0.05,0.1,0.276,0.4
475,5,0.25,0.488,0.524,0.312,0.95,0.462,0.426,0.338
476,5,0.1,0.426,0.674,0.674,1.0,0.824,0.576,0.276
477,,-0.05,0.276,0.524,0.524,0.85,0.674,0.426,0.126
478,1,0.95,0.638,0.674,0.462,0.7,0.612,0.576,0.488
479,1,1.0,1.0,0.824,0.4,0.55,0.55,0.726,0.85
480,,0.85,0.85,0.674,0.25,0.4,0.4,0.576,0.7
481,,0.7,0.7,0.524,0.1,0.25,0.25,0.426,0.55
482,,0.55,0.55,0.374,-0.05,0.1,0.1,0.276,0.4
483,4,0.488,0.7,0.736,0.95,0.462,0.25,0.214,0.25
484,4,0.426,0.85,1.0,1.0,0.824,0.4,0.152,0.1
485,,0.276,0.7,0.85,0.85,0.674,0.25,0.002,-0.05
486,8,0.638,0.85,0.788,0.7,0.612,0.4,0.364,0.95
487,8,1.0,1.0,0.726,0.55,0.55,0.55,0.726,1.0
488,,0.85,0.85,0.576,0.4,0.4,0.4,0.576,0.85
489,,0.7,0.7,0.426,0.25,0.25,0.25,0.426,0.7
490,,0.55,0.55,0.276,0.1,0.1,0.1,0.276,0.55
491,,0.4,0.4,0.126,-0.05,-0.05,-0.05,0.126,0.4
492,6,0.338,0.25,0.064,0.1,0.312,0.95,0.488,0.55
493,6,0.276,0.1,0.002,0.25,0.674,1.0,0.85,0.7
494,,0.126,-0.05,-0.148,0.1,0.524,0.85,0.7,0.55
495,3,0.276,0.312,0.852,0.462,0.674,0.788,0.55,0.488
496,3,0.426,0.674,1.0,0.824,0.824,0.726,0.4,0.426
497,,0.276,0.524,0.85,0.674,0.674,0.576,0.25,0.276
498,,0.126,0.374,0.7,0.524,0.524,0.426,0.1,0.126
499,,-0.024,0.224,0.55,0.374,0.374,0.276,-0.05,-0.024
