step,active_motive,motive_1,motive_2,motive_3,motive_4,motive_5,motive_6,motive_7,motive_8
0,,0.15069,0.3738,0.25136,0.11611,0.44979,0.19195,0.27178,0.45324
1,,0.00069,0.2238,0.10136,-0.03389,0.29979,0.04195,0.12178,0.30324
2,4,-0.06131,0.3738,0.46336,0.96611,0.66179,0.19195,0.05978,0.15324
3,4,-0.12331,0.5238,0.82536,1.0,1.0,0.34195,-0.00222,0.00324
4,1,0.87669,0.8858,0.97536,0.938,0.85,0.27995,0.14778,0.36524
5,1,1.0,1.0,1.0,0.876,0.7,0.21795,0.29778,0.72724
6,,0.85,0.85,0.85,0.726,0.55,0.06795,0.14778,0.57724
7,,0.7,0.7,0.7,0.576,0.4,-0.08205,-0.00222,0.42724
8,6,0.638,0.55,0.638,0.726,0.762,0.91795,0.35978,0.57724
9,6,0.576,0.4,0.576,0.876,1.0,1.0,0.72178,0.72724
10,,0.426,0.25,0.426,0.726,0.85,0.85,0.57178,0.57724
11,,0.276,0.1,0.276,0.576,0.7,0.7,0.42178,0.42724
12,,0.126,-0.05,0.126,0.426,0.55,0.55,0.27178,0.27724
13,2,0.488,0.95,0.488,0.576,0.488,0.4,0.20978,0.42724
14,2,0.85,1.0,0.85,0.726,0.426,0.25,0.14778,0.57724
15,,0.7,0.85,0.7,0.576,0.276,0.1,-0.00222,0.42724
16,7,0.85,0.788,0.55,0.514,0.426,0.462,0.99778,0.78924
17,7,1.0,0.726,0.4,0.452,0.576,0.824,1.0,1.0
18,,0.85,0.576,0.25,0.302,0.426,0.674,0.85,0.85
19,,0.7,0.426,0.1,0.152,0.276,0.524,0.7,0.7
20,,0.55,0.276,-0.05,0.002,0.126,0.374,0.55,0.55
21,3,0.7,0.638,0.95,0.364,0.276,0.312,0.4,0.488
22,3,0.85,1.0,1.0,0.726,0.426,0.25,0.25,0.426
23,,0.7,0.85,0.85,0.576,0.276,0.1,0.1,0.276
24,,0.55,0.7,0.7,0.426,0.126,-0.05,-0.05,0.126
25,6,0.488,0.55,0.638,0.576,0.488,0.95,0.312,0.276
26,6,0.426,0.4,0.576,0.726,0.85,1.0,0.674,0.426
27,,0.276,0.25,0.426,0.576,0.7,0.85,0.524,0.276
28,,0.126,0.1,0.276,0.426,0.55,0.7,0.374,0.126
29,,-0.024,-0.05,0.126,0.276,0.4,0.55,0.224,-0.024
30,2,0.338,0.95,0.488,0.426,0.338,0.4,0.162,0.126
31,2,0.7,1.0,0.85,0.576,0.276,0.25,0.1,0.276
32,,0.55,0.85,0.7,0.426,0.126,0.1,-0.05,0.126
33,7,0.7,0.788,0.55,0.364,0.276,0.462,0.95,0.488
34,7,0.85,0.726,0.4,0.302,0.426,0.824,1.0,0.85
35,,0.7,0.576,0.25,0.152,0.276,0.674,0.85,0.7
36,,0.55,0.426,0.1,0.002,0.126,0.524,0.7,0.55
37,,0.4,0.276,-0.05,-0.148,-0.024,0.374,0.55,0.4
38,4,0.338,0.426,0.312,0.852,0.338,0.524,0.488,0.25
39,4,0.276,0.576,0.674,1.0,0.7,0.674,0.426,0.1
40,,0.126,0.426,0.524,0.85,0.55,0.524,0.276,-0.05
41,8,0.488,0.576,0.462,0.7,0.488,0.674,0.638,0.95
42,8,0.85,0.726,0.4,0.55,0.426,0.824,1.0,1.0
43,,0.7,0.576,0.25,0.4,0.276,0.674,0.85,0.85
44,,0.55,0.426,0.1,0.25,0.126,0.524,0.7,0.7
45,,0.4,0.276,-0.05,0.1,-0.024,0.374,0.55,0.55
46,3,0.55,0.638,0.95,0.462,0.126,0.312,0.4,0.488
47,3,0.7,1.0,1.0,0.824,0.276,0.25,0.25,0.426
48,,0.55,0.85,0.85,0.674,0.126,0.1,0.1,0.276
49,,0.4,0.7,0.7,0.524,-0.024,-0.05,-0.05,0.126
50,6,0.338,0.55,0.638,0.674,0.338,0.95,0.312,0.276
51,6,0.276,0.4,0.576,0.824,0.7,1.0,0.674,0.426
52,,0.126,0.25,0.426,0.674,0.55,0.85,0.524,0.276
53,,-0.024,0.1,0.276,0.524,0.4,0.7,0.374,0.126
54,1,0.976,0.462,0.426,0.462,0.25,0.638,0.524,0.488
55,1,1.0,0.824,0.576,0.4,0.1,0.576,0.674,0.85
56,,0.85,0.674,0.426,0.25,-0.05,0.426,0.524,0.7
57,5,0.7,0.612,0.576,0.612,0.95,0.788,0.674,0.638
58,5,0.55,0.55,0.726,0.974,1.0,1.0,0.824,0.576
59,,0.4,0.4,0.576,0.824,0.85,0.85,0.674,0.426
60,,0.25,0.25,0.426,0.674,0.7,0.7,0.524,0.276
61,,0.1,0.1,0.276,0.524,0.55,0.55,0.374,0.126
62,,-0.05,-0.05,0.126,0.374,0.4,0.4,0.224,-0.024
63,1,0.95,0.312,0.276,0.312,0.25,0.338,0.374,0.338
64,1,1.0,0.674,0.426,0.25,0.1,0.276,0.524,0.7
65,,0.85,0.524,0.276,0.1,-0.05,0.126,0.374,0.55
66,5,0.7,0.462,0.426,0.462,0.95,0.488,0.524,0.488
67,5,0.55,0.4,0.576,0.824,1.0,0.85,0.674,0.426
68,,0.4,0.25,0.426,0.674,0.85,0.7,0.524,0.276
69,,0.25,0.1,0.276,0.524,0.7,0.55,0.374,0.126
70,,0.1,-0.05,0.126,0.374,0.55,0.4,0.224,-0.024
71,2,0.462,0.95,0.488,0.524,0.488,0.25,0.162,0.126
72,2,0.824,1.0,0.85,0.674,0.426,0.1,0.1,0.276
73,,0.674,0.85,0.7,0.524,0.276,-0.05,-0.05,0.126
74,7,0.824,0.788,0.55,0.462,0.426,0.312,0.95,0.488
75,7,0.974,0.726,0.4,0.4,0.576,0.674,1.0,0.85
76,,0.824,0.576,0.25,0.25,0.426,0.524,0.85,0.7
77,,0.674,0.426,0.1,0.1,0.276,0.374,0.7,0.55
78,,0.524,0.276,-0.05,-0.05,0.126,0.224,0.55,0.4
79,4,0.462,0.426,0.312,0.95,0.488,0.374,0.488,0.25
80,4,0.4,0.576,0.674,1.0,0.85,0.524,0.426,0.1
81,,0.25,0.426,0.524,0.85,0.7,0.374,0.276,-0.05
82,8,0.612,0.576,0.462,0.7,0.638,0.524,0.638,0.95
83,8,0.974,0.726,0.4,0.55,0.576,0.674,1.0,1.0
84,,0.824,0.576,0.25,0.4,0.426,0.524,0.85,0.85
85,,0.674,0.426,0.1,0.25,0.276,0.374,0.7,0.7
86,,0.524,0.276,-0.05,0.1,0.126,0.224,0.55,0.55
87,3,0.674,0.638,0.95,0.462,0.276,0.162,0.4,0.488
88,3,0.824,1.0,1.0,0.824,0.426,0.1,0.25,0.426
89,,0.674,0.85,0.85,0.674,0.276,-0.05,0.1,0.276
90,6,0.612,0.7,0.788,0.824,0.638,0.95,0.462,0.426
91,6,0.55,0.55,0.726,0.974,1.0,1.0,0.824,0.576
92,,0.4,0.4,0.576,0.824,0.85,0.85,0.674,0.426
93,,0.25,0.25,0.426,0.674,0.7,0.7,0.524,0.276
94,,0.1,0.1,0.276,0.524,0.55,0.55,0.374,0.126
95,,-0.05,-0.05,0.126,0.374,0.4,0.4,0.224,-0.024
96,1,0.95,0.312,0.276,0.312,0.25,0.338,0.374,0.338
97,1,1.0,0.674,0.426,0.25,0.1,0.276,0.524,0.7
98,,0.85,0.524,0.276,0.1,-0.05,0.126,0.374,0.55
99,5,0.7,0.462,0.426,0.462,0.95,0.488,0.524,0.488
100,5,0.55,0.4,0.576,0.824,1.0,0.85,0.674,0.426
101,,0.4,0.25,0.426,0.674,0.85,0.7,0.524,0.276
102,,0.25,0.1,0.276,0.524,0.7,0.55,0.374,0.126
103,,0.1,-0.05,0.126,0.374,0.55,0.4,0.224,-0.024
104,2,0.462,0.95,0.488,0.524,0.488,0.25,0.162,0.126
105,2,0.824,1.0,0.85,0.674,0.426,0.1,0.1,0.276
106,,0.674,0.85,0.7,0.524,0.276,-0.05,-0.05,0.126
107,6,0.612,0.7,0.638,0.674,0.638,0.95,0.312,0.276
108,6,0.55,0.55,0.576,0.824,1.0,1.0,0.674,0.426
109,,0.4,0.4,0.426,0.674,0.85,0.85,0.524,0.276
110,,0.25,0.25,0.276,0.524,0.7,0.7,0.374,0.126
111,,0.1,0.1,0.126,0.374,0.55,0.55,0.224,-0.024
112,8,0.462,0.25,0.064,0.224,0.488,0.7,0.586,0.976
113,8,0.824,0.4,0.002,0.074,0.426,0.85,0.948,1.0
114,,0.674,0.25,-0.148,-0.076,0.276,0.7,0.798,0.85
115,3,0.824,0.612,0.852,0.286,0.426,0.638,0.648,0.788
116,3,0.974,0.974,1.0,0.648,0.576,0.576,0.498,0.726
117,,0.824,0.824,0.85,0.498,0.426,0.426,0.348,0.576
118,,0.674,0.674,0.7,0.348,0.276,0.276,0.198,0.426
119,,0.524,0.524,0.55,0.198,0.126,0.126,0.048,0.276
120,,0.374,0.374,0.4,0.048,-0.024,-0.024,-0.102,0.126
121,7,0.524,0.312,0.25,-0.014,0.126,0.338,0.898,0.488
122,7,0.674,0.25,0.1,-0.076,0.276,0.7,1.0,0.85
123,4,0.612,0.4,0.462,0.924,0.638,0.85,0.938,0.7
124,4,0.55,0.55,0.824,1.0,1.0,1.0,0.876,0.55
125,,0.4,0.4,0.674,0.85,0.85,0.85,0.726,0.4
126,,0.25,0.25,0.524,0.7,0.7,0.7,0.576,0.25
127,,0.1,0.1,0.374,0.55,0.55,0.55,0.426,0.1
128,,-0.05,-0.05,0.224,0.4,0.4,0.4,0.276,-0.05
129,8,0.312,0.1,0.162,0.25,0.338,0.55,0.638,0.95
130,8,0.674,0.25,0.1,0.1,0.276,0.7,1.0,1.0
131,,0.524,0.1,-0.05,-0.05,0.126,0.55,0.85,0.85
132,4,0.462,0.25,0.312,0.95,0.488,0.7,0.788,0.7
133,4,0.4,0.4,0.674,1.0,0.85,0.85,0.726,0.55
134,,0.25,0.25,0.524,0.85,0.7,0.7,0.576,0.4
135,,0.1,0.1,0.374,0.7,0.55,0.55,0.426,0.25
136,,-0.05,-0.05,0.224,0.55,0.4,0.4,0.276,0.1
137,2,0.312,0.95,0.586,0.7,0.338,0.25,0.214,0.25
138,2,0.674,1.0,0.948,0.85,0.276,0.1,0.152,0.4
139,,0.524,0.85,0.798,0.7,0.126,-0.05,0.002,0.25
140,6,0.462,0.7,0.736,0.85,0.488,0.95,0.364,0.4
141,6,0.4,0.55,0.674,1.0,0.85,1.0,0.726,0.55
142,,0.25,0.4,0.524,0.85,0.7,0.85,0.576,0.4
143,,0.1,0.25,0.374,0.7,0.55,0.7,0.426,0.25
144,,-0.05,0.1,0.224,0.55,0.4,0.55,0.276,0.1
145,1,0.95,0.462,0.374,0.488,0.25,0.488,0.426,0.462
146,1,1.0,0.824,0.524,0.426,0.1,0.426,0.576,0.824
147,,0.85,0.674,0.374,0.276,-0.05,0.276,0.426,0.674
148,5,0.7,0.612,0.524,0.638,0.95,0.638,0.576,0.612
149,5,0.55,0.55,0.674,1.0,1.0,1.0,0.726,0.55
150,,0.4,0.4,0.524,0.85,0.85,0.85,0.576,0.4
151,,0.25,0.25,0.374,0.7,0.7,0.7,0.426,0.25
152,,0.1,0.1,0.224,0.55,0.55,0.55,0.276,0.1
153,,-0.05,-0.05,0.074,0.4,0.4,0.4,0.126,-0.05
154,8,0.312,0.1,0.012,0.25,0.338,0.55,0.488,0.95
155,8,0.674,0.25,-0.05,0.1,0.276,0.7,0.85,1.0
156,3,0.824,0.612,0.95,0.462,0.426,0.638,0.7,0.938
157,3,0.974,0.974,1.0,0.824,0.576,0.576,0.55,0.876
158,,0.824,0.824,0.85,0.674,0.426,0.426,0.4,0.726
159,,0.674,0.674,0.7,0.524,0.276,0.276,0.25,0.576
160,,0.524,0.524,0.55,0.374,0.126,0.126,0.1,0.426
161,,0.374,0.374,0.4,0.224,-0.024,-0.024,-0.05,0.276
162,7,0.524,0.312,0.25,0.162,0.126,0.338,0.95,0.638
163,7,0.674,0.25,0.1,0.1,0.276,0.7,1.0,1.0
164,,0.524,0.1,-0.05,-0.05,0.126,0.55,0.85,0.85
165,3,0.674,0.462,0.95,0.312,0.276,0.488,0.7,0.788
166,3,0.824,0.824,1.0,0.674,0.426,0.426,0.55,0.726
167,,0.674,0.674,0.85,0.524,0.276,0.276,0.4,0.576
168,,0.524,0.524,0.7,0.374,0.126,0.126,0.25,0.426
169,,0.374,0.374,0.55,0.224,-0.024,-0.024,0.1,0.276
170,5,0.224,0.312,0.7,0.586,0.976,0.338,0.25,0.214
171,5,0.074,0.25,0.85,0.948,1.0,0.7,0.4,0.152
172,,-0.076,0.1,0.7,0.798,0.85,0.55,0.25,0.002
173,1,0.924,0.462,0.85,0.736,0.7,0.488,0.4,0.364
174,1,1.0,0.824,1.0,0.674,0.55,0.426,0.55,0.726
175,,0.85,0.674,0.85,0.524,0.4,0.276,0.4,0.576
176,,0.7,0.524,0.7,0.374,0.25,0.126,0.25,0.426
177,,0.55,0.374,0.55,0.224,0.1,-0.024,0.1,0.276
178,6,0.488,0.224,0.488,0.374,0.462,0.976,0.462,0.426
179,6,0.426,0.074,0.426,0.524,0.824,1.0,0.824,0.576
180,,0.276,-0.076,0.276,0.374,0.674,0.85,0.674,0.426
181,2,0.638,0.924,0.638,0.524,0.612,0.7,0.612,0.576
182,2,1.0,1.0,1.0,0.674,0.55,0.55,0.55,0.726
183,,0.85,0.85,0.85,0.524,0.4,0.4,0.4,0.576
184,,0.7,0.7,0.7,0.374,0.25,0.25,0.25,0.426
185,,0.55,0.55,0.55,0.224,0.1,0.1,0.1,0.276
186,,0.4,0.4,0.4,0.074,-0.05,-0.05,-0.05,0.126
187,5,0.25,0.338,0.55,0.436,0.95,0.312,0.1,0.064
188,5,0.1,0.276,0.7,0.798,1.0,0.674,0.25,0.002
189,,-0.05,0.126,0.55,0.648,0.85,0.524,0.1,-0.148
190,8,0.312,0.276,0.488,0.498,0.788,0.674,0.462,0.852
191,8,0.674,0.426,0.426,0.348,0.726,0.824,0.824,1.0
192,,0.524,0.276,0.276,0.198,0.576,0.674,0.674,0.85
193,,0.374,0.126,0.126,0.048,0.426,0.524,0.524,0.7
194,,0.224,-0.024,-0.024,-0.102,0.276,0.374,0.374,0.55
195,4,0.162,0.126,0.338,0.898,0.638,0.524,0.312,0.4
196,4,0.1,0.276,0.7,1.0,1.0,0.674,0.25,0.25
197,,-0.05,0.126,0.55,0.85,0.85,0.524,0.1,0.1
198,1,0.95,0.488,0.7,0.788,0.7,0.462,0.25,0.462
199,1,1.0,0.85,0.85,0.726,0.55,0.4,0.4,0.824
200,,0.85,0.7,0.7,0.576,0.4,0.25,0.25,0.674
201,,0.7,0.55,0.55,0.426,0.25,0.1,0.1,0.524
202,,0.55,0.4,0.4,0.276,0.1,-0.05,-0.05,0.374
203,7,0.7,0.338,0.25,0.214,0.25,0.312,0.95,0.736
204,7,0.85,0.276,0.1,0.152,0.4,0.674,1.0,1.0
205,,0.7,0.126,-0.05,0.002,0.25,0.524,0.85,0.85
206,3,0.85,0.488,0.95,0.364,0.4,0.462,0.7,0.788
207,3,1.0,0.85,1.0,0.726,0.55,0.4,0.55,0.726
208,,0.85,0.7,0.85,0.576,0.4,0.25,0.4,0.576
209,,0.7,0.55,0.7,0.426,0.25,0.1,0.25,0.426
210,,0.55,0.4,0.55,0.276,0.1,-0.05,0.1,0.276
211,6,0.488,0.25,0.488,0.426,0.462,0.95,0.462,0.426
212,6,0.426,0.1,0.426,0.576,0.824,1.0,0.824,0.576
213,,0.276,-0.05,0.276,0.426,0.674,0.85,0.674,0.426
214,2,0.638,0.95,0.638,0.576,0.612,0.7,0.612,0.576
215,2,1.0,1.0,1.0,0.726,0.55,0.55,0.55,0.726
216,,0.85,0.85,0.85,0.576,0.4,0.4,0.4,0.576
217,,0.7,0.7,0.7,0.426,0.25,0.25,0.25,0.426
218,,0.55,0.55,0.55,0.276,0.1,0.1,0.1,0.276
219,,0.4,0.4,0.4,0.126,-0.05,-0.05,-0.05,0.126
220,6,0.338,0.25,0.338,0.276,0.312,0.95,0.312,0.276
221,6,0.276,0.1,0.276,0.426,0.674,1.0,0.674,0.426
222,,0.126,-0.05,0.126,0.276,0.524,0.85,0.524,0.276
223,2,0.488,0.95,0.488,0.426,0.462,0.7,0.462,0.426
224,2,0.85,1.0,0.85,0.576,0.4,0.55,0.4,0.576
225,,0.7,0.85,0.7,0.426,0.25,0.4,0.25,0.426
226,,0.55,0.7,0.55,0.276,0.1,0.25,0.1,0.276
227,,0.4,0.55,0.4,0.126,-0.05,0.1,-0.05,0.126
228,5,0.25,0.488,0.55,0.488,0.95,0.462,0.1,0.064
229,5,0.1,0.426,0.7,0.85,1.0,0.824,0.25,0.002
230,,-0.05,0.276,0.55,0.7,0.85,0.674,0.1,-0.148
231,8,0.312,0.426,0.488,0.55,0.788,0.824,0.462,0.852
232,8,0.674,0.576,0.426,0.4,0.726,0.974,0.824,1.0
233,,0.524,0.426,0.276,0.25,0.576,0.824,0.674,0.85
234,,0.374,0.276,0.126,0.1,0.426,0.674,0.524,0.7
235,,0.224,0.126,-0.024,-0.05,0.276,0.524,0.374,0.55
236,4,0.162,0.276,0.338,0.95,0.638,0.674,0.312,0.4
237,4,0.1,0.426,0.7,1.0,1.0,0.824,0.25,0.25
238,,-0.05,0.276,0.55,0.85,0.85,0.674,0.1,0.1
239,1,0.95,0.638,0.7,0.788,0.7,0.612,0.25,0.462
240,1,1.0,1.0,0.85,0.726,0.55,0.55,0.4,0.824
241,,0.85,0.85,0.7,0.576,0.4,0.4,0.25,0.674
242,,0.7,0.7,0.55,0.426,0.25,0.25,0.1,0.524
243,,0.55,0.55,0.4,0.276,0.1,0.1,-0.05,0.374
244,7,0.7,0.488,0.25,0.214,0.25,0.462,0.95,0.736
245,7,0.85,0.426,0.1,0.152,0.4,0.824,1.0,1.0
246,,0.7,0.276,-0.05,0.002,0.25,0.674,0.85,0.85
247,3,0.85,0.638,0.95,0.364,0.4,0.612,0.7,0.788
248,3,1.0,1.0,1.0,0.726,0.55,0.55,0.55,0.726
249,,0.85,0.85,0.85,0.576,0.4,0.4,0.4,0.576
250,,0.7,0.7,0.7,0.426,0.25,0.25,0.25,0.426
251,,0.55,0.55,0.55,0.276,0.1,0.1,0.1,0.276
252,,0.4,0.4,0.4,0.126,-0.05,-0.05,-0.05,0.126
253,7,0.55,0.338,0.25,0.064,0.1,0.312,0.95,0.488
254,7,0.7,0.276,0.1,0.002,0.25,0.674,1.0,0.85
255,,0.55,0.126,-0.05,-0.148,0.1,0.524,0.85,0.7
256,4,0.488,0.276,0.312,0.852,0.462,0.674,0.788,0.55
257,4,0.426,0.426,0.674,1.0,0.824,0.824,0.726,0.4
258,,0.276,0.276,0.524,0.85,0.674,0.674,0.576,0.25
259,,0.126,0.126,0.374,0.7,0.524,0.524,0.426,0.1
260,,-0.024,-0.024,0.224,0.55,0.374,0.374,0.276,-0.05
261,8,0.338,0.126,0.162,0.4,0.312,0.524,0.638,0.95
262,8,0.7,0.276,0.1,0.25,0.25,0.674,1.0,1.0
263,,0.55,0.126,-0.05,0.1,0.1,0.524,0.85,0.85
264,3,0.7,0.488,0.95,0.462,0.25,0.462,0.7,0.788
265,3,0.85,0.85,1.0,0.824,0.4,0.4,0.55,0.726
266,,0.7,0.7,0.85,0.674,0.25,0.25,0.4,0.576
267,,0.55,0.55,0.7,0.524,0.1,0.1,0.25,0.426
268,,0.4,0.4,0.55,0.374,-0.05,-0.05,0.1,0.276
269,6,0.338,0.25,0.488,0.524,0.312,0.95,0.462,0.426
270,6,0.276,0.1,0.426,0.674,0.674,1.0,0.824,0.576
271,,0.126,-0.05,0.276,0.524,0.524,0.85,0.674,0.426
272,2,0.488,0.95,0.638,0.674,0.462,0.7,0.612,0.576
273,2,0.85,1.0,1.0,0.824,0.4,0.55,0.55,0.726
274,,0.7,0.85,0.85,0.674,0.25,0.4,0.4,0.576
275,,0.55,0.7,0.7,0.524,0.1,0.25,0.25,0.426
276,,0.4,0.55,0.55,0.374,-0.05,0.1,0.1,0.276
277,5,0.25,0.488,0.7,0.736,0.95,0.462,0.25,0.214
278,5,0.1,0.426,0.85,1.0,1.0,0.824,0.4,0.152
279,,-0.05,0.276,0.7,0.85,0.85,0.674,0.25,0.002
280,1,0.95,0.638,0.85,0.788,0.7,0.612,0.4,0.364
281,1,1.0,1.0,1.0,0.726,0.55,0.55,0.55,0.726
282,,0.85,0.85,0.85,0.576,0.4,0.4,0.4,0.576
283,,0.7,0.7,0.7,0.426,0.25,0.25,0.25,0.426
284,,0.55,0.55,0.55,0.276,0.1,0.1,0.1,0.276
285,,0.4,0.4,0.4,0.126,-0.05,-0.05,-0.05,0.126
286,5,0.25,0.338,0.55,0.488,0.95,0.312,0.1,0.064
287,5,0.1,0.276,0.7,0.85,1.0,0.674,0.25,0.002
288,,-0.05,0.126,0.55,0.7,0.85,0.524,0.1,-0.148
289,8,0.312,0.276,0.488,0.55,0.788,0.674,0.462,0.852
290,8,0.674,0.426,0.426,0.4,0.726,0.824,0.824,1.0
291,,0.524,0.276,0.276,0.25,0.576,0.674,0.674,0.85
292,,0.374,0.126,0.126,0.1,0.426,0.524,0.524,0.7
293,,0.224,-0.024,-0.024,-0.05,0.276,0.374,0.374,0.55
294,4,0.162,0.126,0.338,0.95,0.638,0.524,0.312,0.4
295,4,0.1,0.276,0.7,1.0,1.0,0.674,0.25,0.25
296,,-0.05,0.126,0.55,0.85,0.85,0.524,0.1,0.1
297,1,0.95,0.488,0.7,0.788,0.7,0.462,0.25,0.462
298,1,1.0,0.85,0.85,0.726,0.55,0.4,0.4,0.824
299,,0.85,0.7,0.7,0.576,0.4,0.25,0.25,0.674
300,,0.7,0.55,0.55,0.426,0.25,0.1,0.1,0.524
301,,0.55,0.4,0.4,0.276,0.1,-0.05,-0.05,0.374
302,7,0.7,0.338,0.25,0.214,0.25,0.312,0.95,0.736
303,7,0.85,0.276,0.1,0.152,0.4,0.674,1.0,1.0
304,,0.7,0.126,-0.05,0.002,0.25,0.524,0.85,0.85
305,3,0.85,0.488,0.95,0.364,0.4,0.462,0.7,0.788
306,3,1.0,0.85,1.0,0.726,0.55,0.4,0.55,0.726
307,,0.85,0.7,0.85,0.576,0.4,0.25,0.4,0.576
308,,0.7,0.55,0.7,0.426,0.25,0.1,0.25,0.426
309,,0.55,0.4,0.55,0.276,0.1,-0.05,0.1,0.276
310,6,0.488,0.25,0.488,0.426,0.462,0.95,0.462,0.426
311,6,0.426,0.1,0.426,0.576,0.824,1.0,0.824,0.576
312,,0.276,-0.05,0.276,0.426,0.674,0.85,0.674,0.426
313,2,0.638,0.95,0.638,0.576,0.612,0.7,0.612,0.576
314,2,1.0,1.0,1.0,0.726,0.55,0.55,0.55,0.726
315,,0.85,0.85,0.85,0.576,0.4,0.4,0.4,0.576
316,,0.7,0.7,0.7,0.426,0.25,0.25,0.25,0.426
317,,0.55,0.55,0.55,0.276,0.1,0.1,0.1,0.276
318,,0.4,0.4,0.4,0.126,-0.05,-0.05,-0.05,0.126
319,5,0.25,0.338,0.55,0.488,0.95,0.312,0.1,0.064
320,5,0.1,0.276,0.7,0.85,1.0,0.674,0.25,0.002
321,,-0.05,0.126,0.55,0.7,0.85,0.524,0.1,-0.148
322,8,0.312,0.276,0.488,0.55,0.788,0.674,0.462,0.852
323,8,0.674,0.426,0.426,0.4,0.726,0.824,0.824,1.0
324,,0.524,0.276,0.276,0.25,0.576,0.674,0.674,0.85
325,,0.374,0.126,0.126,0.1,0.426,0.524,0.524,0.7
326,,0.224,-0.024,-0.024,-0.05,0.276,0.374,0.374,0.55
327,4,0.162,0.126,0.338,0.95,0.638,0.524,0.312,0.4
328,4,0.1,0.276,0.7,1.0,1.0,0.674,0.25,0.25
329,,-0.05,0.126,0.55,0.85,0.85,0.524,0.1,0.1
330,1,0.95,0.488,0.7,0.788,0.7,0.462,0.25,0.462
331,1,1.0,0.85,0.85,0.726,0.55,0.4,0.4,0.824
332,,0.85,0.7,0.7,0.576,0.4,0.25,0.25,0.674
333,,0.7,0.55,0.55,0.426,0.25,0.1,0.1,0.524
334,,0.55,0.4,0.4,0.276,0.1,-0.05,-0.05,0.374
335,6,0.488,0.25,0.338,0.426,0.462,0.95,0.312,0.524
336,6,0.426,0.1,0.276,0.576,0.824,1.0,0.674,0.674
337,,0.276,-0.05,0.126,0.426,0.674,0.85,0.524,0.524
338,2,0.638,0.95,0.488,0.576,0.612,0.7,0.462,0.674
339,2,1.0,1.0,0.85,0.726,0.55,0.55,0.4,0.824
340,,0.85,0.85,0.7,0.576,0.4,0.4,0.25,0.674
341,,0.7,0.7,0.55,0.426,0.25,0.25,0.1,0.524
342,,0.55,0.55,0.4,0.276,0.1,0.1,-0.05,0.374
343,7,0.7,0.488,0.25,0.214,0.25,0.462,0.95,0.736
344,7,0.85,0.426,0.1,0.152,0.4,0.824,1.0,1.0
345,,0.7,0.276,-0.05,0.002,0.25,0.674,0.85,0.85
346,3,0.85,0.638,0.95,0.364,0.4,0.612,0.7,0.788
347,3,1.0,1.0,1.0,0.726,0.55,0.55,0.55,0.726
348,,0.85,0.85,0.85,0.576,0.4,0.4,0.4,0.576
349,,0.7,0.7,0.7,0.426,0.25,0.25,0.25,0.426
350,,0.55,0.55,0.55,0.276,0.1,0.1,0.1,0.276
351,,0.4,0.4,0.4,0.126,-0.05,-0.05,-0.05,0.126
352,5,0.25,0.338,0.55,0.488,0.95,0.312,0.1,0.064
353,5,0.1,0.276,0.7,0.85,1.0,0.674,0.25,0.002
354,,-0.05,0.126,0.55,0.7,0.85,0.524,0.1,-0.148
355,8,0.312,0.276,0.488,0.55,0.788,0.674,0.462,0.852
356,8,0.674,0.426,0.426,0.4,0.726,0.824,0.824,1.0
357,,0.524,0.276,0.276,0.25,0.576,0.674,0.674,0.85
358,,0.374,0.126,0.126,0.1,0.426,0.524,0.524,0.7
359,,0.224,-0.024,-0.024,-0.05,0.276,0.374,0.374,0.55
360,4,0.162,0.126,0.338,0.95,0.638,0.524,0.312,0.4
361,4,0.1,0.276,0.7,1.0,1.0,0.674,0.25,0.25
362,,-0.05,0.126,0.55,0.85,0.85,0.524,0.1,0.1
363,1,0.95,0.488,0.7,0.788,0.7,0.462,0.25,0.462
364,1,1.0,0.85,0.85,0.726,0.55,0.4,0.4,0.824
365,,0.85,0.7,0.7,0.576,0.4,0.25,0.25,0.674
366,,0.7,0.55,0.55,0.426,0.25,0.1,0.1,0.524
367,,0.55,0.4,0.4,0.276,0.1,-0.05,-0.05,0.374
368,6,0.488,0.25,0.338,0.426,0.462,0.95,0.312,0.524
369,6,0.426,0.1,0.276,0.576,0.824,1.0,0.674,0.674
370,,0.276,-0.05,0.126,0.426,0.674,0.85,0.524,0.524
371,2,0.638,0.95,0.488,0.576,0.612,0.7,0.462,0.674
372,2,1.0,1.0,0.85,0.726,0.55,0.55,0.4,0.824
373,,0.85,0.85,0.7,0.576,0.4,0.4,0.25,0.674
374,,0.7,0.7,0.55,0.426,0.25,0.25,0.1,0.524
375,,0.55,0.55,0.4,0.276,0.1,0.1,-0.05,0.374
376,7,0.7,0.488,0.25,0.214,0.25,0.462,0.95,0.736
377,7,0.85,0.426,0.1,0.152,0.4,0.824,1.0,1.0
378,,0.7,0.276,-0.05,0.002,0.25,0.674,0.85,0.85
379,3,0.85,0.638,0.95,0.364,0.4,0.612,0.7,0.788
380,3,1.0,1.0,1.0,0.726,0.55,0.55,0.55,0.726
381,,0.85,0.85,0.85,0.576,0.4,0.4,0.4,0.576
382,,0.7,0.7,0.7,0.426,0.25,0.25,0.25,0.426
383,,0.55,0.55,0.55,0.276,0.1,0.1,0.1,0.276
384,,0.4,0.4,0.4,0.126,-0.05,-0.05,-0.05,0.126
385,7,0.55,0.338,0.25,0.064,0.1,0.312,0.95,0.488
386,7,0.7,0.276,0.1,0.002,0.25,0.674,1.0,0.85
387,,0.55,0.126,-0.05,-0.148,0.1,0.524,0.85,0.7
388,4,0.488,0.276,0.312,0.852,0.462,0.674,0.788,0.55
389,4,0.426,0.426,0.674,1.0,0.824,0.824,0.726,0.4
390,,0.276,0.276,0.524,0.85,0.674,0.674,0.576,0.25
391,,0.126,0.126,0.374,0.7,0.524,0.524,0.426,0.1
392,,-0.024,-0.024,0.224,0.55,0.374,0.374,0.276,-0.05
393,8,0.338,0.126,0.162,0.4,0.312,0.524,0.638,0.95
394,8,0.7,0.276,0.1,0.25,0.25,0.674,1.0,1.0
395,,0.55,0.126,-0.05,0.1,0.1,0.524,0.85,0.85
396,3,0.7,0.488,0.95,0.462,0.25,0.462,0.7,0.788
397,3,0.85,0.85,1.0,0.824,0.4,0.4,0.55,0.726
398,,0.7,0.7,0.85,0.674,0.25,0.25,0.4,0.576
399,,0.55,0.55,0.7,0.524,0.1,0.1,0.25,0.426
400,,0.4,0.4,0.55,0.374,-0.05,-0.05,0.1,0.276
401,5,0.25,0.338,0.7,0.736,0.95,0.312,0.25,0.214
402,5,0.1,0.276,0.85,1.0,1.0,0.674,0.4,0.152
403,,-0.05,0.126,0.7,0.85,0.85,0.524,0.25,0.002
404,1,0.95,0.488,0.85,0.788,0.7,0.462,0.4,0.364
405,1,1.0,0.85,1.0,0.726,0.55,0.4,0.55,0.726
406,,0.85,0.7,0.85,0.576,0.4,0.25,0.4,0.576
407,,0.7,0.55,0.7,0.426,0.25,0.1,0.25,0.426
408,,0.55,0.4,0.55,0.276,0.1,-0.05,0.1,0.276
409,6,0.488,0.25,0.488,0.426,0.462,0.95,0.462,0.426
410,6,0.426,0.1,0.426,0.576,0.824,1.0,0.824,0.576
411,,0.276,-0.05,0.276,0.426,0.674,0.85,0.674,0.426
412,2,0.638,0.95,0.638,0.576,0.612,0.7,0.612,0.576
413,2,1.0,1.0,1.0,0.726,0.55,0.55,0.55,0.726
414,,0.85,0.85,0.85,0.576,0.4,0.4,0.4,0.576
415,,0.7,0.7,0.7,0.426,0.25,0.25,0.25,0.426
416,,0.55,0.55,0.55,0.276,0.1,0.1,0.1,0.276
417,,0.4,0.4,0.4,0.126,-0.05,-0.05,-0.05,0.126
418,5,0.25,0.338,0.55,0.488,0.95,0.312,0.1,0.064
419,5,0.1,0.276,0.7,0.85,1.0,0.674,0.25,0.002
420,,-0.05,0.126,0.55,0.7,0.85,0.524,0.1,-0.148
421,8,0.312,0.276,0.488,0.55,0.788,0.674,0.462,0.852
422,8,0.674,0.426,0.426,0.4,0.726,0.824,0.824,1.0
423,,0.524,0.276,0.276,0.25,0.576,0.674,0.674,0.85
424,,0.374,0.126,0.126,0.1,0.426,0.524,0.524,0.7
425,,0.224,-0.024,-0.024,-0.05,0.276,0.374,0.374,0.55
426,4,0.162,0.126,0.338,0.95,0.638,0.524,0.312,0.4
427,4,0.1,0.276,0.7,1.0,1.0,0.674,0.25,0.25
428,,-0.05,0.126,0.55,0.85,0.85,0.524,0.1,0.1
429,1,0.95,0.488,0.7,0.788,0.7,0.462,0.25,0.462
430,1,1.0,0.85,0.85,0.726,0.55,0.4,0.4,0.824
431,,0.85,0.7,0.7,0.576,0.4,0.25,0.25,0.674
432,,0.7,0.55,0.55,0.426,0.25,0.1,0.1,0.524
433,,0.55,0.4,0.4,0.276,0.1,-0.05,-0.05,0.374
434,7,0.7,0.338,0.25,0.214,0.25,0.312,0.95,0.736
435,7,0.85,0.276,0.1,0.152,0.4,0.674,1.0,1.0
436,,0.7,0.126,-0.05,0.002,0.25,0.524,0.85,0.85
437,3,0.85,0.488,0.95,0.364,0.4,0.462,0.7,0.788
438,3,1.0,0.85,1.0,0.726,0.55,0.4,0.55,0.726
439,,0.85,0.7,0.85,0.576,0.4,0.25,0.4,0.576
440,,0.7,0.55,0.7,0.426,0.25,0.1,0.25,0.426
441,,0.55,0.4,0.55,0.276,0.1,-0.05,0.1,0.276
442,6,0.488,0.25,0.488,0.426,0.462,0.95,0.462,0.426
443,6,0.426,0.1,0.426,0.576,0.824,1.0,0.824,0.576
444,,0.276,-0.05,0.276,0.426,0.674,0.85,0.674,0.426
445,2,0.638,0.95,0.638,0.576,0.612,0.7,0.612,0.576
446,2,1.0,1.0,1.0,0.726,0.55,0.55,0.55,0.726
447,,0.85,0.85,0.85,0.576,0.4,0.4,0.4,0.576
448,,0.7,0.7,0.7,0.426,0.25,0.25,0.25,0.426
449,,0.55,0.55,0.55,0.276,0.1,0.1,0.1,0.276
450,,0.4,0.4,0.4,0.126,-0.05,-0.05,-0.05,0.126
451,6,0.338,0.25,0.338,0.276,0.312,0.95,0.312,0.276
452,6,0.276,0.1,0.276,0.426,0.674,1.0,0.674,0.426
453,,0.126,-0.05,0.126,0.276,0.524,0.85,0.524,0.276
454,2,0.488,0.95,0.488,0.426,0.462,0.7,0.462,0.426
455,2,0.85,1.0,0.85,0.576,0.4,0.55,0.4,0.576
456,,0.7,0.85,0.7,0.426,0.25,0.4,0.25,0.426
457,,0.55,0.7,0.55,0.276,0.1,0.25,0.1,0.276
458,,0.4,0.55,0.4,0.126,-0.05,0.1,-0.05,0.126
459,7,0.55,0.488,0.25,0.064,0.1,0.462,0.95,0.488
460,7,0.7,0.426,0.1,0.002,0.25,0.824,1.0,0.85
461,,0.55,0.276,-0.05,-0.148,0.1,0.674,0.85,0.7
462,4,0.488,0.426,0.312,0.852,0.462,0.824,0.788,0.55
463,4,0.426,0.576,0.674,1.0,0.824,0.974,0.726,0.4
464,,0.276,0.426,0.524,0.85,0.674,0.824,0.576,0.25
465,,0.126,0.276,0.374,0.7,0.524,0.674,0.426,0.1
466,,-0.024,0.126,0.224,0.55,0.374,0.524,0.276,-0.05
467,8,0.338,0.276,0.162,0.4,0.312,0.674,0.638,0.95
468,8,0.7,0.426,0.1,0.25,0.25,0.824,1.0,1.0
469,,0.55,0.276,-0.05,0.1,0.1,0.674,0.85,0.85
470,3,0.7,0.638,0.95,0.462,0.25,0.612,0.7,0.788
471,3,0.85,1.0,1.0,0.824,0.4,0.55,0.55,0.726
472,,0.7,0.85,0.85,0.674,0.25,0.4,0.4,0.576
473,,0.55,0.7,0.7,0.524,0.1,0.25,0.25,0.426
474,,0.4,0.55,0.55,0.374,-0.05,0.1,0.1,0.276
475,5,0.25,0.488,0.7,0.736,0.95,0.462,0.25,0.214
476,5,0.1,0.426,0.85,1.0,1.0,0.824,0.4,0.152
477,,-0.05,0.276,0.7,0.85,0.85,0.674,0.25,0.002
478,1,0.95,0.638,0.85,0.788,0.7,0.612,0.4,0.364
479,1,1.0,1.0,1.0,0.726,0.55,0.55,0.55,0.726
480,,0.85,0.85,0.85,0.576,0.4,0.4,0.4,0.576
481,,0.7,0.7,0.7,0.426,0.25,0.25,0.25,0.426
482,,0.55,0.55,0.55,0.276,0.1,0.1,0.1,0.276
483,,0.4,0.4,0.4,0.126,-0.05,-0.05,-0.05,0.126
484,6,0.338,0.25,0.338,0.276,0.312,0.95,0.312,0.276
485,6,0.276,0.1,0.276,0.426,0.674,1.0,0.674,0.426
486,,0.126,-0.05,0.126,0.276,0.524,0.85,0.524,0.276
487,2,0.488,0.95,0.488,0.426,0.462,0.7,0.462,0.426
488,2,0.85,1.0,0.85,0.576,0.4,0.55,0.4,0.576
489,,0.7,0.85,0.7,0.426,0.25,0.4,0.25,0.426
490,,0.55,0.7,0.55,0.276,0.1,0.25,0.1,0.276
491,,0.4,0.55,0.4,0.126,-0.05,0.1,-0.05,0.126
492,5,0.25,0.488,0.55,0.488,0.95,0.462,0.1,0.064
493,5,0.1,0.426,0.7,0.85,1.0,0.824,0.25,0.002
494,,-0.05,0.276,0.55,0.7,0.85,0.674,0.1,-0.148
495,8,0.312,0.426,0.488,0.55,0.788,0.824,0.462,0.852
496,8,0.674,0.576,0.426,0.4,0.726,0.974,0.824,1.0
497,,0.524,0.426,0.276,0.25,0.576,0.824,0.674,0.85
498,,0.374,0.276,0.126,0.1,0.426,0.674,0.524,0.7
499,,0.224,0.126,-0.024,-0.05,0.276,0.524,0.374,0.55
