step,active_motive,motive_1,motive_2,motive_3,motive_4,motive_5,motive_6,motive_7,motive_8
0,,0.47476,0.07354,0.46329,0.24606,0.12912,0.22957,0.49002,0.24631
1,,0.32476,-0.07646,0.31329,0.09606,-0.02088,0.07957,0.34002,0.09631
2,2,0.68676,0.92354,0.67529,0.24606,-0.08288,-0.07043,0.27802,0.24631
3,2,1.0,1.0,1.0,0.39606,-0.14488,-0.22043,0.21602,0.39631
4,6,0.938,0.85,0.938,0.54606,0.21712,0.77957,0.57802,0.54631
5,6,0.876,0.7,0.876,0.69606,0.57912,1.0,0.94002,0.69631
6,,0.726,0.55,0.726,0.54606,0.42912,0.85,0.79002,0.54631
7,,0.576,0.4,0.576,0.39606,0.27912,0.7,0.64002,0.39631
8,,0.426,0.25,0.426,0.24606,0.12912,0.55,0.49002,0.24631
9,,0.276,0.1,0.276,0.09606,-0.02088,0.4,0.34002,0.09631
10,5,0.126,0.038,0.426,0.45806,0.97912,0.762,0.49002,0.03431
11,5,-0.024,-0.024,0.576,0.82006,1.0,1.0,0.64002,-0.02769
12,8,0.338,0.126,0.514,0.67006,0.938,1.0,1.0,0.97231
13,8,0.7,0.276,0.452,0.52006,0.876,1.0,1.0,1.0
14,,0.55,0.126,0.302,0.37006,0.726,0.85,0.85,0.85
15,,0.4,-0.024,0.152,0.22006,0.576,0.7,0.7,0.7
16,2,0.762,0.976,0.514,0.37006,0.514,0.55,0.638,0.85
17,2,1.0,1.0,0.876,0.52006,0.452,0.4,0.576,1.0
18,,0.85,0.85,0.726,0.37006,0.302,0.25,0.426,0.85
19,,0.7,0.7,0.576,0.22006,0.152,0.1,0.276,0.7
20,,0.55,0.55,0.426,0.07006,0.002,-0.05,0.126,0.55
21,6,0.488,0.4,0.364,0.22006,0.364,0.95,0.488,0.7
22,6,0.426,0.25,0.302,0.37006,0.726,1.0,0.85,0.85
23,,0.276,0.1,0.152,0.22006,0.576,0.85,0.7,0.7
24,,0.126,-0.05,0.002,0.07006,0.426,0.7,0.55,0.55
25,2,0.488,0.95,0.364,0.22006,0.364,0.55,0.488,0.7
26,2,0.85,1.0,0.726,0.37006,0.302,0.4,0.426,0.85
27,,0.7,0.85,0.576,0.22006,0.152,0.25,0.276,0.7
28,,0.55,0.7,0.426,0.07006,0.002,0.1,0.126,0.55
29,,0.4,0.55,0.276,-0.07994,-0.148,-0.05,-0.024,0.4
30,5,0.25,0.488,0.426,0.28206,0.852,0.312,0.126,0.338
31,5,0.1,0.426,0.576,0.64406,1.0,0.674,0.276,0.276
32,,-0.05,0.276,0.426,0.49406,0.85,0.524,0.126,0.126
33,1,0.95,0.638,0.576,0.43206,0.7,0.462,0.276,0.488
34,1,1.0,1.0,0.726,0.37006,0.55,0.4,0.426,0.85
35,,0.85,0.85,0.576,0.22006,0.4,0.25,0.276,0.7
36,,0.7,0.7,0.426,0.07006,0.25,0.1,0.126,0.55
37,,0.55,0.55,0.276,-0.07994,0.1,-0.05,-0.024,0.4
38,4,0.488,0.7,0.638,0.92006,0.462,0.1,-0.086,0.25
39,4,0.426,0.85,1.0,1.0,0.824,0.25,-0.148,0.1
40,7,0.576,0.788,0.85,0.938,0.974,0.612,0.852,0.462
41,7,0.726,0.726,0.7,0.876,1.0,0.974,1.0,0.824
42,,0.576,0.576,0.55,0.726,0.85,0.824,0.85,0.674
43,,0.426,0.426,0.4,0.576,0.7,0.674,0.7,0.524
44,,0.276,0.276,0.25,0.426,0.55,0.524,0.55,0.374
45,,0.126,0.126,0.1,0.276,0.4,0.374,0.4,0.224
46,,-0.024,-0.024,-0.05,0.126,0.25,0.224,0.25,0.074
47,3,0.126,0.338,0.95,0.488,0.4,0.162,0.1,0.012
48,3,0.276,0.7,1.0,0.85,0.55,0.1,-0.05,-0.05
49,7,0.426,0.638,0.85,0.788,0.7,0.462,0.95,0.312
50,7,0.576,0.576,0.7,0.726,0.85,0.824,1.0,0.674
51,,0.426,0.426,0.55,0.576,0.7,0.674,0.85,0.524
52,,0.276,0.276,0.4,0.426,0.55,0.524,0.7,0.374
53,,0.126,0.126,0.25,0.276,0.4,0.374,0.55,0.224
54,,-0.024,-0.024,0.1,0.126,0.25,0.224,0.4,0.074
55,2,0.338,0.976,0.462,0.276,0.188,0.074,0.338,0.224
56,2,0.7,1.0,0.824,0.426,0.126,-0.076,0.276,0.374
57,6,0.638,0.85,0.762,0.576,0.488,0.924,0.638,0.524
58,6,0.576,0.7,0.7,0.726,0.85,1.0,1.0,0.674
59,,0.426,0.55,0.55,0.576,0.7,0.85,0.85,0.524
60,,0.276,0.4,0.4,0.426,0.55,0.7,0.7,0.374
61,,0.126,0.25,0.25,0.276,0.4,0.55,0.55,0.224
62,,-0.024,0.1,0.1,0.126,0.25,0.4,0.4,0.074
63,1,0.976,0.462,0.25,0.064,0.1,0.338,0.55,0.436
64,1,1.0,0.824,0.4,0.002,-0.05,0.276,0.7,0.798
65,5,0.85,0.762,0.55,0.364,0.95,0.638,0.85,0.736
66,5,0.7,0.7,0.7,0.726,1.0,1.0,1.0,0.674
67,,0.55,0.55,0.55,0.576,0.85,0.85,0.85,0.524
68,,0.4,0.4,0.4,0.426,0.7,0.7,0.7,0.374
69,,0.25,0.25,0.25,0.276,0.55,0.55,0.55,0.224
70,,0.1,0.1,0.1,0.126,0.4,0.4,0.4,0.074
71,,-0.05,-0.05,-0.05,-0.024,0.25,0.25,0.25,-0.076
72,8,0.312,0.1,-0.112,-0.174,0.188,0.4,0.612,0.924
73,8,0.674,0.25,-0.174,-0.324,0.126,0.55,0.974,1.0
74,4,0.612,0.4,0.188,0.676,0.488,0.7,0.912,0.85
75,4,0.55,0.55,0.55,1.0,0.85,0.85,0.85,0.7
76,,0.4,0.4,0.4,0.85,0.7,0.7,0.7,0.55
77,,0.25,0.25,0.25,0.7,0.55,0.55,0.55,0.4
78,,0.1,0.1,0.1,0.55,0.4,0.4,0.4,0.25
79,,-0.05,-0.05,-0.05,0.4,0.25,0.25,0.25,0.1
80,3,0.1,0.312,0.95,0.762,0.4,0.188,0.1,0.038
81,3,0.25,0.674,1.0,1.0,0.55,0.126,-0.05,-0.024
82,7,0.4,0.612,0.85,0.938,0.7,0.488,0.95,0.338
83,7,0.55,0.55,0.7,0.876,0.85,0.85,1.0,0.7
84,,0.4,0.4,0.55,0.726,0.7,0.7,0.85,0.55
85,,0.25,0.25,0.4,0.576,0.55,0.55,0.7,0.4
86,,0.1,0.1,0.25,0.426,0.4,0.4,0.55,0.25
87,,-0.05,-0.05,0.1,0.276,0.25,0.25,0.4,0.1
88,1,0.95,0.312,0.25,0.214,0.1,0.188,0.55,0.462
89,1,1.0,0.674,0.4,0.152,-0.05,0.126,0.7,0.824
90,5,0.85,0.612,0.55,0.514,0.95,0.488,0.85,0.762
91,5,0.7,0.55,0.7,0.876,1.0,0.85,1.0,0.7
92,,0.55,0.4,0.55,0.726,0.85,0.7,0.85,0.55
93,,0.4,0.25,0.4,0.576,0.7,0.55,0.7,0.4
94,,0.25,0.1,0.25,0.426,0.55,0.4,0.55,0.25
95,,0.1,-0.05,0.1,0.276,0.4,0.25,0.4,0.1
96,2,0.462,0.95,0.462,0.426,0.338,0.1,0.338,0.25
97,2,0.824,1.0,0.824,0.576,0.276,-0.05,0.276,0.4
98,6,0.762,0.85,0.762,0.726,0.638,0.95,0.638,0.55
99,6,0.7,0.7,0.7,0.876,1.0,1.0,1.0,0.7
100,,0.55,0.55,0.55,0.726,0.85,0.85,0.85,0.55
101,,0.4,0.4,0.4,0.576,0.7,0.7,0.7,0.4
102,,0.25,0.25,0.25,0.426,0.55,0.55,0.55,0.25
103,,0.1,0.1,0.1,0.276,0.4,0.4,0.4,0.1
104,,-0.05,-0.05,-0.05,0.126,0.25,0.25,0.25,-0.05
105,8,0.312,0.1,-0.112,-0.024,0.188,0.4,0.612,0.95
106,8,0.674,0.25,-0.174,-0.174,0.126,0.55,0.974,1.0
107,3,0.824,0.612,0.826,0.188,0.276,0.488,0.824,0.938
108,3,0.974,0.974,1.0,0.55,0.426,0.426,0.674,0.876
109,,0.824,0.824,0.85,0.4,0.276,0.276,0.524,0.726
110,,0.674,0.674,0.7,0.25,0.126,0.126,0.374,0.576
111,,0.524,0.524,0.55,0.1,-0.024,-0.024,0.224,0.426
112,5,0.374,0.462,0.7,0.462,0.976,0.338,0.374,0.364
113,5,0.224,0.4,0.85,0.824,1.0,0.7,0.524,0.302
114,,0.074,0.25,0.7,0.674,0.85,0.55,0.374,0.152
115,,-0.076,0.1,0.55,0.524,0.7,0.4,0.224,0.002
116,1,0.924,0.462,0.7,0.462,0.55,0.338,0.374,0.364
117,1,1.0,0.824,0.85,0.4,0.4,0.276,0.524,0.726
118,,0.85,0.674,0.7,0.25,0.25,0.126,0.374,0.576
119,,0.7,0.524,0.55,0.1,0.1,-0.024,0.224,0.426
120,6,0.638,0.374,0.488,0.25,0.462,0.976,0.586,0.576
121,6,0.576,0.224,0.426,0.4,0.824,1.0,0.948,0.726
122,,0.426,0.074,0.276,0.25,0.674,0.85,0.798,0.576
123,,0.276,-0.076,0.126,0.1,0.524,0.7,0.648,0.426
124,2,0.638,0.924,0.488,0.25,0.462,0.55,0.586,0.576
125,2,1.0,1.0,0.85,0.4,0.4,0.4,0.524,0.726
126,,0.85,0.85,0.7,0.25,0.25,0.25,0.374,0.576
127,,0.7,0.7,0.55,0.1,0.1,0.1,0.224,0.426
128,,0.55,0.55,0.4,-0.05,-0.05,-0.05,0.074,0.276
129,6,0.488,0.4,0.338,0.1,0.312,0.95,0.436,0.426
130,6,0.426,0.25,0.276,0.25,0.674,1.0,0.798,0.576
131,,0.276,0.1,0.126,0.1,0.524,0.85,0.648,0.426
132,,0.126,-0.05,-0.024,-0.05,0.374,0.7,0.498,0.276
133,2,0.488,0.95,0.338,0.1,0.312,0.55,0.436,0.426
134,2,0.85,1.0,0.7,0.25,0.25,0.4,0.374,0.576
135,,0.7,0.85,0.55,0.1,0.1,0.25,0.224,0.426
136,,0.55,0.7,0.4,-0.05,-0.05,0.1,0.074,0.276
137,4,0.488,0.85,0.762,0.95,0.312,0.25,0.012,0.126
138,4,0.426,1.0,1.0,1.0,0.674,0.4,-0.05,-0.024
139,7,0.576,0.938,0.85,0.938,0.824,0.762,0.95,0.338
140,7,0.726,0.876,0.7,0.876,0.974,1.0,1.0,0.7
141,,0.576,0.726,0.55,0.726,0.824,0.85,0.85,0.55
142,,0.426,0.576,0.4,0.576,0.674,0.7,0.7,0.4
143,,0.276,0.426,0.25,0.426,0.524,0.55,0.55,0.25
144,,0.126,0.276,0.1,0.276,0.374,0.4,0.4,0.1
145,,-0.024,0.126,-0.05,0.126,0.224,0.25,0.25,-0.05
146,3,0.126,0.488,0.95,0.488,0.374,0.188,0.1,-0.112
147,3,0.276,0.85,1.0,0.85,0.524,0.126,-0.05,-0.174
148,8,0.638,1.0,0.938,0.7,0.462,0.276,0.312,0.826
149,8,1.0,1.0,0.876,0.55,0.4,0.426,0.674,1.0
150,,0.85,0.85,0.726,0.4,0.25,0.276,0.524,0.85
151,,0.7,0.7,0.576,0.25,0.1,0.126,0.374,0.7
152,,0.55,0.55,0.426,0.1,-0.05,-0.024,0.224,0.55
153,5,0.4,0.488,0.576,0.462,0.95,0.338,0.374,0.488
154,5,0.25,0.426,0.726,0.824,1.0,0.7,0.524,0.426
155,,0.1,0.276,0.576,0.674,0.85,0.55,0.374,0.276
156,,-0.05,0.126,0.426,0.524,0.7,0.4,0.224,0.126
157,1,0.95,0.488,0.576,0.462,0.55,0.338,0.374,0.488
158,1,1.0,0.85,0.726,0.4,0.4,0.276,0.524,0.85
159,,0.85,0.7,0.576,0.25,0.25,0.126,0.374,0.7
160,,0.7,0.55,0.426,0.1,0.1,-0.024,0.224,0.55
161,6,0.638,0.4,0.364,0.25,0.462,0.976,0.586,0.7
162,6,0.576,0.25,0.302,0.4,0.824,1.0,0.948,0.85
163,,0.426,0.1,0.152,0.25,0.674,0.85,0.798,0.7
164,,0.276,-0.05,0.002,0.1,0.524,0.7,0.648,0.55
165,2,0.638,0.95,0.364,0.25,0.462,0.55,0.586,0.7
166,2,1.0,1.0,0.726,0.4,0.4,0.4,0.524,0.85
167,,0.85,0.85,0.576,0.25,0.25,0.25,0.374,0.7
168,,0.7,0.7,0.426,0.1,0.1,0.1,0.224,0.55
169,,0.55,0.55,0.276,-0.05,-0.05,-0.05,0.074,0.4
170,6,0.488,0.4,0.214,0.1,0.312,0.95,0.436,0.55
171,6,0.426,0.25,0.152,0.25,0.674,1.0,0.798,0.7
172,,0.276,0.1,0.002,0.1,0.524,0.85,0.648,0.55
173,,0.126,-0.05,-0.148,-0.05,0.374,0.7,0.498,0.4
174,3,0.276,0.312,0.852,0.312,0.524,0.638,0.348,0.338
175,3,0.426,0.674,1.0,0.674,0.674,0.576,0.198,0.276
176,,0.276,0.524,0.85,0.524,0.524,0.426,0.048,0.126
177,,0.126,0.374,0.7,0.374,0.374,0.276,-0.102,-0.024
178,7,0.276,0.312,0.55,0.312,0.524,0.638,0.898,0.338
179,7,0.426,0.25,0.4,0.25,0.674,1.0,1.0,0.7
180,,0.276,0.1,0.25,0.1,0.524,0.85,0.85,0.55
181,,0.126,-0.05,0.1,-0.05,0.374,0.7,0.7,0.4
182,2,0.488,0.95,0.462,0.1,0.312,0.55,0.638,0.55
183,2,0.85,1.0,0.824,0.25,0.25,0.4,0.576,0.7
184,,0.7,0.85,0.674,0.1,0.1,0.25,0.426,0.55
185,,0.55,0.7,0.524,-0.05,-0.05,0.1,0.276,0.4
186,5,0.4,0.638,0.674,0.312,0.95,0.462,0.426,0.338
187,5,0.25,0.576,0.824,0.674,1.0,0.824,0.576,0.276
188,,0.1,0.426,0.674,0.524,0.85,0.674,0.426,0.126
189,,-0.05,0.276,0.524,0.374,0.7,0.524,0.276,-0.024
190,1,0.95,0.638,0.674,0.312,0.55,0.462,0.426,0.338
191,1,1.0,1.0,0.824,0.25,0.4,0.4,0.576,0.7
192,,0.85,0.85,0.674,0.1,0.25,0.25,0.426,0.55
193,,0.7,0.7,0.524,-0.05,0.1,0.1,0.276,0.4
194,4,0.638,0.85,0.886,0.95,0.462,0.25,0.214,0.25
195,4,0.576,1.0,1.0,1.0,0.824,0.4,0.152,0.1
196,,0.426,0.85,0.85,0.85,0.674,0.25,0.002,-0.05
197,8,0.788,1.0,0.788,0.7,0.612,0.4,0.364,0.95
198,8,1.0,1.0,0.726,0.55,0.55,0.55,0.726,1.0
199,,0.85,0.85,0.576,0.4,0.4,0.4,0.576,0.85
200,,0.7,0.7,0.426,0.25,0.25,0.25,0.426,0.7
201,,0.55,0.55,0.276,0.1,0.1,0.1,0.276,0.55
202,,0.4,0.4,0.126,-0.05,-0.05,-0.05,0.126,0.4
203,4,0.338,0.55,0.488,0.95,0.312,0.1,0.064,0.25
204,4,0.276,0.7,0.85,1.0,0.674,0.25,0.002,0.1
205,,0.126,0.55,0.7,0.85,0.524,0.1,-0.148,-0.05
206,7,0.276,0.488,0.55,0.788,0.674,0.462,0.852,0.312
207,7,0.426,0.426,0.4,0.726,0.824,0.824,1.0,0.674
208,,0.276,0.276,0.25,0.576,0.674,0.674,0.85,0.524
209,,0.126,0.126,0.1,0.426,0.524,0.524,0.7,0.374
210,,-0.024,-0.024,-0.05,0.276,0.374,0.374,0.55,0.224
211,3,0.126,0.338,0.95,0.638,0.524,0.312,0.4,0.162
212,3,0.276,0.7,1.0,1.0,0.674,0.25,0.25,0.1
213,,0.126,0.55,0.85,0.85,0.524,0.1,0.1,-0.05
214,8,0.488,0.7,0.788,0.7,0.462,0.25,0.462,0.95
215,8,0.85,0.85,0.726,0.55,0.4,0.4,0.824,1.0
216,,0.7,0.7,0.576,0.4,0.25,0.25,0.674,0.85
217,,0.55,0.55,0.426,0.25,0.1,0.1,0.524,0.7
218,,0.4,0.4,0.276,0.1,-0.05,-0.05,0.374,0.55
219,5,0.25,0.338,0.426,0.462,0.95,0.312,0.524,0.488
220,5,0.1,0.276,0.576,0.824,1.0,0.674,0.674,0.426
221,,-0.05,0.126,0.426,0.674,0.85,0.524,0.524,0.276
222,1,0.95,0.488,0.576,0.612,0.7,0.462,0.674,0.638
223,1,1.0,0.85,0.726,0.55,0.55,0.4,0.824,1.0
224,,0.85,0.7,0.576,0.4,0.4,0.25,0.674,0.85
225,,0.7,0.55,0.426,0.25,0.25,0.1,0.524,0.7
226,,0.55,0.4,0.276,0.1,0.1,-0.05,0.374,0.55
227,6,0.488,0.25,0.214,0.25,0.462,0.95,0.736,0.7
228,6,0.426,0.1,0.152,0.4,0.824,1.0,1.0,0.85
229,,0.276,-0.05,0.002,0.25,0.674,0.85,0.85,0.7
230,2,0.638,0.95,0.364,0.4,0.612,0.7,0.788,0.85
231,2,1.0,1.0,0.726,0.55,0.55,0.55,0.726,1.0
232,,0.85,0.85,0.576,0.4,0.4,0.4,0.576,0.85
233,,0.7,0.7,0.426,0.25,0.25,0.25,0.426,0.7
234,,0.55,0.55,0.276,0.1,0.1,0.1,0.276,0.55
235,,0.4,0.4,0.126,-0.05,-0.05,-0.05,0.126,0.4
236,6,0.338,0.25,0.064,0.1,0.312,0.95,0.488,0.55
237,6,0.276,0.1,0.002,0.25,0.674,1.0,0.85,0.7
238,,0.126,-0.05,-0.148,0.1,0.524,0.85,0.7,0.55
239,3,0.276,0.312,0.852,0.462,0.674,0.788,0.55,0.488
240,3,0.426,0.674,1.0,0.824,0.824,0.726,0.4,0.426
241,,0.276,0.524,0.85,0.674,0.674,0.576,0.25,0.276
242,,0.126,0.374,0.7,0.524,0.524,0.426,0.1,0.126
243,,-0.024,0.224,0.55,0.374,0.374,0.276,-0.05,-0.024
244,7,0.126,0.162,0.4,0.312,0.524,0.638,0.95,0.338
245,7,0.276,0.1,0.25,0.25,0.674,1.0,1.0,0.7
246,,0.126,-0.05,0.1,0.1,0.524,0.85,0.85,0.55
247,2,0.488,0.95,0.462,0.25,0.462,0.7,0.788,0.7
248,2,0.85,1.0,0.824,0.4,0.4,0.55,0.726,0.85
249,,0.7,0.85,0.674,0.25,0.25,0.4,0.576,0.7
250,,0.55,0.7,0.524,0.1,0.1,0.25,0.426,0.55
251,,0.4,0.55,0.374,-0.05,-0.05,0.1,0.276,0.4
252,4,0.338,0.7,0.736,0.95,0.312,0.25,0.214,0.25
253,4,0.276,0.85,1.0,1.0,0.674,0.4,0.152,0.1
254,,0.126,0.7,0.85,0.85,0.524,0.25,0.002,-0.05
255,8,0.488,0.85,0.788,0.7,0.462,0.4,0.364,0.95
256,8,0.85,1.0,0.726,0.55,0.4,0.55,0.726,1.0
257,,0.7,0.85,0.576,0.4,0.25,0.4,0.576,0.85
258,,0.55,0.7,0.426,0.25,0.1,0.25,0.426,0.7
259,,0.4,0.55,0.276,0.1,-0.05,0.1,0.276,0.55
260,5,0.25,0.488,0.426,0.462,0.95,0.462,0.426,0.488
261,5,0.1,0.426,0.576,0.824,1.0,0.824,0.576,0.426
262,,-0.05,0.276,0.426,0.674,0.85,0.674,0.426,0.276
263,1,0.95,0.638,0.576,0.612,0.7,0.612,0.576,0.638
264,1,1.0,1.0,0.726,0.55,0.55,0.55,0.726,1.0
265,,0.85,0.85,0.576,0.4,0.4,0.4,0.576,0.85
266,,0.7,0.7,0.426,0.25,0.25,0.25,0.426,0.7
267,,0.55,0.55,0.276,0.1,0.1,0.1,0.276,0.55
268,,0.4,0.4,0.126,-0.05,-0.05,-0.05,0.126,0.4
269,4,0.338,0.55,0.488,0.95,0.312,0.1,0.064,0.25
270,4,0.276,0.7,0.85,1.0,0.674,0.25,0.002,0.1
271,,0.126,0.55,0.7,0.85,0.524,0.1,-0.148,-0.05
272,7,0.276,0.488,0.55,0.788,0.674,0.462,0.852,0.312
273,7,0.426,0.426,0.4,0.726,0.824,0.824,1.0,0.674
274,,0.276,0.276,0.25,0.576,0.674,0.674,0.85,0.524
275,,0.126,0.126,0.1,0.426,0.524,0.524,0.7,0.374
276,,-0.024,-0.024,-0.05,0.276,0.374,0.374,0.55,0.224
277,3,0.126,0.338,0.95,0.638,0.524,0.312,0.4,0.162
278,3,0.276,0.7,1.0,1.0,0.674,0.25,0.25,0.1
279,,0.126,0.55,0.85,0.85,0.524,0.1,0.1,-0.05
280,8,0.488,0.7,0.788,0.7,0.462,0.25,0.462,0.95
281,8,0.85,0.85,0.726,0.55,0.4,0.4,0.824,1.0
282,,0.7,0.7,0.576,0.4,0.25,0.25,0.674,0.85
283,,0.55,0.55,0.426,0.25,0.1,0.1,0.524,0.7
284,,0.4,0.4,0.276,0.1,-0.05,-0.05,0.374,0.55
285,6,0.338,0.25,0.214,0.25,0.312,0.95,0.736,0.7
286,6,0.276,0.1,0.152,0.4,0.674,1.0,1.0,0.85
287,,0.126,-0.05,0.002,0.25,0.524,0.85,0.85,0.7
288,2,0.488,0.95,0.364,0.4,0.462,0.7,0.788,0.85
289,2,0.85,1.0,0.726,0.55,0.4,0.55,0.726,1.0
290,,0.7,0.85,0.576,0.4,0.25,0.4,0.576,0.85
291,,0.55,0.7,0.426,0.25,0.1,0.25,0.426,0.7
292,,0.4,0.55,0.276,0.1,-0.05,0.1,0.276,0.55
293,5,0.25,0.488,0.426,0.462,0.95,0.462,0.426,0.488
294,5,0.1,0.426,0.576,0.824,1.0,0.824,0.576,0.426
295,,-0.05,0.276,0.426,0.674,0.85,0.674,0.426,0.276
296,1,0.95,0.638,0.576,0.612,0.7,0.612,0.576,0.638
297,1,1.0,1.0,0.726,0.55,0.55,0.55,0.726,1.0
298,,0.85,0.85,0.576,0.4,0.4,0.4,0.576,0.85
299,,0.7,0.7,0.426,0.25,0.25,0.25,0.426,0.7
300,,0.55,0.55,0.276,0.1,0.1,0.1,0.276,0.55
301,,0.4,0.4,0.126,-0.05,-0.05,-0.05,0.126,0.4
302,5,0.25,0.338,0.276,0.312,0.95,0.312,0.276,0.338
303,5,0.1,0.276,0.426,0.674,1.0,0.674,0.426,0.276
304,,-0.05,0.126,0.276,0.524,0.85,0.524,0.276,0.126
305,1,0.95,0.488,0.426,0.462,0.7,0.462,0.426,0.488
306,1,1.0,0.85,0.576,0.4,0.55,0.4,0.576,0.85
307,,0.85,0.7,0.426,0.25,0.4,0.25,0.426,0.7
308,,0.7,0.55,0.276,0.1,0.25,0.1,0.276,0.55
309,,0.55,0.4,0.126,-0.05,0.1,-0.05,0.126,0.4
310,4,0.488,0.55,0.488,0.95,0.462,0.1,0.064,0.25
311,4,0.426,0.7,0.85,1.0,0.824,0.25,0.002,0.1
312,,0.276,0.55,0.7,0.85,0.674,0.1,-0.148,-0.05
313,7,0.426,0.488,0.55,0.788,0.824,0.462,0.852,0.312
314,7,0.576,0.426,0.4,0.726,0.974,0.824,1.0,0.674
315,,0.426,0.276,0.25,0.576,0.824,0.674,0.85,0.524
316,,0.276,0.126,0.1,0.426,0.674,0.524,0.7,0.374
317,,0.126,-0.024,-0.05,0.276,0.524,0.374,0.55,0.224
318,3,0.276,0.338,0.95,0.638,0.674,0.312,0.4,0.162
319,3,0.426,0.7,1.0,1.0,0.824,0.25,0.25,0.1
320,,0.276,0.55,0.85,0.85,0.674,0.1,0.1,-0.05
321,8,0.638,0.7,0.788,0.7,0.612,0.25,0.462,0.95
322,8,1.0,0.85,0.726,0.55,0.55,0.4,0.824,1.0
323,,0.85,0.7,0.576,0.4,0.4,0.25,0.674,0.85
324,,0.7,0.55,0.426,0.25,0.25,0.1,0.524,0.7
325,,0.55,0.4,0.276,0.1,0.1,-0.05,0.374,0.55
326,6,0.488,0.25,0.214,0.25,0.462,0.95,0.736,0.7
327,6,0.426,0.1,0.152,0.4,0.824,1.0,1.0,0.85
328,,0.276,-0.05,0.002,0.25,0.674,0.85,0.85,0.7
329,2,0.638,0.95,0.364,0.4,0.612,0.7,0.788,0.85
330,2,1.0,1.0,0.726,0.55,0.55,0.55,0.726,1.0
331,,0.85,0.85,0.576,0.4,0.4,0.4,0.576,0.85
332,,0.7,0.7,0.426,0.25,0.25,0.25,0.426,0.7
333,,0.55,0.55,0.276,0.1,0.1,0.1,0.276,0.55
334,,0.4,0.4,0.126,-0.05,-0.05,-0.05,0.126,0.4
335,5,0.25,0.338,0.276,0.312,0.95,0.312,0.276,0.338
336,5,0.1,0.276,0.426,0.674,1.0,0.674,0.426,0.276
337,,-0.05,0.126,0.276,0.524,0.85,0.524,0.276,0.126
338,1,0.95,0.488,0.426,0.462,0.7,0.462,0.426,0.488
339,1,1.0,0.85,0.576,0.4,0.55,0.4,0.576,0.85
340,,0.85,0.7,0.426,0.25,0.4,0.25,0.426,0.7
341,,0.7,0.55,0.276,0.1,0.25,0.1,0.276,0.55
342,,0.55,0.4,0.126,-0.05,0.1,-0.05,0.126,0.4
343,4,0.488,0.55,0.488,0.95,0.462,0.1,0.064,0.25
344,4,0.426,0.7,0.85,1.0,0.824,0.25,0.002,0.1
345,,0.276,0.55,0.7,0.85,0.674,0.1,-0.148,-0.05
346,7,0.426,0.488,0.55,0.788,0.824,0.462,0.852,0.312
347,7,0.576,0.426,0.4,0.726,0.974,0.824,1.0,0.674
348,,0.426,0.276,0.25,0.576,0.824,0.674,0.85,0.524
349,,0.276,0.126,0.1,0.426,0.674,0.524,0.7,0.374
350,,0.126,-0.024,-0.05,0.276,0.524,0.374,0.55,0.224
351,3,0.276,0.338,0.95,0.638,0.674,0.312,0.4,0.162
352,3,0.426,0.7,1.0,1.0,0.824,0.25,0.25,0.1
353,,0.276,0.55,0.85,0.85,0.674,0.1,0.1,-0.05
354,8,0.638,0.7,0.788,0.7,0.612,0.25,0.462,0.95
355,8,1.0,0.85,0.726,0.55,0.55,0.4,0.824,1.0
356,,0.85,0.7,0.576,0.4,0.4,0.25,0.674,0.85
357,,0.7,0.55,0.426,0.25,0.25,0.1,0.524,0.7
358,,0.55,0.4,0.276,0.1,0.1,-0.05,0.374,0.55
359,6,0.488,0.25,0.214,0.25,0.462,0.95,0.736,0.7
360,6,0.426,0.1,0.152,0.4,0.824,1.0,1.0,0.85
361,,0.276,-0.05,0.002,0.25,0.674,0.85,0.85,0.7
362,2,0.638,0.95,0.364,0.4,0.612,0.7,0.788,0.85
363,2,1.0,1.0,0.726,0.55,0.55,0.55,0.726,1.0
364,,0.85,0.85,0.576,0.4,0.4,0.4,0.576,0.85
365,,0.7,0.7,0.426,0.25,0.25,0.25,0.426,0.7
366,,0.55,0.55,0.276,0.1,0.1,0.1,0.276,0.55
367,,0.4,0.4,0.126,-0.05,-0.05,-0.05,0.126,0.4
368,6,0.338,0.25,0.064,0.1,0.312,0.95,0.488,0.55
369,6,0.276,0.1,0.002,0.25,0.674,1.0,0.85,0.7
370,,0.126,-0.05,-0.148,0.1,0.524,0.85,0.7,0.55
371,3,0.276,0.312,0.852,0.462,0.674,0.788,0.55,0.488
372,3,0.426,0.674,1.0,0.824,0.824,0.726,0.4,0.426
373,,0.276,0.524,0.85,0.674,0.674,0.576,0.25,0.276
374,,0.126,0.374,0.7,0.524,0.524,0.426,0.1,0.126
375,,-0.024,0.224,0.55,0.374,0.374,0.276,-0.05,-0.024
376,7,0.126,0.162,0.4,0.312,0.524,0.638,0.95,0.338
377,7,0.276,0.1,0.25,0.25,0.674,1.0,1.0,0.7
378,,0.126,-0.05,0.1,0.1,0.524,0.85,0.85,0.55
379,2,0.488,0.95,0.462,0.25,0.462,0.7,0.788,0.7
380,2,0.85,1.0,0.824,0.4,0.4,0.55,0.726,0.85
381,,0.7,0.85,0.674,0.25,0.25,0.4,0.576,0.7
382,,0.55,0.7,0.524,0.1,0.1,0.25,0.426,0.55
383,,0.4,0.55,0.374,-0.05,-0.05,0.1,0.276,0.4
384,4,0.338,0.7,0.736,0.95,0.312,0.25,0.214,0.25
385,4,0.276,0.85,1.0,1.0,0.674,0.4,0.152,0.1
386,,0.126,0.7,0.85,0.85,0.524,0.25,0.002,-0.05
387,8,0.488,0.85,0.788,0.7,0.462,0.4,0.364,0.95
388,8,0.85,1.0,0.726,0.55,0.4,0.55,0.726,1.0
389,,0.7,0.85,0.576,0.4,0.25,0.4,0.576,0.85
390,,0.55,0.7,0.426,0.25,0.1,0.25,0.426,0.7
391,,0.4,0.55,0.276,0.1,-0.05,0.1,0.276,0.55
392,5,0.25,0.488,0.426,0.462,0.95,0.462,0.426,0.488
393,5,0.1,0.426,0.576,0.824,1.0,0.824,0.576,0.426
394,,-0.05,0.276,0.426,0.674,0.85,0.674,0.426,0.276
395,1,0.95,0.638,0.576,0.612,0.7,0.612,0.576,0.638
396,1,1.0,1.0,0.726,0.55,0.55,0.55,0.726,1.0
397,,0.85,0.85,0.576,0.4,0.4,0.4,0.576,0.85
398,,0.7,0.7,0.426,0.25,0.25,0.25,0.426,0.7
399,,0.55,0.55,0.276,0.1,0.1,0.1,0.276,0.55
400,,0.4,0.4,0.126,-0.05,-0.05,-0.05,0.126,0.4
401,4,0.338,0.55,0.488,0.95,0.312,0.1,0.064,0.25
402,4,0.276,0.7,0.85,1.0,0.674,0.25,0.002,0.1
403,,0.126,0.55,0.7,0.85,0.524,0.1,-0.148,-0.05
404,7,0.276,0.488,0.55,0.788,0.674,0.462,0.852,0.312
405,7,0.426,0.426,0.4,0.726,0.824,0.824,1.0,0.674
406,,0.276,0.276,0.25,0.576,0.674,0.674,0.85,0.524
407,,0.126,0.126,0.1,0.426,0.524,0.524,0.7,0.374
408,,-0.024,-0.024,-0.05,0.276,0.374,0.374,0.55,0.224
409,3,0.126,0.338,0.95,0.638,0.524,0.312,0.4,0.162
410,3,0.276,0.7,1.0,1.0,0.674,0.25,0.25,0.1
411,,0.126,0.55,0.85,0.85,0.524,0.1,0.1,-0.05
412,8,0.488,0.7,0.788,0.7,0.462,0.25,0.462,0.95
413,8,0.85,0.85,0.726,0.55,0.4,0.4,0.824,1.0
414,,0.7,0.7,0.576,0.4,0.25,0.25,0.674,0.85
415,,0.55,0.55,0.426,0.25,0.1,0.1,0.524,0.7
416,,0.4,0.4,0.276,0.1,-0.05,-0.05,0.374,0.55
417,6,0.338,0.25,0.214,0.25,0.312,0.95,0.736,0.7
418,6,0.276,0.1,0.152,0.4,0.674,1.0,1.0,0.85
419,,0.126,-0.05,0.002,0.25,0.524,0.85,0.85,0.7
420,2,0.488,0.95,0.364,0.4,0.462,0.7,0.788,0.85
421,2,0.85,1.0,0.726,0.55,0.4,0.55,0.726,1.0
422,,0.7,0.85,0.576,0.4,0.25,0.4,0.576,0.85
423,,0.55,0.7,0.426,0.25,0.1,0.25,0.426,0.7
424,,0.4,0.55,0.276,0.1,-0.05,0.1,0.276,0.55
425,5,0.25,0.488,0.426,0.462,0.95,0.462,0.426,0.488
426,5,0.1,0.426,0.576,0.824,1.0,0.824,0.576,0.426
427,,-0.05,0.276,0.426,0.674,0.85,0.674,0.426,0.276
428,1,0.95,0.638,0.576,0.612,0.7,0.612,0.576,0.638
429,1,1.0,1.0,0.726,0.55,0.55,0.55,0.726,1.0
430,,0.85,0.85,0.576,0.4,0.4,0.4,0.576,0.85
431,,0.7,0.7,0.426,0.25,0.25,0.25,0.426,0.7
432,,0.55,0.55,0.276,0.1,0.1,0.1,0.276,0.55
433,,0.4,0.4,0.126,-0.05,-0.05,-0.05,0.126,0.4
434,5,0.25,0.338,0.276,0.312,0.95,0.312,0.276,0.338
435,5,0.1,0.276,0.426,0.674,1.0,0.674,0.426,0.276
436,,-0.05,0.126,0.276,0.524,0.85,0.524,0.276,0.126
437,1,0.95,0.488,0.426,0.462,0.7,0.462,0.426,0.488
438,1,1.0,0.85,0.576,0.4,0.55,0.4,0.576,0.85
439,,0.85,0.7,0.426,0.25,0.4,0.25,0.426,0.7
440,,0.7,0.55,0.276,0.1,0.25,0.1,0.276,0.55
441,,0.55,0.4,0.126,-0.05,0.1,-0.05,0.126,0.4
442,4,0.488,0.55,0.488,0.95,0.462,0.1,0.064,0.25
443,4,0.426,0.7,0.85,1.0,0.824,0.25,0.002,0.1
444,,0.276,0.55,0.7,0.85,0.674,0.1,-0.148,-0.05
445,7,0.426,0.488,0.55,0.788,0.824,0.462,0.852,0.312
446,7,0.576,0.426,0.4,0.726,0.974,0.824,1.0,0.674
447,,0.426,0.276,0.25,0.576,0.824,0.674,0.85,0.524
448,,0.276,0.126,0.1,0.426,0.674,0.524,0.7,0.374
449,,0.126,-0.024,-0.05,0.276,0.524,0.374,0.55,0.224
450,3,0.276,0.338,0.95,0.638,0.674,0.312,0.4,0.162
451,3,0.426,0.7,1.0,1.0,0.824,0.25,0.25,0.1
452,,0.276,0.55,0.85,0.85,0.674,0.1,0.1,-0.05
453,8,0.638,0.7,0.788,0.7,0.612,0.25,0.462,0.95
454,8,1.0,0.85,0.726,0.55,0.55,0.4,0.824,1.0
455,,0.85,0.7,0.576,0.4,0.4,0.25,0.674,0.85
456,,0.7,0.55,0.426,0.25,0.25,0.1,0.524,0.7
457,,0.55,0.4,0.276,0.1,0.1,-0.05,0.374,0.55
458,6,0.488,0.25,0.214,0.25,0.462,0.95,0.736,0.7
459,6,0.426,0.1,0.152,0.4,0.824,1.0,1.0,0.85
460,,0.276,-0.05,0.002,0.25,0.674,0.85,0.85,0.7
461,2,0.638,0.95,0.364,0.4,0.612,0.7,0.788,0.85
462,2,1.0,1.0,0.726,0.55,0.55,0.55,0.726,1.0
463,,0.85,0.85,0.576,0.4,0.4,0.4,0.576,0.85
464,,0.7,0.7,0.426,0.25,0.25,0.25,0.426,0.7
465,,0.55,0.55,0.276,0.1,0.1,0.1,0.276,0.55
466,,0.4,0.4,0.126,-0.05,-0.05,-0.05,0.126,0.4
467,5,0.25,0.338,0.276,0.312,0.95,0.312,0.276,0.338
468,5,0.1,0.276,0.426,0.674,1.0,0.674,0.426,0.276
469,,-0.05,0.126,0.276,0.524,0.85,0.524,0.276,0.126
470,1,0.95,0.488,0.426,0.462,0.7,0.462,0.426,0.488
471,1,1.0,0.85,0.576,0.4,0.55,0.4,0.576,0.85
472,,0.85,0.7,0.426,0.25,0.4,0.25,0.426,0.7
473,,0.7,0.55,0.276,0.1,0.25,0.1,0.276,0.55
474,,0.55,0.4,0.126,-0.05,0.1,-0.05,0.126,0.4
475,4,0.488,0.55,0.488,0.95,0.462,0.1,0.064,0.25
476,4,0.426,0.7,0.85,1.0,0.824,0.25,0.002,0.1
477,,0.276,0.55,0.7,0.85,0.674,0.1,-0.148,-0.05
478,7,0.426,0.488,0.55,0.788,0.824,0.462,0.852,0.312
479,7,0.576,0.426,0.4,0.726,0.974,0.824,1.0,0.674
480,,0.426,0.276,0.25,0.576,0.824,0.674,0.85,0.524
481,,0.276,0.126,0.1,0.426,0.674,0.524,0.7,0.374
482,,0.126,-0.024,-0.05,0.276,0.524,0.374,0.55,0.224
483,3,0.276,0.338,0.95,0.638,0.674,0.312,0.4,0.162
484,3,0.426,0.7,1.0,1.0,0.824,0.25,0.25,0.1
485,,0.276,0.55,0.85,0.85,0.674,0.1,0.1,-0.05
486,8,0.638,0.7,0.788,0.7,0.612,0.25,0.462,0.95
487,8,1.0,0.85,0.726,0.55,0.55,0.4,0.824,1.0
488,,0.85,0.7,0.576,0.4,0.4,0.25,0.674,0.85
489,,0.7,0.55,0.426,0.25,0.25,0.1,0.524,0.7
490,,0.55,0.4,0.276,0.1,0.1,-0.05,0.374,0.55
491,6,0.488,0.25,0.214,0.25,0.462,0.95,0.736,0.7
492,6,0.426,0.1,0.152,0.4,0.824,1.0,1.0,0.85
493,,0.276,-0.05,0.002,0.25,0.674,0.85,0.85,0.7
494,2,0.638,0.95,0.364,0.4,0.612,0.7,0.788,0.85
495,2,1.0,1.0,0.726,0.55,0.55,0.55,0.726,1.0
496,,0.85,0.85,0.576,0.4,0.4,0.4,0.576,0.85
497,,0.7,0.7,0.426,0.25,0.25,0.25,0.426,0.7
498,,0.55,0.55,0.276,0.1,0.1,0.1,0.276,0.55
499,,0.4,0.4,0.126,-0.05,-0.05,-0.05,0.126,0.4
