step,active_motive,motive_1,motive_2,motive_3,motive_4,motive_5,motive_6,motive_7,motive_8
0,,0.2172,0.17504,0.32255,0.33446,0.43208,0.11509,0.2496,0.286
1,,0.0672,0.02504,0.17255,0.18446,0.28208,-0.03491,0.0996,0.136
2,6,0.0052,-0.12496,0.11055,0.33446,0.64408,0.96509,0.4616,0.286
3,6,-0.0568,-0.27496,0.04855,0.48446,1.0,1.0,0.8236,0.436
4,2,0.3052,0.72504,0.41055,0.63446,0.938,0.85,0.7616,0.586
5,2,0.6672,1.0,0.77255,0.78446,0.876,0.7,0.6996,0.736
6,,0.5172,0.85,0.62255,0.63446,0.726,0.55,0.5496,0.586
7,,0.3672,0.7,0.47255,0.48446,0.576,0.4,0.3996,0.436
8,,0.2172,0.55,0.32255,0.33446,0.426,0.25,0.2496,0.286
9,,0.0672,0.4,0.17255,0.18446,0.276,0.1,0.0996,0.136
10,,-0.0828,0.25,0.02255,0.03446,0.126,-0.05,-0.0504,-0.014
11,1,0.9172,0.612,0.17255,-0.02754,-0.024,-0.112,0.0996,0.348
12,1,1.0,0.974,0.32255,-0.08954,-0.174,-0.174,0.2496,0.71
13,6,0.938,0.824,0.26055,0.06046,0.188,0.826,0.6116,0.86
14,6,0.876,0.674,0.19855,0.21046,0.55,1.0,0.9736,1.0
15,,0.726,0.524,0.04855,0.06046,0.4,0.85,0.8236,0.85
16,,0.576,0.374,-0.10145,-0.08954,0.25,0.7,0.6736,0.7
17,3,0.726,0.736,0.89855,0.27246,0.4,0.638,0.5236,0.638
18,3,0.876,1.0,1.0,0.63446,0.55,0.576,0.3736,0.576
19,,0.726,0.85,0.85,0.48446,0.4,0.426,0.2236,0.426
20,,0.576,0.7,0.7,0.33446,0.25,0.276,0.0736,0.276
21,,0.426,0.55,0.55,0.18446,0.1,0.126,-0.0764,0.126
22,7,0.576,0.488,0.4,0.12246,0.25,0.488,0.9236,0.488
23,7,0.726,0.426,0.25,0.06046,0.4,0.85,1.0,0.85
24,,0.576,0.276,0.1,-0.08954,0.25,0.7,0.85,0.7
25,4,0.514,0.426,0.462,0.91046,0.612,0.85,0.788,0.55
26,4,0.452,0.576,0.824,1.0,0.974,1.0,0.726,0.4
27,,0.302,0.426,0.674,0.85,0.824,0.85,0.576,0.25
28,,0.152,0.276,0.524,0.7,0.674,0.7,0.426,0.1
29,,0.002,0.126,0.374,0.55,0.524,0.55,0.276,-0.05
30,8,0.364,0.276,0.312,0.4,0.462,0.7,0.638,0.95
31,8,0.726,0.426,0.25,0.25,0.4,0.85,1.0,1.0
32,,0.576,0.276,0.1,0.1,0.25,0.7,0.85,0.85
33,,0.426,0.126,-0.05,-0.05,0.1,0.55,0.7,0.7
34,3,0.576,0.488,0.95,0.312,0.25,0.488,0.55,0.638
35,3,0.726,0.85,1.0,0.674,0.4,0.426,0.4,0.576
36,,0.576,0.7,0.85,0.524,0.25,0.276,0.25,0.426
37,,0.426,0.55,0.7,0.374,0.1,0.126,0.1,0.276
38,,0.276,0.4,0.55,0.224,-0.05,-0.024,-0.05,0.126
39,7,0.426,0.338,0.4,0.162,0.1,0.338,0.95,0.488
40,7,0.576,0.276,0.25,0.1,0.25,0.7,1.0,0.85
41,,0.426,0.126,0.1,-0.05,0.1,0.55,0.85,0.7
42,4,0.364,0.276,0.462,0.95,0.462,0.7,0.788,0.55
43,4,0.302,0.426,0.824,1.0,0.824,0.85,0.726,0.4
44,,0.152,0.276,0.674,0.85,0.674,0.7,0.576,0.25
45,,0.002,0.126,0.524,0.7,0.524,0.55,0.426,0.1
46,,-0.148,-0.024,0.374,0.55,0.374,0.4,0.276,-0.05
47,1,0.852,0.338,0.524,0.488,0.224,0.338,0.426,0.312
48,1,1.0,0.7,0.674,0.426,0.074,0.276,0.576,0.674
49,,0.85,0.55,0.524,0.276,-0.076,0.126,0.426,0.524
50,5,0.7,0.488,0.674,0.638,0.924,0.488,0.576,0.462
51,5,0.55,0.426,0.824,1.0,1.0,0.85,0.726,0.4
52,,0.4,0.276,0.674,0.85,0.85,0.7,0.576,0.25
53,,0.25,0.126,0.524,0.7,0.7,0.55,0.426,0.1
54,,0.1,-0.024,0.374,0.55,0.55,0.4,0.276,-0.05
55,8,0.462,0.126,0.312,0.4,0.488,0.55,0.638,0.95
56,8,0.824,0.276,0.25,0.25,0.426,0.7,1.0,1.0
57,,0.674,0.126,0.1,0.1,0.276,0.55,0.85,0.85
58,,0.524,-0.024,-0.05,-0.05,0.126,0.4,0.7,0.7
59,3,0.674,0.338,0.95,0.312,0.276,0.338,0.55,0.638
60,3,0.824,0.7,1.0,0.674,0.426,0.276,0.4,0.576
61,,0.674,0.55,0.85,0.524,0.276,0.126,0.25,0.426
62,,0.524,0.4,0.7,0.374,0.126,-0.024,0.1,0.276
63,6,0.462,0.25,0.638,0.524,0.488,0.976,0.462,0.426
64,6,0.4,0.1,0.576,0.674,0.85,1.0,0.824,0.576
65,,0.25,-0.05,0.426,0.524,0.7,0.85,0.674,0.426
66,2,0.612,0.95,0.788,0.674,0.638,0.7,0.612,0.576
67,2,0.974,1.0,1.0,0.824,0.576,0.55,0.55,0.726
68,,0.824,0.85,0.85,0.674,0.426,0.4,0.4,0.576
69,,0.674,0.7,0.7,0.524,0.276,0.25,0.25,0.426
70,,0.524,0.55,0.55,0.374,0.126,0.1,0.1,0.276
71,,0.374,0.4,0.4,0.224,-0.024,-0.05,-0.05,0.126
72,7,0.524,0.338,0.25,0.162,0.126,0.312,0.95,0.488
73,7,0.674,0.276,0.1,0.1,0.276,0.674,1.0,0.85
74,,0.524,0.126,-0.05,-0.05,0.126,0.524,0.85,0.7
75,4,0.462,0.276,0.312,0.95,0.488,0.674,0.788,0.55
76,4,0.4,0.426,0.674,1.0,0.85,0.824,0.726,0.4
77,,0.25,0.276,0.524,0.85,0.7,0.674,0.576,0.25
78,,0.1,0.126,0.374,0.7,0.55,0.524,0.426,0.1
79,,-0.05,-0.024,0.224,0.55,0.4,0.374,0.276,-0.05
80,8,0.312,0.126,0.162,0.4,0.338,0.524,0.638,0.95
81,8,0.674,0.276,0.1,0.25,0.276,0.674,1.0,1.0
82,,0.524,0.126,-0.05,0.1,0.126,0.524,0.85,0.85
83,3,0.674,0.488,0.95,0.462,0.276,0.462,0.7,0.788
84,3,0.824,0.85,1.0,0.824,0.426,0.4,0.55,0.726
85,,0.674,0.7,0.85,0.674,0.276,0.25,0.4,0.576
86,,0.524,0.55,0.7,0.524,0.126,0.1,0.25,0.426
87,,0.374,0.4,0.55,0.374,-0.024,-0.05,0.1,0.276
88,6,0.312,0.25,0.488,0.524,0.338,0.95,0.462,0.426
89,6,0.25,0.1,0.426,0.674,0.7,1.0,0.824,0.576
90,,0.1,-0.05,0.276,0.524,0.55,0.85,0.674,0.426
91,2,0.462,0.95,0.638,0.674,0.488,0.7,0.612,0.576
92,2,0.824,1.0,1.0,0.824,0.426,0.55,0.55,0.726
93,,0.674,0.85,0.85,0.674,0.276,0.4,0.4,0.576
94,,0.524,0.7,0.7,0.524,0.126,0.25,0.25,0.426
95,,0.374,0.55,0.55,0.374,-0.024,0.1,0.1,0.276
96,5,0.224,0.488,0.7,0.736,0.976,0.462,0.25,0.214
97,5,0.074,0.426,0.85,1.0,1.0,0.824,0.4,0.152
98,,-0.076,0.276,0.7,0.85,0.85,0.674,0.25,0.002
99,1,0.924,0.638,0.85,0.788,0.7,0.612,0.4,0.364
100,1,1.0,1.0,1.0,0.726,0.55,0.55,0.55,0.726
101,,0.85,0.85,0.85,0.576,0.4,0.4,0.4,0.576
102,,0.7,0.7,0.7,0.426,0.25,0.25,0.25,0.426
103,,0.55,0.55,0.55,0.276,0.1,0.1,0.1,0.276
104,,0.4,0.4,0.4,0.126,-0.05,-0.05,-0.05,0.126
105,5,0.25,0.338,0.55,0.488,0.95,0.312,0.1,0.064
106,5,0.1,0.276,0.7,0.85,1.0,0.674,0.25,0.002
107,,-0.05,0.126,0.55,0.7,0.85,0.524,0.1,-0.148
108,8,0.312,0.276,0.488,0.55,0.788,0.674,0.462,0.852
109,8,0.674,0.426,0.426,0.4,0.726,0.824,0.824,1.0
110,,0.524,0.276,0.276,0.25,0.576,0.674,0.674,0.85
111,,0.374,0.126,0.126,0.1,0.426,0.524,0.524,0.7
112,,0.224,-0.024,-0.024,-0.05,0.276,0.374,0.374,0.55
113,4,0.162,0.126,0.338,0.95,0.638,0.524,0.312,0.4
114,4,0.1,0.276,0.7,1.0,1.0,0.674,0.25,0.25
115,,-0.05,0.126,0.55,0.85,0.85,0.524,0.1,0.1
116,1,0.95,0.488,0.7,0.788,0.7,0.462,0.25,0.462
117,1,1.0,0.85,0.85,0.726,0.55,0.4,0.4,0.824
118,,0.85,0.7,0.7,0.576,0.4,0.25,0.25,0.674
119,,0.7,0.55,0.55,0.426,0.25,0.1,0.1,0.524
120,,0.55,0.4,0.4,0.276,0.1,-0.05,-0.05,0.374
121,7,0.7,0.338,0.25,0.214,0.25,0.312,0.95,0.736
122,7,0.85,0.276,0.1,0.152,0.4,0.674,1.0,1.0
123,,0.7,0.126,-0.05,0.002,0.25,0.524,0.85,0.85
124,3,0.85,0.488,0.95,0.364,0.4,0.462,0.7,0.788
125,3,1.0,0.85,1.0,0.726,0.55,0.4,0.55,0.726
126,,0.85,0.7,0.85,0.576,0.4,0.25,0.4,0.576
127,,0.7,0.55,0.7,0.426,0.25,0.1,0.25,0.426
128,,0.55,0.4,0.55,0.276,0.1,-0.05,0.1,0.276
129,6,0.488,0.25,0.488,0.426,0.462,0.95,0.462,0.426
130,6,0.426,0.1,0.426,0.576,0.824,1.0,0.824,0.576
131,,0.276,-0.05,0.276,0.426,0.674,0.85,0.674,0.426
132,2,0.638,0.95,0.638,0.576,0.612,0.7,0.612,0.576
133,2,1.0,1.0,1.0,0.726,0.55,0.55,0.55,0.726
134,,0.85,0.85,0.85,0.576,0.4,0.4,0.4,0.576
135,,0.7,0.7,0.7,0.426,0.25,0.25,0.25,0.426
136,,0.55,0.55,0.55,0.276,0.1,0.1,0.1,0.276
137,,0.4,0.4,0.4,0.126,-0.05,-0.05,-0.05,0.126
138,5,0.25,0.338,0.55,0.488,0.95,0.312,0.1,0.064
139,5,0.1,0.276,0.7,0.85,1.0,0.674,0.25,0.002
140,,-0.05,0.126,0.55,0.7,0.85,0.524,0.1,-0.148
141,8,0.312,0.276,0.488,0.55,0.788,0.674,0.462,0.852
142,8,0.674,0.426,0.426,0.4,0.726,0.824,0.824,1.0
143,,0.524,0.276,0.276,0.25,0.576,0.674,0.674,0.85
144,,0.374,0.126,0.126,0.1,0.426,0.524,0.524,0.7
145,,0.224,-0.024,-0.024,-0.05,0.276,0.374,0.374,0.55
146,4,0.162,0.126,0.338,0.95,0.638,0.524,0.312,0.4
147,4,0.1,0.276,0.7,1.0,1.0,0.674,0.25,0.25
148,,-0.05,0.126,0.55,0.85,0.85,0.524,0.1,0.1
149,1,0.95,0.488,0.7,0.788,0.7,0.462,0.25,0.462
150,1,1.0,0.85,0.85,0.726,0.55,0.4,0.4,0.824
151,,0.85,0.7,0.7,0.576,0.4,0.25,0.25,0.674
152,,0.7,0.55,0.55,0.426,0.25,0.1,0.1,0.524
153,,0.55,0.4,0.4,0.276,0.1,-0.05,-0.05,0.374
154,7,0.7,0.338,0.25,0.214,0.25,0.312,0.95,0.736
155,7,0.85,0.276,0.1,0.152,0.4,0.674,1.0,1.0
156,,0.7,0.126,-0.05,0.002,0.25,0.524,0.85,0.85
157,3,0.85,0.488,0.95,0.364,0.4,0.462,0.7,0.788
158,3,1.0,0.85,1.0,0.726,0.55,0.4,0.55,0.726
159,,0.85,0.7,0.85,0.576,0.4,0.25,0.4,0.576
160,,0.7,0.55,0.7,0.426,0.25,0.1,0.25,0.426
161,,0.55,0.4,0.55,0.276,0.1,-0.05,0.1,0.276
162,6,0.488,0.25,0.488,0.426,0.462,0.95,0.462,0.426
163,6,0.426,0.1,0.426,0.576,0.824,1.0,0.824,0.576
164,,0.276,-0.05,0.276,0.426,0.674,0.85,0.674,0.426
165,2,0.638,0.95,0.638,0.576,0.612,0.7,0.612,0.576
166,2,1.0,1.0,1.0,0.726,0.55,0.55,0.55,0.726
167,,0.85,0.85,0.85,0.576,0.4,0.4,0.4,0.576
168,,0.7,0.7,0.7,0.426,0.25,0.25,0.25,0.426
169,,0.55,0.55,0.55,0.276,0.1,0.1,0.1,0.276
170,,0.4,0.4,0.4,0.126,-0.05,-0.05,-0.05,0.126
171,7,0.55,0.338,0.25,0.064,0.1,0.312,0.95,0.488
172,7,0.7,0.276,0.1,0.002,0.25,0.674,1.0,0.85
173,,0.55,0.126,-0.05,-0.148,0.1,0.524,0.85,0.7
174,4,0.488,0.276,0.312,0.852,0.462,0.674,0.788,0.55
175,4,0.426,0.426,0.674,1.0,0.824,0.824,0.726,0.4
176,,0.276,0.276,0.524,0.85,0.674,0.674,0.576,0.25
177,,0.126,0.126,0.374,0.7,0.524,0.524,0.426,0.1
178,,-0.024,-0.024,0.224,0.55,0.374,0.374,0.276,-0.05
179,8,0.338,0.126,0.162,0.4,0.312,0.524,0.638,0.95
180,8,0.7,0.276,0.1,0.25,0.25,0.674,1.0,1.0
181,,0.55,0.126,-0.05,0.1,0.1,0.524,0.85,0.85
182,3,0.7,0.488,0.95,0.462,0.25,0.462,0.7,0.788
183,3,0.85,0.85,1.0,0.824,0.4,0.4,0.55,0.726
184,,0.7,0.7,0.85,0.674,0.25,0.25,0.4,0.576
185,,0.55,0.55,0.7,0.524,0.1,0.1,0.25,0.426
186,,0.4,0.4,0.55,0.374,-0.05,-0.05,0.1,0.276
187,6,0.338,0.25,0.488,0.524,0.312,0.95,0.462,0.426
188,6,0.276,0.1,0.426,0.674,0.674,1.0,0.824,0.576
189,,0.126,-0.05,0.276,0.524,0.524,0.85,0.674,0.426
190,2,0.488,0.95,0.638,0.674,0.462,0.7,0.612,0.576
191,2,0.85,1.0,1.0,0.824,0.4,0.55,0.55,0.726
192,,0.7,0.85,0.85,0.674,0.25,0.4,0.4,0.576
193,,0.55,0.7,0.7,0.524,0.1,0.25,0.25,0.426
194,,0.4,0.55,0.55,0.374,-0.05,0.1,0.1,0.276
195,5,0.25,0.488,0.7,0.736,0.95,0.462,0.25,0.214
196,5,0.1,0.426,0.85,1.0,1.0,0.824,0.4,0.152
197,,-0.05,0.276,0.7,0.85,0.85,0.674,0.25,0.002
198,1,0.95,0.638,0.85,0.788,0.7,0.612,0.4,0.364
199,1,1.0,1.0,1.0,0.726,0.55,0.55,0.55,0.726
200,,0.85,0.85,0.85,0.576,0.4,0.4,0.4,0.576
201,,0.7,0.7,0.7,0.426,0.25,0.25,0.25,0.426
202,,0.55,0.55,0.55,0.276,0.1,0.1,0.1,0.276
203,,0.4,0.4,0.4,0.126,-0.05,-0.05,-0.05,0.126
204,5,0.25,0.338,0.55,0.488,0.95,0.312,0.1,0.064
205,5,0.1,0.276,0.7,0.85,1.0,0.674,0.25,0.002
206,,-0.05,0.126,0.55,0.7,0.85,0.524,0.1,-0.148
207,8,0.312,0.276,0.488,0.55,0.788,0.674,0.462,0.852
208,8,0.674,0.426,0.426,0.4,0.726,0.824,0.824,1.0
209,,0.524,0.276,0.276,0.25,0.576,0.674,0.674,0.85
210,,0.374,0.126,0.126,0.1,0.426,0.524,0.524,0.7
211,,0.224,-0.024,-0.024,-0.05,0.276,0.374,0.374,0.55
212,4,0.162,0.126,0.338,0.95,0.638,0.524,0.312,0.4
213,4,0.1,0.276,0.7,1.0,1.0,0.674,0.25,0.25
214,,-0.05,0.126,0.55,0.85,0.85,0.524,0.1,0.1
215,1,0.95,0.488,0.7,0.788,0.7,0.462,0.25,0.462
216,1,1.0,0.85,0.85,0.726,0.55,0.4,0.4,0.824
217,,0.85,0.7,0.7,0.576,0.4,0.25,0.25,0.674
218,,0.7,0.55,0.55,0.426,0.25,0.1,0.1,0.524
219,,0.55,0.4,0.4,0.276,0.1,-0.05,-0.05,0.374
220,6,0.488,0.25,0.338,0.426,0.462,0.95,0.312,0.524
221,6,0.426,0.1,0.276,0.576,0.824,1.0,0.674,0.674
222,,0.276,-0.05,0.126,0.426,0.674,0.85,0.524,0.524
223,2,0.638,0.95,0.488,0.576,0.612,0.7,0.462,0.674
224,2,1.0,1.0,0.85,0.726,0.55,0.55,0.4,0.824
225,,0.85,0.85,0.7,0.576,0.4,0.4,0.25,0.674
226,,0.7,0.7,0.55,0.426,0.25,0.25,0.1,0.524
227,,0.55,0.55,0.4,0.276,0.1,0.1,-0.05,0.374
228,7,0.7,0.488,0.25,0.214,0.25,0.462,0.95,0.736
229,7,0.85,0.426,0.1,0.152,0.4,0.824,1.0,1.0
230,,0.7,0.276,-0.05,0.002,0.25,0.674,0.85,0.85
231,3,0.85,0.638,0.95,0.364,0.4,0.612,0.7,0.788
232,3,1.0,1.0,1.0,0.726,0.55,0.55,0.55,0.726
233,,0.85,0.85,0.85,0.576,0.4,0.4,0.4,0.576
234,,0.7,0.7,0.7,0.426,0.25,0.25,0.25,0.426
235,,0.55,0.55,0.55,0.276,0.1,0.1,0.1,0.276
236,,0.4,0.4,0.4,0.126,-0.05,-0.05,-0.05,0.126
237,5,0.25,0.338,0.55,0.488,0.95,0.312,0.1,0.064
238,5,0.1,0.276,0.7,0.85,1.0,0.674,0.25,0.002
239,,-0.05,0.126,0.55,0.7,0.85,0.524,0.1,-0.148
240,8,0.312,0.276,0.488,0.55,0.788,0.674,0.462,0.852
241,8,0.674,0.426,0.426,0.4,0.726,0.824,0.824,1.0
242,,0.524,0.276,0.276,0.25,0.576,0.674,0.674,0.85
243,,0.374,0.126,0.126,0.1,0.426,0.524,0.524,0.7
244,,0.224,-0.024,-0.024,-0.05,0.276,0.374,0.374,0.55
245,4,0.162,0.126,0.338,0.95,0.638,0.524,0.312,0.4
246,4,0.1,0.276,0.7,1.0,1.0,0.674,0.25,0.25
247,,-0.05,0.126,0.55,0.85,0.85,0.524,0.1,0.1
248,1,0.95,0.488,0.7,0.788,0.7,0.462,0.25,0.462
249,1,1.0,0.85,0.85,0.726,0.55,0.4,0.4,0.824
250,,0.85,0.7,0.7,0.576,0.4,0.25,0.25,0.674
251,,0.7,0.55,0.55,0.426,0.25,0.1,0.1,0.524
252,,0.55,0.4,0.4,0.276,0.1,-0.05,-0.05,0.374
253,6,0.488,0.25,0.338,0.426,0.462,0.95,0.312,0.524
254,6,0.426,0.1,0.276,0.576,0.824,1.0,0.674,0.674
255,,0.276,-0.05,0.126,0.426,0.674,0.85,0.524,0.524
256,2,0.638,0.95,0.488,0.576,0.612,0.7,0.462,0.674
257,2,1.0,1.0,0.85,0.726,0.55,0.55,0.4,0.824
258,,0.85,0.85,0.7,0.576,0.4,0.4,0.25,0.674
259,,0.7,0.7,0.55,0.426,0.25,0.25,0.1,0.524
260,,0.55,0.55,0.4,0.276,0.1,0.1,-0.05,0.374
261,7,0.7,0.488,0.25,0.214,0.25,0.462,0.95,0.736
262,7,0.85,0.426,0.1,0.152,0.4,0.824,1.0,1.0
263,,0.7,0.276,-0.05,0.002,0.25,0.674,0.85,0.85
264,3,0.85,0.638,0.95,0.364,0.4,0.612,0.7,0.788
265,3,1.0,1.0,1.0,0.726,0.55,0.55,0.55,0.726
266,,0.85,0.85,0.85,0.576,0.4,0.4,0.4,0.576
267,,0.7,0.7,0.7,0.426,0.25,0.25,0.25,0.426
268,,0.55,0.55,0.55,0.276,0.1,0.1,0.1,0.276
269,,0.4,0.4,0.4,0.126,-0.05,-0.05,-0.05,0.126
270,6,0.338,0.25,0.338,0.276,0.312,0.95,0.312,0.276
271,6,0.276,0.1,0.276,0.426,0.674,1.0,0.674,0.426
272,,0.126,-0.05,0.126,0.276,0.524,0.85,0.524,0.276
273,2,0.488,0.95,0.488,0.426,0.462,0.7,0.462,0.426
274,2,0.85,1.0,0.85,0.576,0.4,0.55,0.4,0.576
275,,0.7,0.85,0.7,0.426,0.25,0.4,0.25,0.426
276,,0.55,0.7,0.55,0.276,0.1,0.25,0.1,0.276
277,,0.4,0.55,0.4,0.126,-0.05,0.1,-0.05,0.126
278,5,0.25,0.488,0.55,0.488,0.95,0.462,0.1,0.064
279,5,0.1,0.426,0.7,0.85,1.0,0.824,0.25,0.002
280,,-0.05,0.276,0.55,0.7,0.85,0.674,0.1,-0.148
281,8,0.312,0.426,0.488,0.55,0.788,0.824,0.462,0.852
282,8,0.674,0.576,0.426,0.4,0.726,0.974,0.824,1.0
283,,0.524,0.426,0.276,0.25,0.576,0.824,0.674,0.85
284,,0.374,0.276,0.126,0.1,0.426,0.674,0.524,0.7
285,,0.224,0.126,-0.024,-0.05,0.276,0.524,0.374,0.55
286,4,0.162,0.276,0.338,0.95,0.638,0.674,0.312,0.4
287,4,0.1,0.426,0.7,1.0,1.0,0.824,0.25,0.25
288,,-0.05,0.276,0.55,0.85,0.85,0.674,0.1,0.1
289,1,0.95,0.638,0.7,0.788,0.7,0.612,0.25,0.462
290,1,1.0,1.0,0.85,0.726,0.55,0.55,0.4,0.824
291,,0.85,0.85,0.7,0.576,0.4,0.4,0.25,0.674
292,,0.7,0.7,0.55,0.426,0.25,0.25,0.1,0.524
293,,0.55,0.55,0.4,0.276,0.1,0.1,-0.05,0.374
294,7,0.7,0.488,0.25,0.214,0.25,0.462,0.95,0.736
295,7,0.85,0.426,0.1,0.152,0.4,0.824,1.0,1.0
296,,0.7,0.276,-0.05,0.002,0.25,0.674,0.85,0.85
297,3,0.85,0.638,0.95,0.364,0.4,0.612,0.7,0.788
298,3,1.0,1.0,1.0,0.726,0.55,0.55,0.55,0.726
299,,0.85,0.85,0.85,0.576,0.4,0.4,0.4,0.576
300,,0.7,0.7,0.7,0.426,0.25,0.25,0.25,0.426
301,,0.55,0.55,0.55,0.276,0.1,0.1,0.1,0.276
302,,0.4,0.4,0.4,0.126,-0.05,-0.05,-0.05,0.126
303,7,0.55,0.338,0.25,0.064,0.1,0.312,0.95,0.488
304,7,0.7,0.276,0.1,0.002,0.25,0.674,1.0,0.85
305,,0.55,0.126,-0.05,-0.148,0.1,0.524,0.85,0.7
306,4,0.488,0.276,0.312,0.852,0.462,0.674,0.788,0.55
307,4,0.426,0.426,0.674,1.0,0.824,0.824,0.726,0.4
308,,0.276,0.276,0.524,0.85,0.674,0.674,0.576,0.25
309,,0.126,0.126,0.374,0.7,0.524,0.524,0.426,0.1
310,,-0.024,-0.024,0.224,0.55,0.374,0.374,0.276,-0.05
311,8,0.338,0.126,0.162,0.4,0.312,0.524,0.638,0.95
312,8,0.7,0.276,0.1,0.25,0.25,0.674,1.0,1.0
313,,0.55,0.126,-0.05,0.1,0.1,0.524,0.85,0.85
314,3,0.7,0.488,0.95,0.462,0.25,0.462,0.7,0.788
315,3,0.85,0.85,1.0,0.824,0.4,0.4,0.55,0.726
316,,0.7,0.7,0.85,0.674,0.25,0.25,0.4,0.576
317,,0.55,0.55,0.7,0.524,0.1,0.1,0.25,0.426
318,,0.4,0.4,0.55,0.374,-0.05,-0.05,0.1,0.276
319,5,0.25,0.338,0.7,0.736,0.95,0.312,0.25,0.214
320,5,0.1,0.276,0.85,1.0,1.0,0.674,0.4,0.152
321,,-0.05,0.126,0.7,0.85,0.85,0.524,0.25,0.002
322,1,0.95,0.488,0.85,0.788,0.7,0.462,0.4,0.364
323,1,1.0,0.85,1.0,0.726,0.55,0.4,0.55,0.726
324,,0.85,0.7,0.85,0.576,0.4,0.25,0.4,0.576
325,,0.7,0.55,0.7,0.426,0.25,0.1,0.25,0.426
326,,0.55,0.4,0.55,0.276,0.1,-0.05,0.1,0.276
327,6,0.488,0.25,0.488,0.426,0.462,0.95,0.462,0.426
328,6,0.426,0.1,0.426,0.576,0.824,1.0,0.824,0.576
329,,0.276,-0.05,0.276,0.426,0.674,0.85,0.674,0.426
330,2,0.638,0.95,0.638,0.576,0.612,0.7,0.612,0.576
331,2,1.0,1.0,1.0,0.726,0.55,0.55,0.55,0.726
332,,0.85,0.85,0.85,0.576,0.4,0.4,0.4,0.576
333,,0.7,0.7,0.7,0.426,0.25,0.25,0.25,0.426
334,,0.55,0.55,0.55,0.276,0.1,0.1,0.1,0.276
335,,0.4,0.4,0.4,0.126,-0.05,-0.05,-0.05,0.126
336,5,0.25,0.338,0.55,0.488,0.95,0.312,0.1,0.064
337,5,0.1,0.276,0.7,0.85,1.0,0.674,0.25,0.002
338,,-0.05,0.126,0.55,0.7,0.85,0.524,0.1,-0.148
339,8,0.312,0.276,0.488,0.55,0.788,0.674,0.462,0.852
340,8,0.674,0.426,0.426,0.4,0.726,0.824,0.824,1.0
341,,0.524,0.276,0.276,0.25,0.576,0.674,0.674,0.85
342,,0.374,0.126,0.126,0.1,0.426,0.524,0.524,0.7
343,,0.224,-0.024,-0.024,-0.05,0.276,0.374,0.374,0.55
344,4,0.162,0.126,0.338,0.95,0.638,0.524,0.312,0.4
345,4,0.1,0.276,0.7,1.0,1.0,0.674,0.25,0.25
346,,-0.05,0.126,0.55,0.85,0.85,0.524,0.1,0.1
347,1,0.95,0.488,0.7,0.788,0.7,0.462,0.25,0.462
348,1,1.0,0.85,0.85,0.726,0.55,0.4,0.4,0.824
349,,0.85,0.7,0.7,0.576,0.4,0.25,0.25,0.674
350,,0.7,0.55,0.55,0.426,0.25,0.1,0.1,0.524
351,,0.55,0.4,0.4,0.276,0.1,-0.05,-0.05,0.374
352,7,0.7,0.338,0.25,0.214,0.25,0.312,0.95,0.736
353,7,0.85,0.276,0.1,0.152,0.4,0.674,1.0,1.0
354,,0.7,0.126,-0.05,0.002,0.25,0.524,0.85,0.85
355,3,0.85,0.488,0.95,0.364,0.4,0.462,0.7,0.788
356,3,1.0,0.85,1.0,0.726,0.55,0.4,0.55,0.726
357,,0.85,0.7,0.85,0.576,0.4,0.25,0.4,0.576
358,,0.7,0.55,0.7,0.426,0.25,0.1,0.25,0.426
359,,0.55,0.4,0.55,0.276,0.1,-0.05,0.1,0.276
360,6,0.488,0.25,0.488,0.426,0.462,0.95,0.462,0.426
361,6,0.426,0.1,0.426,0.576,0.824,1.0,0.824,0.576
362,,0.276,-0.05,0.276,0.426,0.674,0.85,0.674,0.426
363,2,0.638,0.95,0.638,0.576,0.612,0.7,0.612,0.576
364,2,1.0,1.0,1.0,0.726,0.55,0.55,0.55,0.726
365,,0.85,0.85,0.85,0.576,0.4,0.4,0.4,0.576
366,,0.7,0.7,0.7,0.426,0.25,0.25,0.25,0.426
367,,0.55,0.55,0.55,0.276,0.1,0.1,0.1,0.276
368,,0.4,0.4,0.4,0.126,-0.05,-0.05,-0.05,0.126
369,7,0.55,0.338,0.25,0.064,0.1,0.312,0.95,0.488
370,7,0.7,0.276,0.1,0.002,0.25,0.674,1.0,0.85
371,,0.55,0.126,-0.05,-0.148,0.1,0.524,0.85,0.7
372,4,0.488,0.276,0.312,0.852,0.462,0.674,0.788,0.55
373,4,0.426,0.426,0.674,1.0,0.824,0.824,0.726,0.4
374,,0.276,0.276,0.524,0.85,0.674,0.674,0.576,0.25
375,,0.126,0.126,0.374,0.7,0.524,0.524,0.426,0.1
376,,-0.024,-0.024,0.224,0.55,0.374,0.374,0.276,-0.05
377,8,0.338,0.126,0.162,0.4,0.312,0.524,0.638,0.95
378,8,0.7,0.276,0.1,0.25,0.25,0.674,1.0,1.0
379,,0.55,0.126,-0.05,0.1,0.1,0.524,0.85,0.85
380,3,0.7,0.488,0.95,0.462,0.25,0.462,0.7,0.788
381,3,0.85,0.85,1.0,0.824,0.4,0.4,0.55,0.726
382,,0.7,0.7,0.85,0.674,0.25,0.25,0.4,0.576
383,,0.55,0.55,0.7,0.524,0.1,0.1,0.25,0.426
384,,0.4,0.4,0.55,0.374,-0.05,-0.05,0.1,0.276
385,5,0.25,0.338,0.7,0.736,0.95,0.312,0.25,0.214
386,5,0.1,0.276,0.85,1.0,1.0,0.674,0.4,0.152
387,,-0.05,0.126,0.7,0.85,0.85,0.524,0.25,0.002
388,1,0.95,0.488,0.85,0.788,0.7,0.462,0.4,0.364
389,1,1.0,0.85,1.0,0.726,0.55,0.4,0.55,0.726
390,,0.85,0.7,0.85,0.576,0.4,0.25,0.4,0.576
391,,0.7,0.55,0.7,0.426,0.25,0.1,0.25,0.426
392,,0.55,0.4,0.55,0.276,0.1,-0.05,0.1,0.276
393,6,0.488,0.25,0.488,0.426,0.462,0.95,0.462,0.426
394,6,0.426,0.1,0.426,0.576,0.824,1.0,0.824,0.576
395,,0.276,-0.05,0.276,0.426,0.674,0.85,0.674,0.426
396,2,0.638,0.95,0.638,0.576,0.612,0.7,0.612,0.576
397,2,1.0,1.0,1.0,0.726,0.55,0.55,0.55,0.726
398,,0.85,0.85,0.85,0.576,0.4,0.4,0.4,0.576
399,,0.7,0.7,0.7,0.426,0.25,0.25,0.25,0.426
400,,0.55,0.55,0.55,0.276,0.1,0.1,0.1,0.276
401,,0.4,0.4,0.4,0.126,-0.05,-0.05,-0.05,0.126
402,5,0.25,0.338,0.55,0.488,0.95,0.312,0.1,0.064
403,5,0.1,0.276,0.7,0.85,1.0,0.674,0.25,0.002
404,,-0.05,0.126,0.55,0.7,0.85,0.524,0.1,-0.148
405,8,0.312,0.276,0.488,0.55,0.788,0.674,0.462,0.852
406,8,0.674,0.426,0.426,0.4,0.726,0.824,0.824,1.0
407,,0.524,0.276,0.276,0.25,0.576,0.674,0.674,0.85
408,,0.374,0.126,0.126,0.1,0.426,0.524,0.524,0.7
409,,0.224,-0.024,-0.024,-0.05,0.276,0.374,0.374,0.55
410,4,0.162,0.126,0.338,0.95,0.638,0.524,0.312,0.4
411,4,0.1,0.276,0.7,1.0,1.0,0.674,0.25,0.25
412,,-0.05,0.126,0.55,0.85,0.85,0.524,0.1,0.1
413,1,0.95,0.488,0.7,0.788,0.7,0.462,0.25,0.462
414,1,1.0,0.85,0.85,0.726,0.55,0.4,0.4,0.824
415,,0.85,0.7,0.7,0.576,0.4,0.25,0.25,0.674
416,,0.7,0.55,0.55,0.426,0.25,0.1,0.1,0.524
417,,0.55,0.4,0.4,0.276,0.1,-0.05,-0.05,0.374
418,7,0.7,0.338,0.25,0.214,0.25,0.312,0.95,0.736
419,7,0.85,0.276,0.1,0.152,0.4,0.674,1.0,1.0
420,,0.7,0.126,-0.05,0.002,0.25,0.524,0.85,0.85
421,3,0.85,0.488,0.95,0.364,0.4,0.462,0.7,0.788
422,3,1.0,0.85,1.0,0.726,0.55,0.4,0.55,0.726
423,,0.85,0.7,0.85,0.576,0.4,0.25,0.4,0.576
424,,0.7,0.55,0.7,0.426,0.25,0.1,0.25,0.426
425,,0.55,0.4,0.55,0.276,0.1,-0.05,0.1,0.276
426,6,0.488,0.25,0.488,0.426,0.462,0.95,0.462,0.426
427,6,0.426,0.1,0.426,0.576,0.824,1.0,0.824,0.576
428,,0.276,-0.05,0.276,0.426,0.674,0.85,0.674,0.426
429,2,0.638,0.95,0.638,0.576,0.612,0.7,0.612,0.576
430,2,1.0,1.0,1.0,0.726,0.55,0.55,0.55,0.726
431,,0.85,0.85,0.85,0.576,0.4,0.4,0.4,0.576
432,,0.7,0.7,0.7,0.426,0.25,0.25,0.25,0.426
433,,0.55,0.55,0.55,0.276,0.1,0.1,0.1,0.276
434,,0.4,0.4,0.4,0.126,-0.05,-0.05,-0.05,0.126
435,7,0.55,0.338,0.25,0.064,0.1,0.312,0.95,0.488
436,7,0.7,0.276,0.1,0.002,0.25,0.674,1.0,0.85
437,,0.55,0.126,-0.05,-0.148,0.1,0.524,0.85,0.7
438,4,0.488,0.276,0.312,0.852,0.462,0.674,0.788,0.55
439,4,0.426,0.426,0.674,1.0,0.824,0.824,0.726,0.4
440,,0.276,0.276,0.524,0.85,0.674,0.674,0.576,0.25
441,,0.126,0.126,0.374,0.7,0.524,0.524,0.426,0.1
442,,-0.024,-0.024,0.224,0.55,0.374,0.374,0.276,-0.05
443,8,0.338,0.126,0.162,0.4,0.312,0.524,0.638,0.95
444,8,0.7,0.276,0.1,0.25,0.25,0.674,1.0,1.0
445,,0.55,0.126,-0.05,0.1,0.1,0.524,0.85,0.85
446,3,0.7,0.488,0.95,0.462,0.25,0.462,0.7,0.788
447,3,0.85,0.85,1.0,0.824,0.4,0.4,0.55,0.726
448,,0.7,0.7,0.85,0.674,0.25,0.25,0.4,0.576
449,,0.55,0.55,0.7,0.524,0.1,0.1,0.25,0.426
450,,0.4,0.4,0.55,0.374,-0.05,-0.05,0.1,0.276
451,5,0.25,0.338,0.7,0.736,0.95,0.312,0.25,0.214
452,5,0.1,0.276,0.85,1.0,1.0,0.674,0.4,0.152
453,,-0.05,0.126,0.7,0.85,0.85,0.524,0.25,0.002
454,1,0.95,0.488,0.85,0.788,0.7,0.462,0.4,0.364
455,1,1.0,0.85,1.0,0.726,0.55,0.4,0.55,0.726
456,,0.85,0.7,0.85,0.576,0.4,0.25,0.4,0.576
457,,0.7,0.55,0.7,0.426,0.25,0.1,0.25,0.426
458,,0.55,0.4,0.55,0.276,0.1,-0.05,0.1,0.276
459,6,0.488,0.25,0.488,0.426,0.462,0.95,0.462,0.426
460,6,0.426,0.1,0.426,0.576,0.824,1.0,0.824,0.576
461,,0.276,-0.05,0.276,0.426,0.674,0.85,0.674,0.426
462,2,0.638,0.95,0.638,0.576,0.612,0.7,0.612,0.576
463,2,1.0,1.0,1.0,0.726,0.55,0.55,0.55,0.726
464,,0.85,0.85,0.85,0.576,0.4,0.4,0.4,0.576
465,,0.7,0.7,0.7,0.426,0.25,0.25,0.25,0.426
466,,0.55,0.55,0.55,0.276,0.1,0.1,0.1,0.276
467,,0.4,0.4,0.4,0.126,-0.05,-0.05,-0.05,0.126
468,7,0.55,0.338,0.25,0.064,0.1,0.312,0.95,0.488
469,7,0.7,0.276,0.1,0.002,0.25,0.674,1.0,0.85
470,,0.55,0.126,-0.05,-0.148,0.1,0.524,0.85,0.7
471,4,0.488,0.276,0.312,0.852,0.462,0.674,0.788,0.55
472,4,0.426,0.426,0.674,1.0,0.824,0.824,0.726,0.4
473,,0.276,0.276,0.524,0.85,0.674,0.674,0.576,0.25
474,,0.126,0.126,0.374,0.7,0.524,0.524,0.426,0.1
475,,-0.024,-0.024,0.224,0.55,0.374,0.374,0.276,-0.05
476,8,0.338,0.126,0.162,0.4,0.312,0.524,0.638,0.95
477,8,0.7,0.276,0.1,0.25,0.25,0.674,1.0,1.0
478,,0.55,0.126,-0.05,0.1,0.1,0.524,0.85,0.85
479,3,0.7,0.488,0.95,0.462,0.25,0.462,0.7,0.788
480,3,0.85,0.85,1.0,0.824,0.4,0.4,0.55,0.726
481,,0.7,0.7,0.85,0.674,0.25,0.25,0.4,0.576
482,,0.55,0.55,0.7,0.524,0.1,0.1,0.25,0.426
483,,0.4,0.4,0.55,0.374,-0.05,-0.05,0.1,0.276
484,6,0.338,0.25,0.488,0.524,0.312,0.95,0.462,0.426
485,6,0.276,0.1,0.426,0.674,0.674,1.0,0.824,0.576
486,,0.126,-0.05,0.276,0.524,0.524,0.85,0.674,0.426
487,2,0.488,0.95,0.638,0.674,0.462,0.7,0.612,0.576
488,2,0.85,1.0,1.0,0.824,0.4,0.55,0.55,0.726
489,,0.7,0.85,0.85,0.674,0.25,0.4,0.4,0.576
490,,0.55,0.7,0.7,0.524,0.1,0.25,0.25,0.426
491,,0.4,0.55,0.55,0.374,-0.05,0.1,0.1,0.276
492,5,0.25,0.488,0.7,0.736,0.95,0.462,0.25,0.214
493,5,0.1,0.426,0.85,1.0,1.0,0.824,0.4,0.152
494,,-0.05,0.276,0.7,0.85,0.85,0.674,0.25,0.002
495,1,0.95,0.638,0.85,0.788,0.7,0.612,0.4,0.364
496,1,1.0,1.0,1.0,0.726,0.55,0.55,0.55,0.726
497,,0.85,0.85,0.85,0.576,0.4,0.4,0.4,0.576
498,,0.7,0.7,0.7,0.426,0.25,0.25,0.25,0.426
499,,0.55,0.55,0.55,0.276,0.1,0.1,0.1,0.276
