step,active_motive,motive_1,motive_2,motive_3,motive_4,motive_5,motive_6,motive_7,motive_8
0,,0.85836,0.32596,0.22024,0.71115,0.8095,0.34867,0.09618,0.94052
1,,0.83836,0.30596,0.20024,0.69115,0.7895,0.32867,0.07618,0.92052
2,,0.81836,0.28596,0.18024,0.67115,0.7695,0.30867,0.05618,0.90052
3,,0.79836,0.26596,0.16024,0.65115,0.7495,0.28867,0.03618,0.88052
4,,0.77836,0.24596,0.14024,0.63115,0.7295,0.26867,0.01618,0.86052
5,,0.75836,0.22596,0.12024,0.61115,0.7095,0.24867,-0.00382,0.84052
6,7,0.83836,0.02296,-0.19976,0.40815,0.7895,0.61167,0.99618,1.0
7,7,0.91836,-0.18004,-0.51976,0.20515,0.8695,0.97467,1.0,1.0
8,3,0.99836,0.18296,0.48024,0.56815,0.9495,0.77167,0.68,0.797
9,3,1.0,0.54596,1.0,0.93115,1.0,0.56867,0.36,0.594
10,,0.98,0.52596,0.98,0.91115,0.98,0.54867,0.34,0.574
11,,0.96,0.50596,0.96,0.89115,0.96,0.52867,0.32,0.554
12,,0.94,0.48596,0.94,0.87115,0.94,0.50867,0.3,0.534
13,,0.92,0.46596,0.92,0.85115,0.92,0.48867,0.28,0.514
14,,0.9,0.44596,0.9,0.83115,0.9,0.46867,0.26,0.494
15,,0.88,0.42596,0.88,0.81115,0.88,0.44867,0.24,0.474
16,,0.86,0.40596,0.86,0.79115,0.86,0.42867,0.22,0.454
17,,0.84,0.38596,0.84,0.77115,0.84,0.40867,0.2,0.434
18,,0.82,0.36596,0.82,0.75115,0.82,0.38867,0.18,0.414
19,,0.8,0.34596,0.8,0.73115,0.8,0.36867,0.16,0.394
20,,0.78,0.32596,0.78,0.71115,0.78,0.34867,0.14,0.374
21,,0.76,0.30596,0.76,0.69115,0.76,0.32867,0.12,0.354
22,,0.74,0.28596,0.74,0.67115,0.74,0.30867,0.1,0.334
23,,0.72,0.26596,0.72,0.65115,0.72,0.28867,0.08,0.314
24,,0.7,0.24596,0.7,0.63115,0.7,0.26867,0.06,0.294
25,,0.68,0.22596,0.68,0.61115,0.68,0.24867,0.04,0.274
26,,0.66,0.20596,0.66,0.59115,0.66,0.22867,0.02,0.254
27,,0.64,0.18596,0.64,0.57115,0.64,0.20867,0.0,0.234
28,,0.62,0.16596,0.62,0.55115,0.62,0.18867,-0.02,0.214
29,7,0.7,-0.03704,0.3,0.34815,0.7,0.55167,0.98,0.577
30,7,0.78,-0.24004,-0.02,0.14515,0.78,0.91467,1.0,0.94
31,2,1.0,0.75996,0.343,0.22515,0.577,0.59467,0.797,1.0
32,2,1.0,1.0,0.706,0.30515,0.374,0.27467,0.594,1.0
33,,0.98,0.98,0.686,0.28515,0.354,0.25467,0.574,0.98
34,,0.96,0.96,0.666,0.26515,0.334,0.23467,0.554,0.96
35,,0.94,0.94,0.646,0.24515,0.314,0.21467,0.534,0.94
36,,0.92,0.92,0.626,0.22515,0.294,0.19467,0.514,0.92
37,,0.9,0.9,0.606,0.20515,0.274,0.17467,0.494,0.9
38,,0.88,0.88,0.586,0.18515,0.254,0.15467,0.474,0.88
39,,0.86,0.86,0.566,0.16515,0.234,0.13467,0.454,0.86
40,,0.84,0.84,0.546,0.14515,0.214,0.11467,0.434,0.84
41,,0.82,0.82,0.526,0.12515,0.194,0.09467,0.414,0.82
42,,0.8,0.8,0.506,0.10515,0.174,0.07467,0.394,0.8
43,,0.78,0.78,0.486,0.08515,0.154,0.05467,0.374,0.78
44,,0.76,0.76,0.466,0.06515,0.134,0.03467,0.354,0.76
45,,0.74,0.74,0.446,0.04515,0.114,0.01467,0.334,0.74
46,,0.72,0.72,0.426,0.02515,0.094,-0.00533,0.314,0.72
47,6,0.517,0.4,0.223,0.10515,0.457,0.99467,0.677,0.8
48,6,0.314,0.08,0.02,0.18515,0.82,1.0,1.0,0.88
49,,0.294,0.06,0.0,0.16515,0.8,0.98,0.98,0.86
50,,0.274,0.04,-0.02,0.14515,0.78,0.96,0.96,0.84
51,3,0.354,0.403,0.98,0.50815,0.86,0.757,0.64,0.637
52,3,0.434,0.766,1.0,0.87115,0.94,0.554,0.32,0.434
53,,0.414,0.746,0.98,0.85115,0.92,0.534,0.3,0.414
54,,0.394,0.726,0.96,0.83115,0.9,0.514,0.28,0.394
55,,0.374,0.706,0.94,0.81115,0.88,0.494,0.26,0.374
56,,0.354,0.686,0.92,0.79115,0.86,0.474,0.24,0.354
57,,0.334,0.666,0.9,0.77115,0.84,0.454,0.22,0.334
58,,0.314,0.646,0.88,0.75115,0.82,0.434,0.2,0.314
59,,0.294,0.626,0.86,0.73115,0.8,0.414,0.18,0.294
60,,0.274,0.606,0.84,0.71115,0.78,0.394,0.16,0.274
61,,0.254,0.586,0.82,0.69115,0.76,0.374,0.14,0.254
62,,0.234,0.566,0.8,0.67115,0.74,0.354,0.12,0.234
63,,0.214,0.546,0.78,0.65115,0.72,0.334,0.1,0.214
64,,0.194,0.526,0.76,0.63115,0.7,0.314,0.08,0.194
65,,0.174,0.506,0.74,0.61115,0.68,0.294,0.06,0.174
66,,0.154,0.486,0.72,0.59115,0.66,0.274,0.04,0.154
67,,0.134,0.466,0.7,0.57115,0.64,0.254,0.02,0.134
68,,0.114,0.446,0.68,0.55115,0.62,0.234,0.0,0.114
69,,0.094,0.426,0.66,0.53115,0.6,0.214,-0.02,0.094
70,7,0.174,0.223,0.34,0.32815,0.68,0.577,0.98,0.457
71,7,0.254,0.02,0.02,0.12515,0.76,0.94,1.0,0.82
72,,0.234,0.0,0.0,0.10515,0.74,0.92,0.98,0.8
73,,0.214,-0.02,-0.02,0.08515,0.72,0.9,0.96,0.78
74,3,0.294,0.343,0.98,0.44815,0.8,0.697,0.64,0.577
75,3,0.374,0.706,1.0,0.81115,0.88,0.494,0.32,0.374
76,,0.354,0.686,0.98,0.79115,0.86,0.474,0.3,0.354
77,,0.334,0.666,0.96,0.77115,0.84,0.454,0.28,0.334
78,,0.314,0.646,0.94,0.75115,0.82,0.434,0.26,0.314
79,,0.294,0.626,0.92,0.73115,0.8,0.414,0.24,0.294
80,,0.274,0.606,0.9,0.71115,0.78,0.394,0.22,0.274
81,,0.254,0.586,0.88,0.69115,0.76,0.374,0.2,0.254
82,,0.234,0.566,0.86,0.67115,0.74,0.354,0.18,0.234
83,,0.214,0.546,0.84,0.65115,0.72,0.334,0.16,0.214
84,,0.194,0.526,0.82,0.63115,0.7,0.314,0.14,0.194
85,,0.174,0.506,0.8,0.61115,0.68,0.294,0.12,0.174
86,,0.154,0.486,0.78,0.59115,0.66,0.274,0.1,0.154
87,,0.134,0.466,0.76,0.57115,0.64,0.254,0.08,0.134
88,,0.114,0.446,0.74,0.55115,0.62,0.234,0.06,0.114
89,,0.094,0.426,0.72,0.53115,0.6,0.214,0.04,0.094
90,,0.074,0.406,0.7,0.51115,0.58,0.194,0.02,0.074
91,,0.054,0.386,0.68,0.49115,0.56,0.174,0.0,0.054
92,,0.034,0.366,0.66,0.47115,0.54,0.154,-0.02,0.034
93,7,0.114,0.163,0.34,0.26815,0.62,0.517,0.98,0.397
94,7,0.194,-0.04,0.02,0.06515,0.7,0.88,1.0,0.76
95,2,0.557,0.96,0.383,0.14515,0.497,0.56,0.797,0.84
96,2,0.92,1.0,0.746,0.22515,0.294,0.24,0.594,0.92
97,,0.9,0.98,0.726,0.20515,0.274,0.22,0.574,0.9
98,,0.88,0.96,0.706,0.18515,0.254,0.2,0.554,0.88
99,,0.86,0.94,0.686,0.16515,0.234,0.18,0.534,0.86
100,,0.84,0.92,0.666,0.14515,0.214,0.16,0.514,0.84
101,,0.82,0.9,0.646,0.12515,0.194,0.14,0.494,0.82
102,,0.8,0.88,0.626,0.10515,0.174,0.12,0.474,0.8
103,,0.78,0.86,0.606,0.08515,0.154,0.1,0.454,0.78
104,,0.76,0.84,0.586,0.06515,0.134,0.08,0.434,0.76
105,,0.74,0.82,0.566,0.04515,0.114,0.06,0.414,0.74
106,,0.72,0.8,0.546,0.02515,0.094,0.04,0.394,0.72
107,,0.7,0.78,0.526,0.00515,0.074,0.02,0.374,0.7
108,,0.68,0.76,0.506,-0.01485,0.054,0.0,0.354,0.68
109,4,0.477,0.84,0.869,0.98515,0.417,0.08,0.151,0.36
110,4,0.274,0.92,1.0,1.0,0.78,0.16,-0.052,0.04
111,7,0.354,0.717,0.68,0.797,0.86,0.523,0.948,0.403
112,7,0.434,0.514,0.36,0.594,0.94,0.886,1.0,0.766
113,,0.414,0.494,0.34,0.574,0.92,0.866,0.98,0.746
114,,0.394,0.474,0.32,0.554,0.9,0.846,0.96,0.726
115,,0.374,0.454,0.3,0.534,0.88,0.826,0.94,0.706
116,,0.354,0.434,0.28,0.514,0.86,0.806,0.92,0.686
117,,0.334,0.414,0.26,0.494,0.84,0.786,0.9,0.666
118,,0.314,0.394,0.24,0.474,0.82,0.766,0.88,0.646
119,,0.294,0.374,0.22,0.454,0.8,0.746,0.86,0.626
120,,0.274,0.354,0.2,0.434,0.78,0.726,0.84,0.606
121,,0.254,0.334,0.18,0.414,0.76,0.706,0.82,0.586
122,,0.234,0.314,0.16,0.394,0.74,0.686,0.8,0.566
123,,0.214,0.294,0.14,0.374,0.72,0.666,0.78,0.546
124,,0.194,0.274,0.12,0.354,0.7,0.646,0.76,0.526
125,,0.174,0.254,0.1,0.334,0.68,0.626,0.74,0.506
126,,0.154,0.234,0.08,0.314,0.66,0.606,0.72,0.486
127,,0.134,0.214,0.06,0.294,0.64,0.586,0.7,0.466
128,,0.114,0.194,0.04,0.274,0.62,0.566,0.68,0.446
129,,0.094,0.174,0.02,0.254,0.6,0.546,0.66,0.426
130,,0.074,0.154,0.0,0.234,0.58,0.526,0.64,0.406
131,,0.054,0.134,-0.02,0.214,0.56,0.506,0.62,0.386
132,3,0.134,0.497,0.98,0.577,0.64,0.303,0.3,0.183
133,3,0.214,0.86,1.0,0.94,0.72,0.1,-0.02,-0.02
134,8,0.577,0.94,0.797,0.62,0.517,0.18,0.343,0.98
135,8,0.94,1.0,0.594,0.3,0.314,0.26,0.706,1.0
136,,0.92,0.98,0.574,0.28,0.294,0.24,0.686,0.98
137,,0.9,0.96,0.554,0.26,0.274,0.22,0.666,0.96
138,,0.88,0.94,0.534,0.24,0.254,0.2,0.646,0.94
139,,0.86,0.92,0.514,0.22,0.234,0.18,0.626,0.92
140,,0.84,0.9,0.494,0.2,0.214,0.16,0.606,0.9
141,,0.82,0.88,0.474,0.18,0.194,0.14,0.586,0.88
142,,0.8,0.86,0.454,0.16,0.174,0.12,0.566,0.86
143,,0.78,0.84,0.434,0.14,0.154,0.1,0.546,0.84
144,,0.76,0.82,0.414,0.12,0.134,0.08,0.526,0.82
145,,0.74,0.8,0.394,0.1,0.114,0.06,0.506,0.8
146,,0.72,0.78,0.374,0.08,0.094,0.04,0.486,0.78
147,,0.7,0.76,0.354,0.06,0.074,0.02,0.466,0.76
148,,0.68,0.74,0.334,0.04,0.054,0.0,0.446,0.74
149,,0.66,0.72,0.314,0.02,0.034,-0.02,0.426,0.72
150,6,0.457,0.4,0.111,0.1,0.397,0.98,0.789,0.8
151,6,0.254,0.08,-0.092,0.18,0.76,1.0,1.0,0.88
152,3,0.334,0.443,0.908,0.543,0.84,0.797,0.68,0.677
153,3,0.414,0.806,1.0,0.906,0.92,0.594,0.36,0.474
154,,0.394,0.786,0.98,0.886,0.9,0.574,0.34,0.454
155,,0.374,0.766,0.96,0.866,0.88,0.554,0.32,0.434
156,,0.354,0.746,0.94,0.846,0.86,0.534,0.3,0.414
157,,0.334,0.726,0.92,0.826,0.84,0.514,0.28,0.394
158,,0.314,0.706,0.9,0.806,0.82,0.494,0.26,0.374
159,,0.294,0.686,0.88,0.786,0.8,0.474,0.24,0.354
160,,0.274,0.666,0.86,0.766,0.78,0.454,0.22,0.334
161,,0.254,0.646,0.84,0.746,0.76,0.434,0.2,0.314
162,,0.234,0.626,0.82,0.726,0.74,0.414,0.18,0.294
163,,0.214,0.606,0.8,0.706,0.72,0.394,0.16,0.274
164,,0.194,0.586,0.78,0.686,0.7,0.374,0.14,0.254
165,,0.174,0.566,0.76,0.666,0.68,0.354,0.12,0.234
166,,0.154,0.546,0.74,0.646,0.66,0.334,0.1,0.214
167,,0.134,0.526,0.72,0.626,0.64,0.314,0.08,0.194
168,,0.114,0.506,0.7,0.606,0.62,0.294,0.06,0.174
169,,0.094,0.486,0.68,0.586,0.6,0.274,0.04,0.154
170,,0.074,0.466,0.66,0.566,0.58,0.254,0.02,0.134
171,,0.054,0.446,0.64,0.546,0.56,0.234,0.0,0.114
172,,0.034,0.426,0.62,0.526,0.54,0.214,-0.02,0.094
173,7,0.114,0.223,0.3,0.323,0.62,0.577,0.98,0.457
174,7,0.194,0.02,-0.02,0.12,0.7,0.94,1.0,0.82
175,3,0.274,0.383,0.98,0.483,0.78,0.737,0.68,0.617
176,3,0.354,0.746,1.0,0.846,0.86,0.534,0.36,0.414
177,,0.334,0.726,0.98,0.826,0.84,0.514,0.34,0.394
178,,0.314,0.706,0.96,0.806,0.82,0.494,0.32,0.374
179,,0.294,0.686,0.94,0.786,0.8,0.474,0.3,0.354
180,,0.274,0.666,0.92,0.766,0.78,0.454,0.28,0.334
181,,0.254,0.646,0.9,0.746,0.76,0.434,0.26,0.314
182,,0.234,0.626,0.88,0.726,0.74,0.414,0.24,0.294
183,,0.214,0.606,0.86,0.706,0.72,0.394,0.22,0.274
184,,0.194,0.586,0.84,0.686,0.7,0.374,0.2,0.254
185,,0.174,0.566,0.82,0.666,0.68,0.354,0.18,0.234
186,,0.154,0.546,0.8,0.646,0.66,0.334,0.16,0.214
187,,0.134,0.526,0.78,0.626,0.64,0.314,0.14,0.194
188,,0.114,0.506,0.76,0.606,0.62,0.294,0.12,0.174
189,,0.094,0.486,0.74,0.586,0.6,0.274,0.1,0.154
190,,0.074,0.466,0.72,0.566,0.58,0.254,0.08,0.134
191,,0.054,0.446,0.7,0.546,0.56,0.234,0.06,0.114
192,,0.034,0.426,0.68,0.526,0.54,0.214,0.04,0.094
193,,0.014,0.406,0.66,0.506,0.52,0.194,0.02,0.074
194,,-0.006,0.386,0.64,0.486,0.5,0.174,0.0,0.054
195,1,0.994,0.749,0.72,0.283,0.18,-0.029,0.08,0.417
196,1,1.0,1.0,0.8,0.08,-0.14,-0.232,0.16,0.78
197,6,0.797,0.68,0.597,0.16,0.223,0.768,0.523,0.86
198,6,0.594,0.36,0.394,0.24,0.586,1.0,0.886,0.94
199,,0.574,0.34,0.374,0.22,0.566,0.98,0.866,0.92
200,,0.554,0.32,0.354,0.2,0.546,0.96,0.846,0.9
201,,0.534,0.3,0.334,0.18,0.526,0.94,0.826,0.88
202,,0.514,0.28,0.314,0.16,0.506,0.92,0.806,0.86
203,,0.494,0.26,0.294,0.14,0.486,0.9,0.786,0.84
204,,0.474,0.24,0.274,0.12,0.466,0.88,0.766,0.82
205,,0.454,0.22,0.254,0.1,0.446,0.86,0.746,0.8
206,,0.434,0.2,0.234,0.08,0.426,0.84,0.726,0.78
207,,0.414,0.18,0.214,0.06,0.406,0.82,0.706,0.76
208,,0.394,0.16,0.194,0.04,0.386,0.8,0.686,0.74
209,,0.374,0.14,0.174,0.02,0.366,0.78,0.666,0.72
210,,0.354,0.12,0.154,0.0,0.346,0.76,0.646,0.7
211,,0.334,0.1,0.134,-0.02,0.326,0.74,0.626,0.68
212,4,0.131,0.18,0.497,0.98,0.689,0.82,0.423,0.36
213,4,-0.072,0.26,0.86,1.0,1.0,0.9,0.22,0.04
214,1,0.928,0.623,0.94,0.797,0.68,0.697,0.3,0.403
215,1,1.0,0.986,1.0,0.594,0.36,0.494,0.38,0.766
216,,0.98,0.966,0.98,0.574,0.34,0.474,0.36,0.746
217,,0.96,0.946,0.96,0.554,0.32,0.454,0.34,0.726
218,,0.94,0.926,0.94,0.534,0.3,0.434,0.32,0.706
219,,0.92,0.906,0.92,0.514,0.28,0.414,0.3,0.686
220,,0.9,0.886,0.9,0.494,0.26,0.394,0.28,0.666
221,,0.88,0.866,0.88,0.474,0.24,0.374,0.26,0.646
222,,0.86,0.846,0.86,0.454,0.22,0.354,0.24,0.626
223,,0.84,0.826,0.84,0.434,0.2,0.334,0.22,0.606
224,,0.82,0.806,0.82,0.414,0.18,0.314,0.2,0.586
225,,0.8,0.786,0.8,0.394,0.16,0.294,0.18,0.566
226,,0.78,0.766,0.78,0.374,0.14,0.274,0.16,0.546
227,,0.76,0.746,0.76,0.354,0.12,0.254,0.14,0.526
228,,0.74,0.726,0.74,0.334,0.1,0.234,0.12,0.506
229,,0.72,0.706,0.72,0.314,0.08,0.214,0.1,0.486
230,,0.7,0.686,0.7,0.294,0.06,0.194,0.08,0.466
231,,0.68,0.666,0.68,0.274,0.04,0.174,0.06,0.446
232,,0.66,0.646,0.66,0.254,0.02,0.154,0.04,0.426
233,,0.64,0.626,0.64,0.234,0.0,0.134,0.02,0.406
234,,0.62,0.606,0.62,0.214,-0.02,0.114,0.0,0.386
235,5,0.3,0.403,0.7,0.577,0.98,0.477,0.08,0.183
236,5,-0.02,0.2,0.78,0.94,1.0,0.84,0.16,-0.02
237,1,0.98,0.563,0.86,0.737,0.68,0.637,0.24,0.343
238,1,1.0,0.926,0.94,0.534,0.36,0.434,0.32,0.706
239,,0.98,0.906,0.92,0.514,0.34,0.414,0.3,0.686
240,,0.96,0.886,0.9,0.494,0.32,0.394,0.28,0.666
241,,0.94,0.866,0.88,0.474,0.3,0.374,0.26,0.646
242,,0.92,0.846,0.86,0.454,0.28,0.354,0.24,0.626
243,,0.9,0.826,0.84,0.434,0.26,0.334,0.22,0.606
244,,0.88,0.806,0.82,0.414,0.24,0.314,0.2,0.586
245,,0.86,0.786,0.8,0.394,0.22,0.294,0.18,0.566
246,,0.84,0.766,0.78,0.374,0.2,0.274,0.16,0.546
247,,0.82,0.746,0.76,0.354,0.18,0.254,0.14,0.526
248,,0.8,0.726,0.74,0.334,0.16,0.234,0.12,0.506
249,,0.78,0.706,0.72,0.314,0.14,0.214,0.1,0.486
250,,0.76,0.686,0.7,0.294,0.12,0.194,0.08,0.466
251,,0.74,0.666,0.68,0.274,0.1,0.174,0.06,0.446
252,,0.72,0.646,0.66,0.254,0.08,0.154,0.04,0.426
253,,0.7,0.626,0.64,0.234,0.06,0.134,0.02,0.406
254,,0.68,0.606,0.62,0.214,0.04,0.114,0.0,0.386
255,,0.66,0.586,0.6,0.194,0.02,0.094,-0.02,0.366
256,7,0.74,0.383,0.28,-0.009,0.1,0.457,0.98,0.729
257,7,0.82,0.18,-0.04,-0.212,0.18,0.82,1.0,1.0
258,4,0.617,0.26,0.323,0.788,0.543,0.9,0.797,0.68
259,4,0.414,0.34,0.686,1.0,0.906,0.98,0.594,0.36
260,,0.394,0.32,0.666,0.98,0.886,0.96,0.574,0.34
261,,0.374,0.3,0.646,0.96,0.866,0.94,0.554,0.32
262,,0.354,0.28,0.626,0.94,0.846,0.92,0.534,0.3
263,,0.334,0.26,0.606,0.92,0.826,0.9,0.514,0.28
264,,0.314,0.24,0.586,0.9,0.806,0.88,0.494,0.26
265,,0.294,0.22,0.566,0.88,0.786,0.86,0.474,0.24
266,,0.274,0.2,0.546,0.86,0.766,0.84,0.454,0.22
267,,0.254,0.18,0.526,0.84,0.746,0.82,0.434,0.2
268,,0.234,0.16,0.506,0.82,0.726,0.8,0.414,0.18
269,,0.214,0.14,0.486,0.8,0.706,0.78,0.394,0.16
270,,0.194,0.12,0.466,0.78,0.686,0.76,0.374,0.14
271,,0.174,0.1,0.446,0.76,0.666,0.74,0.354,0.12
272,,0.154,0.08,0.426,0.74,0.646,0.72,0.334,0.1
273,,0.134,0.06,0.406,0.72,0.626,0.7,0.314,0.08
274,,0.114,0.04,0.386,0.7,0.606,0.68,0.294,0.06
275,,0.094,0.02,0.366,0.68,0.586,0.66,0.274,0.04
276,,0.074,0.0,0.346,0.66,0.566,0.64,0.254,0.02
277,,0.054,-0.02,0.326,0.64,0.546,0.62,0.234,0.0
278,2,0.417,0.98,0.689,0.72,0.343,0.3,0.031,0.08
279,2,0.78,1.0,1.0,0.8,0.14,-0.02,-0.172,0.16
280,7,0.86,0.797,0.68,0.597,0.22,0.343,0.828,0.523
281,7,0.94,0.594,0.36,0.394,0.3,0.706,1.0,0.886
282,,0.92,0.574,0.34,0.374,0.28,0.686,0.98,0.866
283,,0.9,0.554,0.32,0.354,0.26,0.666,0.96,0.846
284,,0.88,0.534,0.3,0.334,0.24,0.646,0.94,0.826
285,,0.86,0.514,0.28,0.314,0.22,0.626,0.92,0.806
286,,0.84,0.494,0.26,0.294,0.2,0.606,0.9,0.786
287,,0.82,0.474,0.24,0.274,0.18,0.586,0.88,0.766
288,,0.8,0.454,0.22,0.254,0.16,0.566,0.86,0.746
289,,0.78,0.434,0.2,0.234,0.14,0.546,0.84,0.726
290,,0.76,0.414,0.18,0.214,0.12,0.526,0.82,0.706
291,,0.74,0.394,0.16,0.194,0.1,0.506,0.8,0.686
292,,0.72,0.374,0.14,0.174,0.08,0.486,0.78,0.666
293,,0.7,0.354,0.12,0.154,0.06,0.466,0.76,0.646
294,,0.68,0.334,0.1,0.134,0.04,0.446,0.74,0.626
295,,0.66,0.314,0.08,0.114,0.02,0.426,0.72,0.606
296,,0.64,0.294,0.06,0.094,0.0,0.406,0.7,0.586
297,,0.62,0.274,0.04,0.074,-0.02,0.386,0.68,0.566
298,5,0.3,0.071,0.12,0.437,0.98,0.749,0.76,0.363
299,5,-0.02,-0.132,0.2,0.8,1.0,1.0,0.84,0.16
300,2,0.343,0.868,0.563,0.88,0.797,0.68,0.637,0.24
301,2,0.706,1.0,0.926,0.96,0.594,0.36,0.434,0.32
302,,0.686,0.98,0.906,0.94,0.574,0.34,0.414,0.3
303,,0.666,0.96,0.886,0.92,0.554,0.32,0.394,0.28
304,,0.646,0.94,0.866,0.9,0.534,0.3,0.374,0.26
305,,0.626,0.92,0.846,0.88,0.514,0.28,0.354,0.24
306,,0.606,0.9,0.826,0.86,0.494,0.26,0.334,0.22
307,,0.586,0.88,0.806,0.84,0.474,0.24,0.314,0.2
308,,0.566,0.86,0.786,0.82,0.454,0.22,0.294,0.18
309,,0.546,0.84,0.766,0.8,0.434,0.2,0.274,0.16
310,,0.526,0.82,0.746,0.78,0.414,0.18,0.254,0.14
311,,0.506,0.8,0.726,0.76,0.394,0.16,0.234,0.12
312,,0.486,0.78,0.706,0.74,0.374,0.14,0.214,0.1
313,,0.466,0.76,0.686,0.72,0.354,0.12,0.194,0.08
314,,0.446,0.74,0.666,0.7,0.334,0.1,0.174,0.06
315,,0.426,0.72,0.646,0.68,0.314,0.08,0.154,0.04
316,,0.406,0.7,0.626,0.66,0.294,0.06,0.134,0.02
317,,0.386,0.68,0.606,0.64,0.274,0.04,0.114,0.0
318,,0.366,0.66,0.586,0.62,0.254,0.02,0.094,-0.02
319,8,0.729,0.74,0.383,0.3,0.051,0.1,0.457,0.98
320,8,1.0,0.82,0.18,-0.02,-0.152,0.18,0.82,1.0
321,5,0.68,0.617,0.26,0.343,0.848,0.543,0.9,0.797
322,5,0.36,0.414,0.34,0.706,1.0,0.906,0.98,0.594
323,,0.34,0.394,0.32,0.686,0.98,0.886,0.96,0.574
324,,0.32,0.374,0.3,0.666,0.96,0.866,0.94,0.554
325,,0.3,0.354,0.28,0.646,0.94,0.846,0.92,0.534
326,,0.28,0.334,0.26,0.626,0.92,0.826,0.9,0.514
327,,0.26,0.314,0.24,0.606,0.9,0.806,0.88,0.494
328,,0.24,0.294,0.22,0.586,0.88,0.786,0.86,0.474
329,,0.22,0.274,0.2,0.566,0.86,0.766,0.84,0.454
330,,0.2,0.254,0.18,0.546,0.84,0.746,0.82,0.434
331,,0.18,0.234,0.16,0.526,0.82,0.726,0.8,0.414
332,,0.16,0.214,0.14,0.506,0.8,0.706,0.78,0.394
333,,0.14,0.194,0.12,0.486,0.78,0.686,0.76,0.374
334,,0.12,0.174,0.1,0.466,0.76,0.666,0.74,0.354
335,,0.1,0.154,0.08,0.446,0.74,0.646,0.72,0.334
336,,0.08,0.134,0.06,0.426,0.72,0.626,0.7,0.314
337,,0.06,0.114,0.04,0.406,0.7,0.606,0.68,0.294
338,,0.04,0.094,0.02,0.386,0.68,0.586,0.66,0.274
339,,0.02,0.074,0.0,0.366,0.66,0.566,0.64,0.254
340,,0.0,0.054,-0.02,0.346,0.64,0.546,0.62,0.234
341,3,0.08,0.417,0.98,0.709,0.72,0.343,0.3,0.031
342,3,0.16,0.78,1.0,1.0,0.8,0.14,-0.02,-0.172
343,8,0.523,0.86,0.797,0.68,0.597,0.22,0.343,0.828
344,8,0.886,0.94,0.594,0.36,0.394,0.3,0.706,1.0
345,,0.866,0.92,0.574,0.34,0.374,0.28,0.686,0.98
346,,0.846,0.9,0.554,0.32,0.354,0.26,0.666,0.96
347,,0.826,0.88,0.534,0.3,0.334,0.24,0.646,0.94
348,,0.806,0.86,0.514,0.28,0.314,0.22,0.626,0.92
349,,0.786,0.84,0.494,0.26,0.294,0.2,0.606,0.9
350,,0.766,0.82,0.474,0.24,0.274,0.18,0.586,0.88
351,,0.746,0.8,0.454,0.22,0.254,0.16,0.566,0.86
352,,0.726,0.78,0.434,0.2,0.234,0.14,0.546,0.84
353,,0.706,0.76,0.414,0.18,0.214,0.12,0.526,0.82
354,,0.686,0.74,0.394,0.16,0.194,0.1,0.506,0.8
355,,0.666,0.72,0.374,0.14,0.174,0.08,0.486,0.78
356,,0.646,0.7,0.354,0.12,0.154,0.06,0.466,0.76
357,,0.626,0.68,0.334,0.1,0.134,0.04,0.446,0.74
358,,0.606,0.66,0.314,0.08,0.114,0.02,0.426,0.72
359,,0.586,0.64,0.294,0.06,0.094,0.0,0.406,0.7
360,,0.566,0.62,0.274,0.04,0.074,-0.02,0.386,0.68
361,6,0.363,0.3,0.071,0.12,0.437,0.98,0.749,0.76
362,6,0.16,-0.02,-0.132,0.2,0.8,1.0,1.0,0.84
363,3,0.24,0.343,0.868,0.563,0.88,0.797,0.68,0.637
364,3,0.32,0.706,1.0,0.926,0.96,0.594,0.36,0.434
365,,0.3,0.686,0.98,0.906,0.94,0.574,0.34,0.414
366,,0.28,0.666,0.96,0.886,0.92,0.554,0.32,0.394
367,,0.26,0.646,0.94,0.866,0.9,0.534,0.3,0.374
368,,0.24,0.626,0.92,0.846,0.88,0.514,0.28,0.354
369,,0.22,0.606,0.9,0.826,0.86,0.494,0.26,0.334
370,,0.2,0.586,0.88,0.806,0.84,0.474,0.24,0.314
371,,0.18,0.566,0.86,0.786,0.82,0.454,0.22,0.294
372,,0.16,0.546,0.84,0.766,0.8,0.434,0.2,0.274
373,,0.14,0.526,0.82,0.746,0.78,0.414,0.18,0.254
374,,0.12,0.506,0.8,0.726,0.76,0.394,0.16,0.234
375,,0.1,0.486,0.78,0.706,0.74,0.374,0.14,0.214
376,,0.08,0.466,0.76,0.686,0.72,0.354,0.12,0.194
377,,0.06,0.446,0.74,0.666,0.7,0.334,0.1,0.174
378,,0.04,0.426,0.72,0.646,0.68,0.314,0.08,0.154
379,,0.02,0.406,0.7,0.626,0.66,0.294,0.06,0.134
380,,0.0,0.386,0.68,0.606,0.64,0.274,0.04,0.114
381,,-0.02,0.366,0.66,0.586,0.62,0.254,0.02,0.094
382,1,0.98,0.729,0.74,0.383,0.3,0.051,0.1,0.457
383,1,1.0,1.0,0.82,0.18,-0.02,-0.152,0.18,0.82
384,6,0.797,0.68,0.617,0.26,0.343,0.848,0.543,0.9
385,6,0.594,0.36,0.414,0.34,0.706,1.0,0.906,0.98
386,,0.574,0.34,0.394,0.32,0.686,0.98,0.886,0.96
387,,0.554,0.32,0.374,0.3,0.666,0.96,0.866,0.94
388,,0.534,0.3,0.354,0.28,0.646,0.94,0.846,0.92
389,,0.514,0.28,0.334,0.26,0.626,0.92,0.826,0.9
390,,0.494,0.26,0.314,0.24,0.606,0.9,0.806,0.88
391,,0.474,0.24,0.294,0.22,0.586,0.88,0.786,0.86
392,,0.454,0.22,0.274,0.2,0.566,0.86,0.766,0.84
393,,0.434,0.2,0.254,0.18,0.546,0.84,0.746,0.82
394,,0.414,0.18,0.234,0.16,0.526,0.82,0.726,0.8
395,,0.394,0.16,0.214,0.14,0.506,0.8,0.706,0.78
396,,0.374,0.14,0.194,0.12,0.486,0.78,0.686,0.76
397,,0.354,0.12,0.174,0.1,0.466,0.76,0.666,0.74
398,,0.334,0.1,0.154,0.08,0.446,0.74,0.646,0.72
399,,0.314,0.08,0.134,0.06,0.426,0.72,0.626,0.7
400,,0.294,0.06,0.114,0.04,0.406,0.7,0.606,0.68
401,,0.274,0.04,0.094,0.02,0.386,0.68,0.586,0.66
402,,0.254,0.02,0.074,0.0,0.366,0.66,0.566,0.64
403,,0.234,0.0,0.054,-0.02,0.346,0.64,0.546,0.62
404,4,0.031,0.08,0.417,0.98,0.709,0.72,0.343,0.3
405,4,-0.172,0.16,0.78,1.0,1.0,0.8,0.14,-0.02
406,1,0.828,0.523,0.86,0.797,0.68,0.597,0.22,0.343
407,1,1.0,0.886,0.94,0.594,0.36,0.394,0.3,0.706
408,,0.98,0.866,0.92,0.574,0.34,0.374,0.28,0.686
409,,0.96,0.846,0.9,0.554,0.32,0.354,0.26,0.666
410,,0.94,0.826,0.88,0.534,0.3,0.334,0.24,0.646
411,,0.92,0.806,0.86,0.514,0.28,0.314,0.22,0.626
412,,0.9,0.786,0.84,0.494,0.26,0.294,0.2,0.606
413,,0.88,0.766,0.82,0.474,0.24,0.274,0.18,0.586
414,,0.86,0.746,0.8,0.454,0.22,0.254,0.16,0.566
415,,0.84,0.726,0.78,0.434,0.2,0.234,0.14,0.546
416,,0.82,0.706,0.76,0.414,0.18,0.214,0.12,0.526
417,,0.8,0.686,0.74,0.394,0.16,0.194,0.1,0.506
418,,0.78,0.666,0.72,0.374,0.14,0.174,0.08,0.486
419,,0.76,0.646,0.7,0.354,0.12,0.154,0.06,0.466
420,,0.74,0.626,0.68,0.334,0.1,0.134,0.04,0.446
421,,0.72,0.606,0.66,0.314,0.08,0.114,0.02,0.426
422,,0.7,0.586,0.64,0.294,0.06,0.094,0.0,0.406
423,,0.68,0.566,0.62,0.274,0.04,0.074,-0.02,0.386
424,7,0.76,0.363,0.3,0.071,0.12,0.437,0.98,0.749
425,7,0.84,0.16,-0.02,-0.132,0.2,0.8,1.0,1.0
426,4,0.637,0.24,0.343,0.868,0.563,0.88,0.797,0.68
427,4,0.434,0.32,0.706,1.0,0.926,0.96,0.594,0.36
428,,0.414,0.3,0.686,0.98,0.906,0.94,0.574,0.34
429,,0.394,0.28,0.666,0.96,0.886,0.92,0.554,0.32
430,,0.374,0.26,0.646,0.94,0.866,0.9,0.534,0.3
431,,0.354,0.24,0.626,0.92,0.846,0.88,0.514,0.28
432,,0.334,0.22,0.606,0.9,0.826,0.86,0.494,0.26
433,,0.314,0.2,0.586,0.88,0.806,0.84,0.474,0.24
434,,0.294,0.18,0.566,0.86,0.786,0.82,0.454,0.22
435,,0.274,0.16,0.546,0.84,0.766,0.8,0.434,0.2
436,,0.254,0.14,0.526,0.82,0.746,0.78,0.414,0.18
437,,0.234,0.12,0.506,0.8,0.726,0.76,0.394,0.16
438,,0.214,0.1,0.486,0.78,0.706,0.74,0.374,0.14
439,,0.194,0.08,0.466,0.76,0.686,0.72,0.354,0.12
440,,0.174,0.06,0.446,0.74,0.666,0.7,0.334,0.1
441,,0.154,0.04,0.426,0.72,0.646,0.68,0.314,0.08
442,,0.134,0.02,0.406,0.7,0.626,0.66,0.294,0.06
443,,0.114,0.0,0.386,0.68,0.606,0.64,0.274,0.04
444,,0.094,-0.02,0.366,0.66,0.586,0.62,0.254,0.02
445,2,0.457,0.98,0.729,0.74,0.383,0.3,0.051,0.1
446,2,0.82,1.0,1.0,0.82,0.18,-0.02,-0.152,0.18
447,7,0.9,0.797,0.68,0.617,0.26,0.343,0.848,0.543
448,7,0.98,0.594,0.36,0.414,0.34,0.706,1.0,0.906
449,,0.96,0.574,0.34,0.394,0.32,0.686,0.98,0.886
450,,0.94,0.554,0.32,0.374,0.3,0.666,0.96,0.866
451,,0.92,0.534,0.3,0.354,0.28,0.646,0.94,0.846
452,,0.9,0.514,0.28,0.334,0.26,0.626,0.92,0.826
453,,0.88,0.494,0.26,0.314,0.24,0.606,0.9,0.806
454,,0.86,0.474,0.24,0.294,0.22,0.586,0.88,0.786
455,,0.84,0.454,0.22,0.274,0.2,0.566,0.86,0.766
456,,0.82,0.434,0.2,0.254,0.18,0.546,0.84,0.746
457,,0.8,0.414,0.18,0.234,0.16,0.526,0.82,0.726
458,,0.78,0.394,0.16,0.214,0.14,0.506,0.8,0.706
459,,0.76,0.374,0.14,0.194,0.12,0.486,0.78,0.686
460,,0.74,0.354,0.12,0.174,0.1,0.466,0.76,0.666
461,,0.72,0.334,0.1,0.154,0.08,0.446,0.74,0.646
462,,0.7,0.314,0.08,0.134,0.06,0.426,0.72,0.626
463,,0.68,0.294,0.06,0.114,0.04,0.406,0.7,0.606
464,,0.66,0.274,0.04,0.094,0.02,0.386,0.68,0.586
465,,0.64,0.254,0.02,0.074,0.0,0.366,0.66,0.566
466,,0.62,0.234,0.0,0.054,-0.02,0.346,0.64,0.546
467,5,0.3,0.031,0.08,0.417,0.98,0.709,0.72,0.343
468,5,-0.02,-0.172,0.16,0.78,1.0,1.0,0.8,0.14
469,2,0.343,0.828,0.523,0.86,0.797,0.68,0.597,0.22
470,2,0.706,1.0,0.886,0.94,0.594,0.36,0.394,0.3
471,,0.686,0.98,0.866,0.92,0.574,0.34,0.374,0.28
472,,0.666,0.96,0.846,0.9,0.554,0.32,0.354,0.26
473,,0.646,0.94,0.826,0.88,0.534,0.3,0.334,0.24
474,,0.626,0.92,0.806,0.86,0.514,0.28,0.314,0.22
475,,0.606,0.9,0.786,0.84,0.494,0.26,0.294,0.2
476,,0.586,0.88,0.766,0.82,0.474,0.24,0.274,0.18
477,,0.566,0.86,0.746,0.8,0.454,0.22,0.254,0.16
478,,0.546,0.84,0.726,0.78,0.434,0.2,0.234,0.14
479,,0.526,0.82,0.706,0.76,0.414,0.18,0.214,0.12
480,,0.506,0.8,0.686,0.74,0.394,0.16,0.194,0.1
481,,0.486,0.78,0.666,0.72,0.374,0.14,0.174,0.08
482,,0.466,0.76,0.646,0.7,0.354,0.12,0.154,0.06
483,,0.446,0.74,0.626,0.68,0.334,0.1,0.134,0.04
484,,0.426,0.72,0.606,0.66,0.314,0.08,0.114,0.02
485,,0.406,0.7,0.586,0.64,0.294,0.06,0.094,0.0
486,,0.386,0.68,0.566,0.62,0.274,0.04,0.074,-0.02
487,8,0.749,0.76,0.363,0.3,0.071,0.12,0.437,0.98
488,8,1.0,0.84,0.16,-0.02,-0.132,0.2,0.8,1.0
489,5,0.68,0.637,0.24,0.343,0.868,0.563,0.88,0.797
490,5,0.36,0.434,0.32,0.706,1.0,0.926,0.96,0.594
491,,0.34,0.414,0.3,0.686,0.98,0.906,0.94,0.574
492,,0.32,0.394,0.28,0.666,0.96,0.886,0.92,0.554
493,,0.3,0.374,0.26,0.646,0.94,0.866,0.9,0.534
494,,0.28,0.354,0.24,0.626,0.92,0.846,0.88,0.514
495,,0.26,0.334,0.22,0.606,0.9,0.826,0.86,0.494
496,,0.24,0.314,0.2,0.586,0.88,0.806,0.84,0.474
497,,0.22,0.294,0.18,0.566,0.86,0.786,0.82,0.454
498,,0.2,0.274,0.16,0.546,0.84,0.766,0.8,0.434
499,,0.18,0.254,0.14,0.526,0.82,0.746,0.78,0.414
