active_motive
2
1
3
7
5
4
8
2
6
8
1
3
4
7
5
8
2
1
3
8
6
4
7
5
8
2
1
3
4
8
6
2
7
5
1
3
8
4
8
2
6
1
3
7
5
8
4
2
8
1
3
6
7
4
8
5
2
1
3
8
4
7
8
2
6
5
1
3
8
4
2
8
7
1
3
5
6
4
8
2
1
3
8
7
5
4
6
2
8
1
3
8
7
4
5
2
1
8
6
3
4
8
2
7
5
1
3
8
6
4
2
8
1
7
3
5
8
4
2
6
1
8
3
7
5
4
8
2
1
3
6
8
7
5
4
2
1
8
3
6
8
4
2
7
1
5
3
8
4
8
2
6
1
3
7
5
8
4
2
1
8
3
6
7
5
8
4
2
1
3
8
7
6
5
4
8
2
1
3
8
4
7
2
5
1
8
3
6
8
4
2
1
7
3
5
8
6
4
8
2
1
3
7
5
8
4
6
2
1
8
3
7
5
8
4
2
1
3
6
8
7
4
8
2
5
1
3
8
6
4
2
7
8
1
3
5
8
4
2
6
1
3
8
7
5
4
8
2
1
3
6
8
7
5
4
2
1
3
8
6
8
7
4
2
5
1
3
8
4
8
2
6
1
3
7
5
8
4
2
1
8
3
6
7
5
8
4
2
1
3
8
7
5
6
4
8
2
1
3
8
4
7
5
2
1
8
3
6
8
4
2
1
7
3
5
8
6
4
8
2
1
3
7
5
8
4
6
2
1
8
3
7
8
5
4
2
1
3
8
6
7
4
8
2
1
5
3
8
6
4
2
1
7
8
3
5
8
4
2
1
6
3
8
7
5
4
8
2
1
3
6
8
7
5
4
2
1
3
8
8
6
7
4
2
1
5
3
8
4
8
2
1
7
3
6
5
8
4
2
1
8
3
7
5
6
8
4
2
1
3
8
7
5
4
8
2
6
1
3
8
7
4
5
2
1
8
3
6
8
4
2
7
1
3
5
8
6
4
8
2
1
3
7
5
8
4
2
1
6
8
3
7
5
8
4
2
1
3
8
6
7
5
4
8
2
1
3
8
6
4
7
2
1
5
8
3
8
4
2
1
6
7
3
8
5
4
8
2
1
3
6
7
8
5
4
2
1
8
3
7
