step,active_motive,motive_1,motive_2,motive_3,motive_4,motive_5,motive_6,motive_7,motive_8
0,,0.07751,0.09395,0.08948,0.05979,0.09219,0.00885,0.0196,0.00452
1,,-0.07249,-0.05605,-0.06052,-0.09021,-0.05781,-0.14115,-0.1304,-0.14548
2,8,0.36051,0.09395,-0.19352,-0.34021,-0.19081,0.00885,0.3026,0.85452
3,8,0.79351,0.24395,-0.32652,-0.59021,-0.32381,0.15885,0.7356,1.0
4,4,0.66051,0.39395,0.10648,0.40979,0.10919,0.30885,0.6026,0.75
5,4,0.52751,0.54395,0.53948,1.0,0.54219,0.45885,0.4696,0.5
6,,0.37751,0.39395,0.38948,0.85,0.39219,0.30885,0.3196,0.35
7,,0.22751,0.24395,0.23948,0.7,0.24219,0.15885,0.1696,0.2
8,,0.07751,0.09395,0.08948,0.55,0.09219,0.00885,0.0196,0.05
9,,-0.07249,-0.05605,-0.06052,0.4,-0.05781,-0.14115,-0.1304,-0.1
10,6,-0.20549,-0.30605,-0.19352,0.55,0.37519,0.85885,0.3026,0.05
11,6,-0.33849,-0.55605,-0.32652,0.7,0.80819,1.0,0.7356,0.2
12,2,0.09451,0.44395,0.10648,0.85,0.67519,0.75,0.6026,0.35
13,2,0.52751,1.0,0.53948,1.0,0.54219,0.5,0.4696,0.5
14,,0.37751,0.85,0.38948,0.85,0.39219,0.35,0.3196,0.35
15,,0.22751,0.7,0.23948,0.7,0.24219,0.2,0.1696,0.2
16,,0.07751,0.55,0.08948,0.55,0.09219,0.05,0.0196,0.05
17,,-0.07249,0.4,-0.06052,0.4,-0.05781,-0.1,-0.1304,-0.1
18,7,0.07751,0.267,-0.31052,0.267,0.09219,0.333,0.8696,0.333
19,7,0.22751,0.134,-0.56052,0.134,0.24219,0.766,1.0,0.766
20,3,0.37751,0.567,0.43948,0.567,0.39219,0.633,0.75,0.633
21,3,0.52751,1.0,1.0,1.0,0.54219,0.5,0.5,0.5
22,,0.37751,0.85,0.85,0.85,0.39219,0.35,0.35,0.35
23,,0.22751,0.7,0.7,0.7,0.24219,0.2,0.2,0.2
24,,0.07751,0.55,0.55,0.55,0.09219,0.05,0.05,0.05
25,,-0.07249,0.4,0.4,0.4,-0.05781,-0.1,-0.1,-0.1
26,6,-0.20549,0.15,0.267,0.55,0.37519,0.9,0.333,0.05
27,6,-0.33849,-0.1,0.134,0.7,0.80819,1.0,0.766,0.2
28,1,0.66151,0.333,0.284,0.567,0.55819,0.867,0.916,0.633
29,1,1.0,0.766,0.434,0.434,0.30819,0.734,1.0,1.0
30,,0.85,0.616,0.284,0.284,0.15819,0.584,0.85,0.85
31,,0.7,0.466,0.134,0.134,0.00819,0.434,0.7,0.7
32,,0.55,0.316,-0.016,-0.016,-0.14181,0.284,0.55,0.55
33,5,0.3,0.183,0.134,0.417,0.85819,0.717,0.7,0.417
34,5,0.05,0.05,0.284,0.85,1.0,1.0,0.85,0.284
35,,-0.1,-0.1,0.134,0.7,0.85,0.85,0.7,0.134
36,2,0.333,0.9,0.567,0.85,0.717,0.6,0.567,0.284
37,2,0.766,1.0,1.0,1.0,0.584,0.35,0.434,0.434
38,,0.616,0.85,0.85,0.85,0.434,0.2,0.284,0.284
39,,0.466,0.7,0.7,0.7,0.284,0.05,0.134,0.134
40,,0.316,0.55,0.55,0.55,0.134,-0.1,-0.016,-0.016
41,6,0.183,0.3,0.417,0.7,0.567,0.9,0.417,0.134
42,6,0.05,0.05,0.284,0.85,1.0,1.0,0.85,0.284
43,,-0.1,-0.1,0.134,0.7,0.85,0.85,0.7,0.134
44,1,0.9,0.333,0.284,0.567,0.6,0.717,0.85,0.567
45,1,1.0,0.766,0.434,0.434,0.35,0.584,1.0,1.0
46,,0.85,0.616,0.284,0.284,0.2,0.434,0.85,0.85
47,,0.7,0.466,0.134,0.134,0.05,0.284,0.7,0.7
48,,0.55,0.316,-0.016,-0.016,-0.1,0.134,0.55,0.55
49,5,0.3,0.183,0.134,0.417,0.9,0.567,0.7,0.417
50,5,0.05,0.05,0.284,0.85,1.0,1.0,0.85,0.284
51,,-0.1,-0.1,0.134,0.7,0.85,0.85,0.7,0.134
52,2,0.333,0.9,0.567,0.85,0.717,0.6,0.567,0.284
53,2,0.766,1.0,1.0,1.0,0.584,0.35,0.434,0.434
54,,0.616,0.85,0.85,0.85,0.434,0.2,0.284,0.284
55,,0.466,0.7,0.7,0.7,0.284,0.05,0.134,0.134
56,,0.316,0.55,0.55,0.55,0.134,-0.1,-0.016,-0.016
57,6,0.183,0.3,0.417,0.7,0.567,0.9,0.417,0.134
58,6,0.05,0.05,0.284,0.85,1.0,1.0,0.85,0.284
59,,-0.1,-0.1,0.134,0.7,0.85,0.85,0.7,0.134
60,1,0.9,0.333,0.284,0.567,0.6,0.717,0.85,0.567
61,1,1.0,0.766,0.434,0.434,0.35,0.584,1.0,1.0
62,,0.85,0.616,0.284,0.284,0.2,0.434,0.85,0.85
63,,0.7,0.466,0.134,0.134,0.05,0.284,0.7,0.7
64,,0.55,0.316,-0.016,-0.016,-0.1,0.134,0.55,0.55
65,5,0.3,0.183,0.134,0.417,0.9,0.567,0.7,0.417
66,5,0.05,0.05,0.284,0.85,1.0,1.0,0.85,0.284
67,,-0.1,-0.1,0.134,0.7,0.85,0.85,0.7,0.134
68,1,0.9,0.333,0.284,0.567,0.6,0.717,0.85,0.567
69,1,1.0,0.766,0.434,0.434,0.35,0.584,1.0,1.0
70,,0.85,0.616,0.284,0.284,0.2,0.434,0.85,0.85
71,,0.7,0.466,0.134,0.134,0.05,0.284,0.7,0.7
72,,0.55,0.316,-0.016,-0.016,-0.1,0.134,0.55,0.55
73,5,0.3,0.183,0.134,0.417,0.9,0.567,0.7,0.417
74,5,0.05,0.05,0.284,0.85,1.0,1.0,0.85,0.284
75,,-0.1,-0.1,0.134,0.7,0.85,0.85,0.7,0.134
76,2,0.333,0.9,0.567,0.85,0.717,0.6,0.567,0.284
77,2,0.766,1.0,1.0,1.0,0.584,0.35,0.434,0.434
78,,0.616,0.85,0.85,0.85,0.434,0.2,0.284,0.284
79,,0.466,0.7,0.7,0.7,0.284,0.05,0.134,0.134
80,,0.316,0.55,0.55,0.55,0.134,-0.1,-0.016,-0.016
81,6,0.183,0.3,0.417,0.7,0.567,0.9,0.417,0.134
82,6,0.05,0.05,0.284,0.85,1.0,1.0,0.85,0.284
83,,-0.1,-0.1,0.134,0.7,0.85,0.85,0.7,0.134
84,2,0.333,0.9,0.567,0.85,0.717,0.6,0.567,0.284
85,2,0.766,1.0,1.0,1.0,0.584,0.35,0.434,0.434
86,,0.616,0.85,0.85,0.85,0.434,0.2,0.284,0.284
87,,0.466,0.7,0.7,0.7,0.284,0.05,0.134,0.134
88,,0.316,0.55,0.55,0.55,0.134,-0.1,-0.016,-0.016
89,6,0.183,0.3,0.417,0.7,0.567,0.9,0.417,0.134
90,6,0.05,0.05,0.284,0.85,1.0,1.0,0.85,0.284
91,,-0.1,-0.1,0.134,0.7,0.85,0.85,0.7,0.134
92,1,0.9,0.333,0.284,0.567,0.6,0.717,0.85,0.567
93,1,1.0,0.766,0.434,0.434,0.35,0.584,1.0,1.0
94,,0.85,0.616,0.284,0.284,0.2,0.434,0.85,0.85
95,,0.7,0.466,0.134,0.134,0.05,0.284,0.7,0.7
96,,0.55,0.316,-0.016,-0.016,-0.1,0.134,0.55,0.55
97,5,0.3,0.183,0.134,0.417,0.9,0.567,0.7,0.417
98,5,0.05,0.05,0.284,0.85,1.0,1.0,0.85,0.284
99,,-0.1,-0.1,0.134,0.7,0.85,0.85,0.7,0.134
100,2,0.333,0.9,0.567,0.85,0.717,0.6,0.567,0.284
101,2,0.766,1.0,1.0,1.0,0.584,0.35,0.434,0.434
102,,0.616,0.85,0.85,0.85,0.434,0.2,0.284,0.284
103,,0.466,0.7,0.7,0.7,0.284,0.05,0.134,0.134
104,,0.316,0.55,0.55,0.55,0.134,-0.1,-0.016,-0.016
105,6,0.183,0.3,0.417,0.7,0.567,0.9,0.417,0.134
106,6,0.05,0.05,0.284,0.85,1.0,1.0,0.85,0.284
107,,-0.1,-0.1,0.134,0.7,0.85,0.85,0.7,0.134
108,2,0.333,0.9,0.567,0.85,0.717,0.6,0.567,0.284
109,2,0.766,1.0,1.0,1.0,0.584,0.35,0.434,0.434
110,,0.616,0.85,0.85,0.85,0.434,0.2,0.284,0.284
111,,0.466,0.7,0.7,0.7,0.284,0.05,0.134,0.134
112,,0.316,0.55,0.55,0.55,0.134,-0.1,-0.016,-0.016
113,6,0.183,0.3,0.417,0.7,0.567,0.9,0.417,0.134
114,6,0.05,0.05,0.284,0.85,1.0,1.0,0.85,0.284
115,,-0.1,-0.1,0.134,0.7,0.85,0.85,0.7,0.134
116,2,0.333,0.9,0.567,0.85,0.717,0.6,0.567,0.284
117,2,0.766,1.0,1.0,1.0,0.584,0.35,0.434,0.434
118,,0.616,0.85,0.85,0.85,0.434,0.2,0.284,0.284
119,,0.466,0.7,0.7,0.7,0.284,0.05,0.134,0.134
120,,0.316,0.55,0.55,0.55,0.134,-0.1,-0.016,-0.016
121,6,0.183,0.3,0.417,0.7,0.567,0.9,0.417,0.134
122,6,0.05,0.05,0.284,0.85,1.0,1.0,0.85,0.284
123,,-0.1,-0.1,0.134,0.7,0.85,0.85,0.7,0.134
124,1,0.9,0.333,0.284,0.567,0.6,0.717,0.85,0.567
125,1,1.0,0.766,0.434,0.434,0.35,0.584,1.0,1.0
126,,0.85,0.616,0.284,0.284,0.2,0.434,0.85,0.85
127,,0.7,0.466,0.134,0.134,0.05,0.284,0.7,0.7
128,,0.55,0.316,-0.016,-0.016,-0.1,0.134,0.55,0.55
129,5,0.3,0.183,0.134,0.417,0.9,0.567,0.7,0.417
130,5,0.05,0.05,0.284,0.85,1.0,1.0,0.85,0.284
131,,-0.1,-0.1,0.134,0.7,0.85,0.85,0.7,0.134
132,1,0.9,0.333,0.284,0.567,0.6,0.717,0.85,0.567
133,1,1.0,0.766,0.434,0.434,0.35,0.584,1.0,1.0
134,,0.85,0.616,0.284,0.284,0.2,0.434,0.85,0.85
135,,0.7,0.466,0.134,0.134,0.05,0.284,0.7,0.7
136,,0.55,0.316,-0.016,-0.016,-0.1,0.134,0.55,0.55
137,5,0.3,0.183,0.134,0.417,0.9,0.567,0.7,0.417
138,5,0.05,0.05,0.284,0.85,1.0,1.0,0.85,0.284
139,,-0.1,-0.1,0.134,0.7,0.85,0.85,0.7,0.134
140,1,0.9,0.333,0.284,0.567,0.6,0.717,0.85,0.567
141,1,1.0,0.766,0.434,0.434,0.35,0.584,1.0,1.0
142,,0.85,0.616,0.284,0.284,0.2,0.434,0.85,0.85
143,,0.7,0.466,0.134,0.134,0.05,0.284,0.7,0.7
144,,0.55,0.316,-0.016,-0.016,-0.1,0.134,0.55,0.55
145,5,0.3,0.183,0.134,0.417,0.9,0.567,0.7,0.417
146,5,0.05,0.05,0.284,0.85,1.0,1.0,0.85,0.284
147,,-0.1,-0.1,0.134,0.7,0.85,0.85,0.7,0.134
148,1,0.9,0.333,0.284,0.567,0.6,0.717,0.85,0.567
149,1,1.0,0.766,0.434,0.434,0.35,0.584,1.0,1.0
150,,0.85,0.616,0.284,0.284,0.2,0.434,0.85,0.85
151,,0.7,0.466,0.134,0.134,0.05,0.284,0.7,0.7
152,,0.55,0.316,-0.016,-0.016,-0.1,0.134,0.55,0.55
153,5,0.3,0.183,0.134,0.417,0.9,0.567,0.7,0.417
154,5,0.05,0.05,0.284,0.85,1.0,1.0,0.85,0.284
155,,-0.1,-0.1,0.134,0.7,0.85,0.85,0.7,0.134
156,1,0.9,0.333,0.284,0.567,0.6,0.717,0.85,0.567
157,1,1.0,0.766,0.434,0.434,0.35,0.584,1.0,1.0
158,,0.85,0.616,0.284,0.284,0.2,0.434,0.85,0.85
159,,0.7,0.466,0.134,0.134,0.05,0.284,0.7,0.7
160,,0.55,0.316,-0.016,-0.016,-0.1,0.134,0.55,0.55
161,5,0.3,0.183,0.134,0.417,0.9,0.567,0.7,0.417
162,5,0.05,0.05,0.284,0.85,1.0,1.0,0.85,0.284
163,,-0.1,-0.1,0.134,0.7,0.85,0.85,0.7,0.134
164,1,0.9,0.333,0.284,0.567,0.6,0.717,0.85,0.567
165,1,1.0,0.766,0.434,0.434,0.35,0.584,1.0,1.0
166,,0.85,0.616,0.284,0.284,0.2,0.434,0.85,0.85
167,,0.7,0.466,0.134,0.134,0.05,0.284,0.7,0.7
168,,0.55,0.316,-0.016,-0.016,-0.1,0.134,0.55,0.55
169,5,0.3,0.183,0.134,0.417,0.9,0.567,0.7,0.417
170,5,0.05,0.05,0.284,0.85,1.0,1.0,0.85,0.284
171,,-0.1,-0.1,0.134,0.7,0.85,0.85,0.7,0.134
172,1,0.9,0.333,0.284,0.567,0.6,0.717,0.85,0.567
173,1,1.0,0.766,0.434,0.434,0.35,0.584,1.0,1.0
174,,0.85,0.616,0.284,0.284,0.2,0.434,0.85,0.85
175,,0.7,0.466,0.134,0.134,0.05,0.284,0.7,0.7
176,,0.55,0.316,-0.016,-0.016,-0.1,0.134,0.55,0.55
177,5,0.3,0.183,0.134,0.417,0.9,0.567,0.7,0.417
178,5,0.05,0.05,0.284,0.85,1.0,1.0,0.85,0.284
179,,-0.1,-0.1,0.134,0.7,0.85,0.85,0.7,0.134
180,1,0.9,0.333,0.284,0.567,0.6,0.717,0.85,0.567
181,1,1.0,0.766,0.434,0.434,0.35,0.584,1.0,1.0
182,,0.85,0.616,0.284,0.284,0.2,0.434,0.85,0.85
183,,0.7,0.466,0.134,0.134,0.05,0.284,0.7,0.7
184,,0.55,0.316,-0.016,-0.016,-0.1,0.134,0.55,0.55
185,5,0.3,0.183,0.134,0.417,0.9,0.567,0.7,0.417
186,5,0.05,0.05,0.284,0.85,1.0,1.0,0.85,0.284
187,,-0.1,-0.1,0.134,0.7,0.85,0.85,0.7,0.134
188,1,0.9,0.333,0.284,0.567,0.6,0.717,0.85,0.567
189,1,1.0,0.766,0.434,0.434,0.35,0.584,1.0,1.0
190,,0.85,0.616,0.284,0.284,0.2,0.434,0.85,0.85
191,,0.7,0.466,0.134,0.134,0.05,0.284,0.7,0.7
192,,0.55,0.316,-0.016,-0.016,-0.1,0.134,0.55,0.55
193,5,0.3,0.183,0.134,0.417,0.9,0.567,0.7,0.417
194,5,0.05,0.05,0.284,0.85,1.0,1.0,0.85,0.284
195,,-0.1,-0.1,0.134,0.7,0.85,0.85,0.7,0.134
196,2,0.333,0.9,0.567,0.85,0.717,0.6,0.567,0.284
197,2,0.766,1.0,1.0,1.0,0.584,0.35,0.434,0.434
198,,0.616,0.85,0.85,0.85,0.434,0.2,0.284,0.284
199,,0.466,0.7,0.7,0.7,0.284,0.05,0.134,0.134
200,,0.316,0.55,0.55,0.55,0.134,-0.1,-0.016,-0.016
201,6,0.183,0.3,0.417,0.7,0.567,0.9,0.417,0.134
202,6,0.05,0.05,0.284,0.85,1.0,1.0,0.85,0.284
203,,-0.1,-0.1,0.134,0.7,0.85,0.85,0.7,0.134
204,1,0.9,0.333,0.284,0.567,0.6,0.717,0.85,0.567
205,1,1.0,0.766,0.434,0.434,0.35,0.584,1.0,1.0
206,,0.85,0.616,0.284,0.284,0.2,0.434,0.85,0.85
207,,0.7,0.466,0.134,0.134,0.05,0.284,0.7,0.7
208,,0.55,0.316,-0.016,-0.016,-0.1,0.134,0.55,0.55
209,5,0.3,0.183,0.134,0.417,0.9,0.567,0.7,0.417
210,5,0.05,0.05,0.284,0.85,1.0,1.0,0.85,0.284
211,,-0.1,-0.1,0.134,0.7,0.85,0.85,0.7,0.134
212,2,0.333,0.9,0.567,0.85,0.717,0.6,0.567,0.284
213,2,0.766,1.0,1.0,1.0,0.584,0.35,0.434,0.434
214,,0.616,0.85,0.85,0.85,0.434,0.2,0.284,0.284
215,,0.466,0.7,0.7,0.7,0.284,0.05,0.134,0.134
216,,0.316,0.55,0.55,0.55,0.134,-0.1,-0.016,-0.016
217,6,0.183,0.3,0.417,0.7,0.567,0.9,0.417,0.134
218,6,0.05,0.05,0.284,0.85,1.0,1.0,0.85,0.284
219,,-0.1,-0.1,0.134,0.7,0.85,0.85,0.7,0.134
220,2,0.333,0.9,0.567,0.85,0.717,0.6,0.567,0.284
221,2,0.766,1.0,1.0,1.0,0.584,0.35,0.434,0.434
222,,0.616,0.85,0.85,0.85,0.434,0.2,0.284,0.284
223,,0.466,0.7,0.7,0.7,0.284,0.05,0.134,0.134
224,,0.316,0.55,0.55,0.55,0.134,-0.1,-0.016,-0.016
225,6,0.183,0.3,0.417,0.7,0.567,0.9,0.417,0.134
226,6,0.05,0.05,0.284,0.85,1.0,1.0,0.85,0.284
227,,-0.1,-0.1,0.134,0.7,0.85,0.85,0.7,0.134
228,2,0.333,0.9,0.567,0.85,0.717,0.6,0.567,0.284
229,2,0.766,1.0,1.0,1.0,0.584,0.35,0.434,0.434
230,,0.616,0.85,0.85,0.85,0.434,0.2,0.284,0.284
231,,0.466,0.7,0.7,0.7,0.284,0.05,0.134,0.134
232,,0.316,0.55,0.55,0.55,0.134,-0.1,-0.016,-0.016
233,6,0.183,0.3,0.417,0.7,0.567,0.9,0.417,0.134
234,6,0.05,0.05,0.284,0.85,1.0,1.0,0.85,0.284
235,,-0.1,-0.1,0.134,0.7,0.85,0.85,0.7,0.134
236,1,0.9,0.333,0.284,0.567,0.6,0.717,0.85,0.567
237,1,1.0,0.766,0.434,0.434,0.35,0.584,1.0,1.0
238,,0.85,0.616,0.284,0.284,0.2,0.434,0.85,0.85
239,,0.7,0.466,0.134,0.134,0.05,0.284,0.7,0.7
240,,0.55,0.316,-0.016,-0.016,-0.1,0.134,0.55,0.55
241,5,0.3,0.183,0.134,0.417,0.9,0.567,0.7,0.417
242,5,0.05,0.05,0.284,0.85,1.0,1.0,0.85,0.284
243,,-0.1,-0.1,0.134,0.7,0.85,0.85,0.7,0.134
244,1,0.9,0.333,0.284,0.567,0.6,0.717,0.85,0.567
245,1,1.0,0.766,0.434,0.434,0.35,0.584,1.0,1.0
246,,0.85,0.616,0.284,0.284,0.2,0.434,0.85,0.85
247,,0.7,0.466,0.134,0.134,0.05,0.284,0.7,0.7
248,,0.55,0.316,-0.016,-0.016,-0.1,0.134,0.55,0.55
249,5,0.3,0.183,0.134,0.417,0.9,0.567,0.7,0.417
250,5,0.05,0.05,0.284,0.85,1.0,1.0,0.85,0.284
251,,-0.1,-0.1,0.134,0.7,0.85,0.85,0.7,0.134
252,1,0.9,0.333,0.284,0.567,0.6,0.717,0.85,0.567
253,1,1.0,0.766,0.434,0.434,0.35,0.584,1.0,1.0
254,,0.85,0.616,0.284,0.284,0.2,0.434,0.85,0.85
255,,0.7,0.466,0.134,0.134,0.05,0.284,0.7,0.7
256,,0.55,0.316,-0.016,-0.016,-0.1,0.134,0.55,0.55
257,5,0.3,0.183,0.134,0.417,0.9,0.567,0.7,0.417
258,5,0.05,0.05,0.284,0.85,1.0,1.0,0.85,0.284
259,,-0.1,-0.1,0.134,0.7,0.85,0.85,0.7,0.134
260,1,0.9,0.333,0.284,0.567,0.6,0.717,0.85,0.567
261,1,1.0,0.766,0.434,0.434,0.35,0.584,1.0,1.0
262,,0.85,0.616,0.284,0.284,0.2,0.434,0.85,0.85
263,,0.7,0.466,0.134,0.134,0.05,0.284,0.7,0.7
264,,0.55,0.316,-0.016,-0.016,-0.1,0.134,0.55,0.55
265,5,0.3,0.183,0.134,0.417,0.9,0.567,0.7,0.417
266,5,0.05,0.05,0.284,0.85,1.0,1.0,0.85,0.284
267,,-0.1,-0.1,0.134,0.7,0.85,0.85,0.7,0.134
268,2,0.333,0.9,0.567,0.85,0.717,0.6,0.567,0.284
269,2,0.766,1.0,1.0,1.0,0.584,0.35,0.434,0.434
270,,0.616,0.85,0.85,0.85,0.434,0.2,0.284,0.284
271,,0.466,0.7,0.7,0.7,0.284,0.05,0.134,0.134
272,,0.316,0.55,0.55,0.55,0.134,-0.1,-0.016,-0.016
273,6,0.183,0.3,0.417,0.7,0.567,0.9,0.417,0.134
274,6,0.05,0.05,0.284,0.85,1.0,1.0,0.85,0.284
275,,-0.1,-0.1,0.134,0.7,0.85,0.85,0.7,0.134
276,1,0.9,0.333,0.284,0.567,0.6,0.717,0.85,0.567
277,1,1.0,0.766,0.434,0.434,0.35,0.584,1.0,1.0
278,,0.85,0.616,0.284,0.284,0.2,0.434,0.85,0.85
279,,0.7,0.466,0.134,0.134,0.05,0.284,0.7,0.7
280,,0.55,0.316,-0.016,-0.016,-0.1,0.134,0.55,0.55
281,5,0.3,0.183,0.134,0.417,0.9,0.567,0.7,0.417
282,5,0.05,0.05,0.284,0.85,1.0,1.0,0.85,0.284
283,,-0.1,-0.1,0.134,0.7,0.85,0.85,0.7,0.134
284,1,0.9,0.333,0.284,0.567,0.6,0.717,0.85,0.567
285,1,1.0,0.766,0.434,0.434,0.35,0.584,1.0,1.0
286,,0.85,0.616,0.284,0.284,0.2,0.434,0.85,0.85
287,,0.7,0.466,0.134,0.134,0.05,0.284,0.7,0.7
288,,0.55,0.316,-0.016,-0.016,-0.1,0.134,0.55,0.55
289,5,0.3,0.183,0.134,0.417,0.9,0.567,0.7,0.417
290,5,0.05,0.05,0.284,0.85,1.0,1.0,0.85,0.284
291,,-0.1,-0.1,0.134,0.7,0.85,0.85,0.7,0.134
292,1,0.9,0.333,0.284,0.567,0.6,0.717,0.85,0.567
293,1,1.0,0.766,0.434,0.434,0.35,0.584,1.0,1.0
294,,0.85,0.616,0.284,0.284,0.2,0.434,0.85,0.85
295,,0.7,0.466,0.134,0.134,0.05,0.284,0.7,0.7
296,,0.55,0.316,-0.016,-0.016,-0.1,0.134,0.55,0.55
297,5,0.3,0.183,0.134,0.417,0.9,0.567,0.7,0.417
298,5,0.05,0.05,0.284,0.85,1.0,1.0,0.85,0.284
299,,-0.1,-0.1,0.134,0.7,0.85,0.85,0.7,0.134
300,1,0.9,0.333,0.284,0.567,0.6,0.717,0.85,0.567
301,1,1.0,0.766,0.434,0.434,0.35,0.584,1.0,1.0
302,,0.85,0.616,0.284,0.284,0.2,0.434,0.85,0.85
303,,0.7,0.466,0.134,0.134,0.05,0.284,0.7,0.7
304,,0.55,0.316,-0.016,-0.016,-0.1,0.134,0.55,0.55
305,5,0.3,0.183,0.134,0.417,0.9,0.567,0.7,0.417
306,5,0.05,0.05,0.284,0.85,1.0,1.0,0.85,0.284
307,,-0.1,-0.1,0.134,0.7,0.85,0.85,0.7,0.134
308,1,0.9,0.333,0.284,0.567,0.6,0.717,0.85,0.567
309,1,1.0,0.766,0.434,0.434,0.35,0.584,1.0,1.0
310,,0.85,0.616,0.284,0.284,0.2,0.434,0.85,0.85
311,,0.7,0.466,0.134,0.134,0.05,0.284,0.7,0.7
312,,0.55,0.316,-0.016,-0.016,-0.1,0.134,0.55,0.55
313,5,0.3,0.183,0.134,0.417,0.9,0.567,0.7,0.417
314,5,0.05,0.05,0.284,0.85,1.0,1.0,0.85,0.284
315,,-0.1,-0.1,0.134,0.7,0.85,0.85,0.7,0.134
316,2,0.333,0.9,0.567,0.85,0.717,0.6,0.567,0.284
317,2,0.766,1.0,1.0,1.0,0.584,0.35,0.434,0.434
318,,0.616,0.85,0.85,0.85,0.434,0.2,0.284,0.284
319,,0.466,0.7,0.7,0.7,0.284,0.05,0.134,0.134
320,,0.316,0.55,0.55,0.55,0.134,-0.1,-0.016,-0.016
321,6,0.183,0.3,0.417,0.7,0.567,0.9,0.417,0.134
322,6,0.05,0.05,0.284,0.85,1.0,1.0,0.85,0.284
323,,-0.1,-0.1,0.134,0.7,0.85,0.85,0.7,0.134
324,1,0.9,0.333,0.284,0.567,0.6,0.717,0.85,0.567
325,1,1.0,0.766,0.434,0.434,0.35,0.584,1.0,1.0
326,,0.85,0.616,0.284,0.284,0.2,0.434,0.85,0.85
327,,0.7,0.466,0.134,0.134,0.05,0.284,0.7,0.7
328,,0.55,0.316,-0.016,-0.016,-0.1,0.134,0.55,0.55
329,5,0.3,0.183,0.134,0.417,0.9,0.567,0.7,0.417
330,5,0.05,0.05,0.284,0.85,1.0,1.0,0.85,0.284
331,,-0.1,-0.1,0.134,0.7,0.85,0.85,0.7,0.134
332,2,0.333,0.9,0.567,0.85,0.717,0.6,0.567,0.284
333,2,0.766,1.0,1.0,1.0,0.584,0.35,0.434,0.434
334,,0.616,0.85,0.85,0.85,0.434,0.2,0.284,0.284
335,,0.466,0.7,0.7,0.7,0.284,0.05,0.134,0.134
336,,0.316,0.55,0.55,0.55,0.134,-0.1,-0.016,-0.016
337,6,0.183,0.3,0.417,0.7,0.567,0.9,0.417,0.134
338,6,0.05,0.05,0.284,0.85,1.0,1.0,0.85,0.284
339,,-0.1,-0.1,0.134,0.7,0.85,0.85,0.7,0.134
340,1,0.9,0.333,0.284,0.567,0.6,0.717,0.85,0.567
341,1,1.0,0.766,0.434,0.434,0.35,0.584,1.0,1.0
342,,0.85,0.616,0.284,0.284,0.2,0.434,0.85,0.85
343,,0.7,0.466,0.134,0.134,0.05,0.284,0.7,0.7
344,,0.55,0.316,-0.016,-0.016,-0.1,0.134,0.55,0.55
345,5,0.3,0.183,0.134,0.417,0.9,0.567,0.7,0.417
346,5,0.05,0.05,0.284,0.85,1.0,1.0,0.85,0.284
347,,-0.1,-0.1,0.134,0.7,0.85,0.85,0.7,0.134
348,2,0.333,0.9,0.567,0.85,0.717,0.6,0.567,0.284
349,2,0.766,1.0,1.0,1.0,0.584,0.35,0.434,0.434
350,,0.616,0.85,0.85,0.85,0.434,0.2,0.284,0.284
351,,0.466,0.7,0.7,0.7,0.284,0.05,0.134,0.134
352,,0.316,0.55,0.55,0.55,0.134,-0.1,-0.016,-0.016
353,6,0.183,0.3,0.417,0.7,0.567,0.9,0.417,0.134
354,6,0.05,0.05,0.284,0.85,1.0,1.0,0.85,0.284
355,,-0.1,-0.1,0.134,0.7,0.85,0.85,0.7,0.134
356,1,0.9,0.333,0.284,0.567,0.6,0.717,0.85,0.567
357,1,1.0,0.766,0.434,0.434,0.35,0.584,1.0,1.0
358,,0.85,0.616,0.284,0.284,0.2,0.434,0.85,0.85
359,,0.7,0.466,0.134,0.134,0.05,0.284,0.7,0.7
360,,0.55,0.316,-0.016,-0.016,-0.1,0.134,0.55,0.55
361,5,0.3,0.183,0.134,0.417,0.9,0.567,0.7,0.417
362,5,0.05,0.05,0.284,0.85,1.0,1.0,0.85,0.284
363,,-0.1,-0.1,0.134,0.7,0.85,0.85,0.7,0.134
364,1,0.9,0.333,0.284,0.567,0.6,0.717,0.85,0.567
365,1,1.0,0.766,0.434,0.434,0.35,0.584,1.0,1.0
366,,0.85,0.616,0.284,0.284,0.2,0.434,0.85,0.85
367,,0.7,0.466,0.134,0.134,0.05,0.284,0.7,0.7
368,,0.55,0.316,-0.016,-0.016,-0.1,0.134,0.55,0.55
369,5,0.3,0.183,0.134,0.417,0.9,0.567,0.7,0.417
370,5,0.05,0.05,0.284,0.85,1.0,1.0,0.85,0.284
371,,-0.1,-0.1,0.134,0.7,0.85,0.85,0.7,0.134
372,2,0.333,0.9,0.567,0.85,0.717,0.6,0.567,0.284
373,2,0.766,1.0,1.0,1.0,0.584,0.35,0.434,0.434
374,,0.616,0.85,0.85,0.85,0.434,0.2,0.284,0.284
375,,0.466,0.7,0.7,0.7,0.284,0.05,0.134,0.134
376,,0.316,0.55,0.55,0.55,0.134,-0.1,-0.016,-0.016
377,6,0.183,0.3,0.417,0.7,0.567,0.9,0.417,0.134
378,6,0.05,0.05,0.284,0.85,1.0,1.0,0.85,0.284
379,,-0.1,-0.1,0.134,0.7,0.85,0.85,0.7,0.134
380,2,0.333,0.9,0.567,0.85,0.717,0.6,0.567,0.284
381,2,0.766,1.0,1.0,1.0,0.584,0.35,0.434,0.434
382,,0.616,0.85,0.85,0.85,0.434,0.2,0.284,0.284
383,,0.466,0.7,0.7,0.7,0.284,0.05,0.134,0.134
384,,0.316,0.55,0.55,0.55,0.134,-0.1,-0.016,-0.016
385,6,0.183,0.3,0.417,0.7,0.567,0.9,0.417,0.134
386,6,0.05,0.05,0.284,0.85,1.0,1.0,0.85,0.284
387,,-0.1,-0.1,0.134,0.7,0.85,0.85,0.7,0.134
388,2,0.333,0.9,0.567,0.85,0.717,0.6,0.567,0.284
389,2,0.766,1.0,1.0,1.0,0.584,0.35,0.434,0.434
390,,0.616,0.85,0.85,0.85,0.434,0.2,0.284,0.284
391,,0.466,0.7,0.7,0.7,0.284,0.05,0.134,0.134
392,,0.316,0.55,0.55,0.55,0.134,-0.1,-0.016,-0.016
393,6,0.183,0.3,0.417,0.7,0.567,0.9,0.417,0.134
394,6,0.05,0.05,0.284,0.85,1.0,1.0,0.85,0.284
395,,-0.1,-0.1,0.134,0.7,0.85,0.85,0.7,0.134
396,1,0.9,0.333,0.284,0.567,0.6,0.717,0.85,0.567
397,1,1.0,0.766,0.434,0.434,0.35,0.584,1.0,1.0
398,,0.85,0.616,0.284,0.284,0.2,0.434,0.85,0.85
399,,0.7,0.466,0.134,0.134,0.05,0.284,0.7,0.7
400,,0.55,0.316,-0.016,-0.016,-0.1,0.134,0.55,0.55
401,5,0.3,0.183,0.134,0.417,0.9,0.567,0.7,0.417
402,5,0.05,0.05,0.284,0.85,1.0,1.0,0.85,0.284
403,,-0.1,-0.1,0.134,0.7,0.85,0.85,0.7,0.134
404,2,0.333,0.9,0.567,0.85,0.717,0.6,0.567,0.284
405,2,0.766,1.0,1.0,1.0,0.584,0.35,0.434,0.434
406,,0.616,0.85,0.85,0.85,0.434,0.2,0.284,0.284
407,,0.466,0.7,0.7,0.7,0.284,0.05,0.134,0.134
408,,0.316,0.55,0.55,0.55,0.134,-0.1,-0.016,-0.016
409,6,0.183,0.3,0.417,0.7,0.567,0.9,0.417,0.134
410,6,0.05,0.05,0.284,0.85,1.0,1.0,0.85,0.284
411,,-0.1,-0.1,0.134,0.7,0.85,0.85,0.7,0.134
412,1,0.9,0.333,0.284,0.567,0.6,0.717,0.85,0.567
413,1,1.0,0.766,0.434,0.434,0.35,0.584,1.0,1.0
414,,0.85,0.616,0.284,0.284,0.2,0.434,0.85,0.85
415,,0.7,0.466,0.134,0.134,0.05,0.284,0.7,0.7
416,,0.55,0.316,-0.016,-0.016,-0.1,0.134,0.55,0.55
417,5,0.3,0.183,0.134,0.417,0.9,0.567,0.7,0.417
418,5,0.05,0.05,0.284,0.85,1.0,1.0,0.85,0.284
419,,-0.1,-0.1,0.134,0.7,0.85,0.85,0.7,0.134
420,1,0.9,0.333,0.284,0.567,0.6,0.717,0.85,0.567
421,1,1.0,0.766,0.434,0.434,0.35,0.584,1.0,1.0
422,,0.85,0.616,0.284,0.284,0.2,0.434,0.85,0.85
423,,0.7,0.466,0.134,0.134,0.05,0.284,0.7,0.7
424,,0.55,0.316,-0.016,-0.016,-0.1,0.134,0.55,0.55
425,5,0.3,0.183,0.134,0.417,0.9,0.567,0.7,0.417
426,5,0.05,0.05,0.284,0.85,1.0,1.0,0.85,0.284
427,,-0.1,-0.1,0.134,0.7,0.85,0.85,0.7,0.134
428,2,0.333,0.9,0.567,0.85,0.717,0.6,0.567,0.284
429,2,0.766,1.0,1.0,1.0,0.584,0.35,0.434,0.434
430,,0.616,0.85,0.85,0.85,0.434,0.2,0.284,0.284
431,,0.466,0.7,0.7,0.7,0.284,0.05,0.134,0.134
432,,0.316,0.55,0.55,0.55,0.134,-0.1,-0.016,-0.016
433,6,0.183,0.3,0.417,0.7,0.567,0.9,0.417,0.134
434,6,0.05,0.05,0.284,0.85,1.0,1.0,0.85,0.284
435,,-0.1,-0.1,0.134,0.7,0.85,0.85,0.7,0.134
436,2,0.333,0.9,0.567,0.85,0.717,0.6,0.567,0.284
437,2,0.766,1.0,1.0,1.0,0.584,0.35,0.434,0.434
438,,0.616,0.85,0.85,0.85,0.434,0.2,0.284,0.284
439,,0.466,0.7,0.7,0.7,0.284,0.05,0.134,0.134
440,,0.316,0.55,0.55,0.55,0.134,-0.1,-0.016,-0.016
441,6,0.183,0.3,0.417,0.7,0.567,0.9,0.417,0.134
442,6,0.05,0.05,0.284,0.85,1.0,1.0,0.85,0.284
443,,-0.1,-0.1,0.134,0.7,0.85,0.85,0.7,0.134
444,1,0.9,0.333,0.284,0.567,0.6,0.717,0.85,0.567
445,1,1.0,0.766,0.434,0.434,0.35,0.584,1.0,1.0
446,,0.85,0.616,0.284,0.284,0.2,0.434,0.85,0.85
447,,0.7,0.466,0.134,0.134,0.05,0.284,0.7,0.7
448,,0.55,0.316,-0.016,-0.016,-0.1,0.134,0.55,0.55
449,5,0.3,0.183,0.134,0.417,0.9,0.567,0.7,0.417
450,5,0.05,0.05,0.284,0.85,1.0,1.0,0.85,0.284
451,,-0.1,-0.1,0.134,0.7,0.85,0.85,0.7,0.134
452,1,0.9,0.333,0.284,0.567,0.6,0.717,0.85,0.567
453,1,1.0,0.766,0.434,0.434,0.35,0.584,1.0,1.0
454,,0.85,0.616,0.284,0.284,0.2,0.434,0.85,0.85
455,,0.7,0.466,0.134,0.134,0.05,0.284,0.7,0.7
456,,0.55,0.316,-0.016,-0.016,-0.1,0.134,0.55,0.55
457,5,0.3,0.183,0.134,0.417,0.9,0.567,0.7,0.417
458,5,0.05,0.05,0.284,0.85,1.0,1.0,0.85,0.284
459,,-0.1,-0.1,0.134,0.7,0.85,0.85,0.7,0.134
460,2,0.333,0.9,0.567,0.85,0.717,0.6,0.567,0.284
461,2,0.766,1.0,1.0,1.0,0.584,0.35,0.434,0.434
462,,0.616,0.85,0.85,0.85,0.434,0.2,0.284,0.284
463,,0.466,0.7,0.7,0.7,0.284,0.05,0.134,0.134
464,,0.316,0.55,0.55,0.55,0.134,-0.1,-0.016,-0.016
465,6,0.183,0.3,0.417,0.7,0.567,0.9,0.417,0.134
466,6,0.05,0.05,0.284,0.85,1.0,1.0,0.85,0.284
467,,-0.1,-0.1,0.134,0.7,0.85,0.85,0.7,0.134
468,2,0.333,0.9,0.567,0.85,0.717,0.6,0.567,0.284
469,2,0.766,1.0,1.0,1.0,0.584,0.35,0.434,0.434
470,,0.616,0.85,0.85,0.85,0.434,0.2,0.284,0.284
471,,0.466,0.7,0.7,0.7,0.284,0.05,0.134,0.134
472,,0.316,0.55,0.55,0.55,0.134,-0.1,-0.016,-0.016
473,6,0.183,0.3,0.417,0.7,0.567,0.9,0.417,0.134
474,6,0.05,0.05,0.284,0.85,1.0,1.0,0.85,0.284
475,,-0.1,-0.1,0.134,0.7,0.85,0.85,0.7,0.134
476,2,0.333,0.9,0.567,0.85,0.717,0.6,0.567,0.284
477,2,0.766,1.0,1.0,1.0,0.584,0.35,0.434,0.434
478,,0.616,0.85,0.85,0.85,0.434,0.2,0.284,0.284
479,,0.466,0.7,0.7,0.7,0.284,0.05,0.134,0.134
480,,0.316,0.55,0.55,0.55,0.134,-0.1,-0.016,-0.016
481,6,0.183,0.3,0.417,0.7,0.567,0.9,0.417,0.134
482,6,0.05,0.05,0.284,0.85,1.0,1.0,0.85,0.284
483,,-0.1,-0.1,0.134,0.7,0.85,0.85,0.7,0.134
484,1,0.9,0.333,0.284,0.567,0.6,0.717,0.85,0.567
485,1,1.0,0.766,0.434,0.434,0.35,0.584,1.0,1.0
486,,0.85,0.616,0.284,0.284,0.2,0.434,0.85,0.85
487,,0.7,0.466,0.134,0.134,0.05,0.284,0.7,0.7
488,,0.55,0.316,-0.016,-0.016,-0.1,0.134,0.55,0.55
489,5,0.3,0.183,0.134,0.417,0.9,0.567,0.7,0.417
490,5,0.05,0.05,0.284,0.85,1.0,1.0,0.85,0.284
491,,-0.1,-0.1,0.134,0.7,0.85,0.85,0.7,0.134
492,1,0.9,0.333,0.284,0.567,0.6,0.717,0.85,0.567
493,1,1.0,0.766,0.434,0.434,0.35,0.584,1.0,1.0
494,,0.85,0.616,0.284,0.284,0.2,0.434,0.85,0.85
495,,0.7,0.466,0.134,0.134,0.05,0.284,0.7,0.7
496,,0.55,0.316,-0.016,-0.016,-0.1,0.134,0.55,0.55
497,5,0.3,0.183,0.134,0.417,0.9,0.567,0.7,0.417
498,5,0.05,0.05,0.284,0.85,1.0,1.0,0.85,0.284
499,,-0.1,-0.1,0.134,0.7,0.85,0.85,0.7,0.134
