step,active_motive,motive_1,motive_2,motive_3,motive_4,motive_5,motive_6,motive_7,motive_8
0,,0.04242,0.09064,0.01112,0.04926,0.00114,0.04687,0.00563,0.01188
1,,-0.10758,-0.05936,-0.13888,-0.10074,-0.14886,-0.10313,-0.14437,-0.13812
2,5,-0.35758,-0.19236,0.01112,0.33226,0.85114,0.32987,0.00563,-0.27112
3,5,-0.60758,-0.32536,0.16112,0.76526,1.0,0.76287,0.15563,-0.40412
4,1,0.39242,0.10764,0.31112,0.63226,0.75,0.62987,0.30563,0.02888
5,1,1.0,0.54064,0.46112,0.49926,0.5,0.49687,0.45563,0.46188
6,,0.85,0.39064,0.31112,0.34926,0.35,0.34687,0.30563,0.31188
7,,0.7,0.24064,0.16112,0.19926,0.2,0.19687,0.15563,0.16188
8,,0.55,0.09064,0.01112,0.04926,0.05,0.04687,0.00563,0.01188
9,,0.4,-0.05936,-0.13888,-0.10074,-0.1,-0.10313,-0.14437,-0.13812
10,7,0.55,-0.19236,-0.38888,-0.23374,0.05,0.32987,0.85563,0.29488
11,7,0.7,-0.32536,-0.63888,-0.36674,0.2,0.76287,1.0,0.72788
12,3,0.85,0.10764,0.36112,0.06626,0.35,0.62987,0.75,0.59488
13,3,1.0,0.54064,1.0,0.49926,0.5,0.49687,0.5,0.46188
14,,0.85,0.39064,0.85,0.34926,0.35,0.34687,0.35,0.31188
15,,0.7,0.24064,0.7,0.19926,0.2,0.19687,0.2,0.16188
16,,0.55,0.09064,0.55,0.04926,0.05,0.04687,0.05,0.01188
17,,0.4,-0.05936,0.4,-0.10074,-0.1,-0.10313,-0.1,-0.13812
18,8,0.833,0.09064,0.267,-0.35074,-0.233,0.04687,0.333,0.86188
19,8,1.0,0.24064,0.134,-0.60074,-0.366,0.19687,0.766,1.0
20,4,0.867,0.39064,0.567,0.39926,0.067,0.34687,0.633,0.75
21,4,0.734,0.54064,1.0,1.0,0.5,0.49687,0.5,0.5
22,,0.584,0.39064,0.85,0.85,0.35,0.34687,0.35,0.35
23,,0.434,0.24064,0.7,0.7,0.2,0.19687,0.2,0.2
24,,0.284,0.09064,0.55,0.55,0.05,0.04687,0.05,0.05
25,,0.134,-0.05936,0.4,0.4,-0.1,-0.10313,-0.1,-0.1
26,6,0.001,-0.30936,0.267,0.55,0.333,0.89687,0.333,0.05
27,6,-0.132,-0.55936,0.134,0.7,0.766,1.0,0.766,0.2
28,2,0.301,0.44064,0.567,0.85,0.633,0.75,0.633,0.35
29,2,0.734,1.0,1.0,1.0,0.5,0.5,0.5,0.5
30,,0.584,0.85,0.85,0.85,0.35,0.35,0.35,0.35
31,,0.434,0.7,0.7,0.7,0.2,0.2,0.2,0.2
32,,0.284,0.55,0.55,0.55,0.05,0.05,0.05,0.05
33,,0.134,0.4,0.4,0.4,-0.1,-0.1,-0.1,-0.1
34,5,-0.116,0.267,0.55,0.833,0.9,0.333,0.05,-0.233
35,5,-0.366,0.134,0.7,1.0,1.0,0.766,0.2,-0.366
36,1,0.634,0.567,0.85,0.867,0.75,0.633,0.35,0.067
37,1,1.0,1.0,1.0,0.734,0.5,0.5,0.5,0.5
38,,0.85,0.85,0.85,0.584,0.35,0.35,0.35,0.35
39,,0.7,0.7,0.7,0.434,0.2,0.2,0.2,0.2
40,,0.55,0.55,0.55,0.284,0.05,0.05,0.05,0.05
41,,0.4,0.4,0.4,0.134,-0.1,-0.1,-0.1,-0.1
42,5,0.15,0.267,0.55,0.567,0.9,0.333,0.05,-0.233
43,5,-0.1,0.134,0.7,1.0,1.0,0.766,0.2,-0.366
44,8,0.333,0.284,0.567,0.75,0.867,0.916,0.633,0.634
45,8,0.766,0.434,0.434,0.5,0.734,1.0,1.0,1.0
46,,0.616,0.284,0.284,0.35,0.584,0.85,0.85,0.85
47,,0.466,0.134,0.134,0.2,0.434,0.7,0.7,0.7
48,,0.316,-0.016,-0.016,0.05,0.284,0.55,0.55,0.55
49,2,0.749,0.984,0.417,0.2,0.151,0.3,0.417,0.7
50,2,1.0,1.0,0.85,0.35,0.018,0.05,0.284,0.85
51,,0.85,0.85,0.7,0.2,-0.132,-0.1,0.134,0.7
52,5,0.6,0.717,0.85,0.633,0.868,0.333,0.284,0.567
53,5,0.35,0.584,1.0,1.0,1.0,0.766,0.434,0.434
54,,0.2,0.434,0.85,0.85,0.85,0.616,0.284,0.284
55,,0.05,0.284,0.7,0.7,0.7,0.466,0.134,0.134
56,,-0.1,0.134,0.55,0.55,0.55,0.316,-0.016,-0.016
57,1,0.9,0.567,0.7,0.417,0.3,0.183,0.134,0.417
58,1,1.0,1.0,0.85,0.284,0.05,0.05,0.284,0.85
59,,0.85,0.85,0.7,0.134,-0.1,-0.1,0.134,0.7
60,5,0.6,0.717,0.85,0.567,0.9,0.333,0.284,0.567
61,5,0.35,0.584,1.0,1.0,1.0,0.766,0.434,0.434
62,,0.2,0.434,0.85,0.85,0.85,0.616,0.284,0.284
63,,0.05,0.284,0.7,0.7,0.7,0.466,0.134,0.134
64,,-0.1,0.134,0.55,0.55,0.55,0.316,-0.016,-0.016
65,1,0.9,0.567,0.7,0.417,0.3,0.183,0.134,0.417
66,1,1.0,1.0,0.85,0.284,0.05,0.05,0.284,0.85
67,,0.85,0.85,0.7,0.134,-0.1,-0.1,0.134,0.7
68,5,0.6,0.717,0.85,0.567,0.9,0.333,0.284,0.567
69,5,0.35,0.584,1.0,1.0,1.0,0.766,0.434,0.434
70,,0.2,0.434,0.85,0.85,0.85,0.616,0.284,0.284
71,,0.05,0.284,0.7,0.7,0.7,0.466,0.134,0.134
72,,-0.1,0.134,0.55,0.55,0.55,0.316,-0.016,-0.016
73,1,0.9,0.567,0.7,0.417,0.3,0.183,0.134,0.417
74,1,1.0,1.0,0.85,0.284,0.05,0.05,0.284,0.85
75,,0.85,0.85,0.7,0.134,-0.1,-0.1,0.134,0.7
76,5,0.6,0.717,0.85,0.567,0.9,0.333,0.284,0.567
77,5,0.35,0.584,1.0,1.0,1.0,0.766,0.434,0.434
78,,0.2,0.434,0.85,0.85,0.85,0.616,0.284,0.284
79,,0.05,0.284,0.7,0.7,0.7,0.466,0.134,0.134
80,,-0.1,0.134,0.55,0.55,0.55,0.316,-0.016,-0.016
81,1,0.9,0.567,0.7,0.417,0.3,0.183,0.134,0.417
82,1,1.0,1.0,0.85,0.284,0.05,0.05,0.284,0.85
83,,0.85,0.85,0.7,0.134,-0.1,-0.1,0.134,0.7
84,6,0.717,0.6,0.567,0.284,0.333,0.9,0.567,0.85
85,6,0.584,0.35,0.434,0.434,0.766,1.0,1.0,1.0
86,,0.434,0.2,0.284,0.284,0.616,0.85,0.85,0.85
87,,0.284,0.05,0.134,0.134,0.466,0.7,0.7,0.7
88,,0.134,-0.1,-0.016,-0.016,0.316,0.55,0.55,0.55
89,2,0.567,0.9,0.417,0.134,0.183,0.3,0.417,0.7
90,2,1.0,1.0,0.85,0.284,0.05,0.05,0.284,0.85
91,,0.85,0.85,0.7,0.134,-0.1,-0.1,0.134,0.7
92,6,0.717,0.6,0.567,0.284,0.333,0.9,0.567,0.85
93,6,0.584,0.35,0.434,0.434,0.766,1.0,1.0,1.0
94,,0.434,0.2,0.284,0.284,0.616,0.85,0.85,0.85
95,,0.284,0.05,0.134,0.134,0.466,0.7,0.7,0.7
96,,0.134,-0.1,-0.016,-0.016,0.316,0.55,0.55,0.55
97,2,0.567,0.9,0.417,0.134,0.183,0.3,0.417,0.7
98,2,1.0,1.0,0.85,0.284,0.05,0.05,0.284,0.85
99,,0.85,0.85,0.7,0.134,-0.1,-0.1,0.134,0.7
100,5,0.6,0.717,0.85,0.567,0.9,0.333,0.284,0.567
101,5,0.35,0.584,1.0,1.0,1.0,0.766,0.434,0.434
102,,0.2,0.434,0.85,0.85,0.85,0.616,0.284,0.284
103,,0.05,0.284,0.7,0.7,0.7,0.466,0.134,0.134
104,,-0.1,0.134,0.55,0.55,0.55,0.316,-0.016,-0.016
105,1,0.9,0.567,0.7,0.417,0.3,0.183,0.134,0.417
106,1,1.0,1.0,0.85,0.284,0.05,0.05,0.284,0.85
107,,0.85,0.85,0.7,0.134,-0.1,-0.1,0.134,0.7
108,5,0.6,0.717,0.85,0.567,0.9,0.333,0.284,0.567
109,5,0.35,0.584,1.0,1.0,1.0,0.766,0.434,0.434
110,,0.2,0.434,0.85,0.85,0.85,0.616,0.284,0.284
111,,0.05,0.284,0.7,0.7,0.7,0.466,0.134,0.134
112,,-0.1,0.134,0.55,0.55,0.55,0.316,-0.016,-0.016
113,1,0.9,0.567,0.7,0.417,0.3,0.183,0.134,0.417
114,1,1.0,1.0,0.85,0.284,0.05,0.05,0.284,0.85
115,,0.85,0.85,0.7,0.134,-0.1,-0.1,0.134,0.7
116,6,0.717,0.6,0.567,0.284,0.333,0.9,0.567,0.85
117,6,0.584,0.35,0.434,0.434,0.766,1.0,1.0,1.0
118,,0.434,0.2,0.284,0.284,0.616,0.85,0.85,0.85
119,,0.284,0.05,0.134,0.134,0.466,0.7,0.7,0.7
120,,0.134,-0.1,-0.016,-0.016,0.316,0.55,0.55,0.55
121,2,0.567,0.9,0.417,0.134,0.183,0.3,0.417,0.7
122,2,1.0,1.0,0.85,0.284,0.05,0.05,0.284,0.85
123,,0.85,0.85,0.7,0.134,-0.1,-0.1,0.134,0.7
124,5,0.6,0.717,0.85,0.567,0.9,0.333,0.284,0.567
125,5,0.35,0.584,1.0,1.0,1.0,0.766,0.434,0.434
126,,0.2,0.434,0.85,0.85,0.85,0.616,0.284,0.284
127,,0.05,0.284,0.7,0.7,0.7,0.466,0.134,0.134
128,,-0.1,0.134,0.55,0.55,0.55,0.316,-0.016,-0.016
129,1,0.9,0.567,0.7,0.417,0.3,0.183,0.134,0.417
130,1,1.0,1.0,0.85,0.284,0.05,0.05,0.284,0.85
131,,0.85,0.85,0.7,0.134,-0.1,-0.1,0.134,0.7
132,5,0.6,0.717,0.85,0.567,0.9,0.333,0.284,0.567
133,5,0.35,0.584,1.0,1.0,1.0,0.766,0.434,0.434
134,,0.2,0.434,0.85,0.85,0.85,0.616,0.284,0.284
135,,0.05,0.284,0.7,0.7,0.7,0.466,0.134,0.134
136,,-0.1,0.134,0.55,0.55,0.55,0.316,-0.016,-0.016
137,1,0.9,0.567,0.7,0.417,0.3,0.183,0.134,0.417
138,1,1.0,1.0,0.85,0.284,0.05,0.05,0.284,0.85
139,,0.85,0.85,0.7,0.134,-0.1,-0.1,0.134,0.7
140,6,0.717,0.6,0.567,0.284,0.333,0.9,0.567,0.85
141,6,0.584,0.35,0.434,0.434,0.766,1.0,1.0,1.0
142,,0.434,0.2,0.284,0.284,0.616,0.85,0.85,0.85
143,,0.284,0.05,0.134,0.134,0.466,0.7,0.7,0.7
144,,0.134,-0.1,-0.016,-0.016,0.316,0.55,0.55,0.55
145,2,0.567,0.9,0.417,0.134,0.183,0.3,0.417,0.7
146,2,1.0,1.0,0.85,0.284,0.05,0.05,0.284,0.85
147,,0.85,0.85,0.7,0.134,-0.1,-0.1,0.134,0.7
148,5,0.6,0.717,0.85,0.567,0.9,0.333,0.284,0.567
149,5,0.35,0.584,1.0,1.0,1.0,0.766,0.434,0.434
150,,0.2,0.434,0.85,0.85,0.85,0.616,0.284,0.284
151,,0.05,0.284,0.7,0.7,0.7,0.466,0.134,0.134
152,,-0.1,0.134,0.55,0.55,0.55,0.316,-0.016,-0.016
153,1,0.9,0.567,0.7,0.417,0.3,0.183,0.134,0.417
154,1,1.0,1.0,0.85,0.284,0.05,0.05,0.284,0.85
155,,0.85,0.85,0.7,0.134,-0.1,-0.1,0.134,0.7
156,6,0.717,0.6,0.567,0.284,0.333,0.9,0.567,0.85
157,6,0.584,0.35,0.434,0.434,0.766,1.0,1.0,1.0
158,,0.434,0.2,0.284,0.284,0.616,0.85,0.85,0.85
159,,0.284,0.05,0.134,0.134,0.466,0.7,0.7,0.7
160,,0.134,-0.1,-0.016,-0.016,0.316,0.55,0.55,0.55
161,2,0.567,0.9,0.417,0.134,0.183,0.3,0.417,0.7
162,2,1.0,1.0,0.85,0.284,0.05,0.05,0.284,0.85
163,,0.85,0.85,0.7,0.134,-0.1,-0.1,0.134,0.7
164,5,0.6,0.717,0.85,0.567,0.9,0.333,0.284,0.567
165,5,0.35,0.584,1.0,1.0,1.0,0.766,0.434,0.434
166,,0.2,0.434,0.85,0.85,0.85,0.616,0.284,0.284
167,,0.05,0.284,0.7,0.7,0.7,0.466,0.134,0.134
168,,-0.1,0.134,0.55,0.55,0.55,0.316,-0.016,-0.016
169,1,0.9,0.567,0.7,0.417,0.3,0.183,0.134,0.417
170,1,1.0,1.0,0.85,0.284,0.05,0.05,0.284,0.85
171,,0.85,0.85,0.7,0.134,-0.1,-0.1,0.134,0.7
172,6,0.717,0.6,0.567,0.284,0.333,0.9,0.567,0.85
173,6,0.584,0.35,0.434,0.434,0.766,1.0,1.0,1.0
174,,0.434,0.2,0.284,0.284,0.616,0.85,0.85,0.85
175,,0.284,0.05,0.134,0.134,0.466,0.7,0.7,0.7
176,,0.134,-0.1,-0.016,-0.016,0.316,0.55,0.55,0.55
177,2,0.567,0.9,0.417,0.134,0.183,0.3,0.417,0.7
178,2,1.0,1.0,0.85,0.284,0.05,0.05,0.284,0.85
179,,0.85,0.85,0.7,0.134,-0.1,-0.1,0.134,0.7
180,6,0.717,0.6,0.567,0.284,0.333,0.9,0.567,0.85
181,6,0.584,0.35,0.434,0.434,0.766,1.0,1.0,1.0
182,,0.434,0.2,0.284,0.284,0.616,0.85,0.85,0.85
183,,0.284,0.05,0.134,0.134,0.466,0.7,0.7,0.7
184,,0.134,-0.1,-0.016,-0.016,0.316,0.55,0.55,0.55
185,2,0.567,0.9,0.417,0.134,0.183,0.3,0.417,0.7
186,2,1.0,1.0,0.85,0.284,0.05,0.05,0.284,0.85
187,,0.85,0.85,0.7,0.134,-0.1,-0.1,0.134,0.7
188,6,0.717,0.6,0.567,0.284,0.333,0.9,0.567,0.85
189,6,0.584,0.35,0.434,0.434,0.766,1.0,1.0,1.0
190,,0.434,0.2,0.284,0.284,0.616,0.85,0.85,0.85
191,,0.284,0.05,0.134,0.134,0.466,0.7,0.7,0.7
192,,0.134,-0.1,-0.016,-0.016,0.316,0.55,0.55,0.55
193,2,0.567,0.9,0.417,0.134,0.183,0.3,0.417,0.7
194,2,1.0,1.0,0.85,0.284,0.05,0.05,0.284,0.85
195,,0.85,0.85,0.7,0.134,-0.1,-0.1,0.134,0.7
196,5,0.6,0.717,0.85,0.567,0.9,0.333,0.284,0.567
197,5,0.35,0.584,1.0,1.0,1.0,0.766,0.434,0.434
198,,0.2,0.434,0.85,0.85,0.85,0.616,0.284,0.284
199,,0.05,0.284,0.7,0.7,0.7,0.466,0.134,0.134
200,,-0.1,0.134,0.55,0.55,0.55,0.316,-0.016,-0.016
201,1,0.9,0.567,0.7,0.417,0.3,0.183,0.134,0.417
202,1,1.0,1.0,0.85,0.284,0.05,0.05,0.284,0.85
203,,0.85,0.85,0.7,0.134,-0.1,-0.1,0.134,0.7
204,6,0.717,0.6,0.567,0.284,0.333,0.9,0.567,0.85
205,6,0.584,0.35,0.434,0.434,0.766,1.0,1.0,1.0
206,,0.434,0.2,0.284,0.284,0.616,0.85,0.85,0.85
207,,0.284,0.05,0.134,0.134,0.466,0.7,0.7,0.7
208,,0.134,-0.1,-0.016,-0.016,0.316,0.55,0.55,0.55
209,2,0.567,0.9,0.417,0.134,0.183,0.3,0.417,0.7
210,2,1.0,1.0,0.85,0.284,0.05,0.05,0.284,0.85
211,,0.85,0.85,0.7,0.134,-0.1,-0.1,0.134,0.7
212,5,0.6,0.717,0.85,0.567,0.9,0.333,0.284,0.567
213,5,0.35,0.584,1.0,1.0,1.0,0.766,0.434,0.434
214,,0.2,0.434,0.85,0.85,0.85,0.616,0.284,0.284
215,,0.05,0.284,0.7,0.7,0.7,0.466,0.134,0.134
216,,-0.1,0.134,0.55,0.55,0.55,0.316,-0.016,-0.016
217,1,0.9,0.567,0.7,0.417,0.3,0.183,0.134,0.417
218,1,1.0,1.0,0.85,0.284,0.05,0.05,0.284,0.85
219,,0.85,0.85,0.7,0.134,-0.1,-0.1,0.134,0.7
220,5,0.6,0.717,0.85,0.567,0.9,0.333,0.284,0.567
221,5,0.35,0.584,1.0,1.0,1.0,0.766,0.434,0.434
222,,0.2,0.434,0.85,0.85,0.85,0.616,0.284,0.284
223,,0.05,0.284,0.7,0.7,0.7,0.466,0.134,0.134
224,,-0.1,0.134,0.55,0.55,0.55,0.316,-0.016,-0.016
225,1,0.9,0.567,0.7,0.417,0.3,0.183,0.134,0.417
226,1,1.0,1.0,0.85,0.284,0.05,0.05,0.284,0.85
227,,0.85,0.85,0.7,0.134,-0.1,-0.1,0.134,0.7
228,5,0.6,0.717,0.85,0.567,0.9,0.333,0.284,0.567
229,5,0.35,0.584,1.0,1.0,1.0,0.766,0.434,0.434
230,,0.2,0.434,0.85,0.85,0.85,0.616,0.284,0.284
231,,0.05,0.284,0.7,0.7,0.7,0.466,0.134,0.134
232,,-0.1,0.134,0.55,0.55,0.55,0.316,-0.016,-0.016
233,1,0.9,0.567,0.7,0.417,0.3,0.183,0.134,0.417
234,1,1.0,1.0,0.85,0.284,0.05,0.05,0.284,0.85
235,,0.85,0.85,0.7,0.134,-0.1,-0.1,0.134,0.7
236,5,0.6,0.717,0.85,0.567,0.9,0.333,0.284,0.567
237,5,0.35,0.584,1.0,1.0,1.0,0.766,0.434,0.434
238,,0.2,0.434,0.85,0.85,0.85,0.616,0.284,0.284
239,,0.05,0.284,0.7,0.7,0.7,0.466,0.134,0.134
240,,-0.1,0.134,0.55,0.55,0.55,0.316,-0.016,-0.016
241,1,0.9,0.567,0.7,0.417,0.3,0.183,0.134,0.417
242,1,1.0,1.0,0.85,0.284,0.05,0.05,0.284,0.85
243,,0.85,0.85,0.7,0.134,-0.1,-0.1,0.134,0.7
244,6,0.717,0.6,0.567,0.284,0.333,0.9,0.567,0.85
245,6,0.584,0.35,0.434,0.434,0.766,1.0,1.0,1.0
246,,0.434,0.2,0.284,0.284,0.616,0.85,0.85,0.85
247,,0.284,0.05,0.134,0.134,0.466,0.7,0.7,0.7
248,,0.134,-0.1,-0.016,-0.016,0.316,0.55,0.55,0.55
249,2,0.567,0.9,0.417,0.134,0.183,0.3,0.417,0.7
250,2,1.0,1.0,0.85,0.284,0.05,0.05,0.284,0.85
251,,0.85,0.85,0.7,0.134,-0.1,-0.1,0.134,0.7
252,6,0.717,0.6,0.567,0.284,0.333,0.9,0.567,0.85
253,6,0.584,0.35,0.434,0.434,0.766,1.0,1.0,1.0
254,,0.434,0.2,0.284,0.284,0.616,0.85,0.85,0.85
255,,0.284,0.05,0.134,0.134,0.466,0.7,0.7,0.7
256,,0.134,-0.1,-0.016,-0.016,0.316,0.55,0.55,0.55
257,2,0.567,0.9,0.417,0.134,0.183,0.3,0.417,0.7
258,2,1.0,1.0,0.85,0.284,0.05,0.05,0.284,0.85
259,,0.85,0.85,0.7,0.134,-0.1,-0.1,0.134,0.7
260,5,0.6,0.717,0.85,0.567,0.9,0.333,0.284,0.567
261,5,0.35,0.584,1.0,1.0,1.0,0.766,0.434,0.434
262,,0.2,0.434,0.85,0.85,0.85,0.616,0.284,0.284
263,,0.05,0.284,0.7,0.7,0.7,0.466,0.134,0.134
264,,-0.1,0.134,0.55,0.55,0.55,0.316,-0.016,-0.016
265,1,0.9,0.567,0.7,0.417,0.3,0.183,0.134,0.417
266,1,1.0,1.0,0.85,0.284,0.05,0.05,0.284,0.85
267,,0.85,0.85,0.7,0.134,-0.1,-0.1,0.134,0.7
268,5,0.6,0.717,0.85,0.567,0.9,0.333,0.284,0.567
269,5,0.35,0.584,1.0,1.0,1.0,0.766,0.434,0.434
270,,0.2,0.434,0.85,0.85,0.85,0.616,0.284,0.284
271,,0.05,0.284,0.7,0.7,0.7,0.466,0.134,0.134
272,,-0.1,0.134,0.55,0.55,0.55,0.316,-0.016,-0.016
273,1,0.9,0.567,0.7,0.417,0.3,0.183,0.134,0.417
274,1,1.0,1.0,0.85,0.284,0.05,0.05,0.284,0.85
275,,0.85,0.85,0.7,0.134,-0.1,-0.1,0.134,0.7
276,6,0.717,0.6,0.567,0.284,0.333,0.9,0.567,0.85
277,6,0.584,0.35,0.434,0.434,0.766,1.0,1.0,1.0
278,,0.434,0.2,0.284,0.284,0.616,0.85,0.85,0.85
279,,0.284,0.05,0.134,0.134,0.466,0.7,0.7,0.7
280,,0.134,-0.1,-0.016,-0.016,0.316,0.55,0.55,0.55
281,2,0.567,0.9,0.417,0.134,0.183,0.3,0.417,0.7
282,2,1.0,1.0,0.85,0.284,0.05,0.05,0.284,0.85
283,,0.85,0.85,0.7,0.134,-0.1,-0.1,0.134,0.7
284,5,0.6,0.717,0.85,0.567,0.9,0.333,0.284,0.567
285,5,0.35,0.584,1.0,1.0,1.0,0.766,0.434,0.434
286,,0.2,0.434,0.85,0.85,0.85,0.616,0.284,0.284
287,,0.05,0.284,0.7,0.7,0.7,0.466,0.134,0.134
288,,-0.1,0.134,0.55,0.55,0.55,0.316,-0.016,-0.016
289,1,0.9,0.567,0.7,0.417,0.3,0.183,0.134,0.417
290,1,1.0,1.0,0.85,0.284,0.05,0.05,0.284,0.85
291,,0.85,0.85,0.7,0.134,-0.1,-0.1,0.134,0.7
292,6,0.717,0.6,0.567,0.284,0.333,0.9,0.567,0.85
293,6,0.584,0.35,0.434,0.434,0.766,1.0,1.0,1.0
294,,0.434,0.2,0.284,0.284,0.616,0.85,0.85,0.85
295,,0.284,0.05,0.134,0.134,0.466,0.7,0.7,0.7
296,,0.134,-0.1,-0.016,-0.016,0.316,0.55,0.55,0.55
297,2,0.567,0.9,0.417,0.134,0.183,0.3,0.417,0.7
298,2,1.0,1.0,0.85,0.284,0.05,0.05,0.284,0.85
299,,0.85,0.85,0.7,0.134,-0.1,-0.1,0.134,0.7
300,5,0.6,0.717,0.85,0.567,0.9,0.333,0.284,0.567
301,5,0.35,0.584,1.0,1.0,1.0,0.766,0.434,0.434
302,,0.2,0.434,0.85,0.85,0.85,0.616,0.284,0.284
303,,0.05,0.284,0.7,0.7,0.7,0.466,0.134,0.134
304,,-0.1,0.134,0.55,0.55,0.55,0.316,-0.016,-0.016
305,1,0.9,0.567,0.7,0.417,0.3,0.183,0.134,0.417
306,1,1.0,1.0,0.85,0.284,0.05,0.05,0.284,0.85
307,,0.85,0.85,0.7,0.134,-0.1,-0.1,0.134,0.7
308,5,0.6,0.717,0.85,0.567,0.9,0.333,0.284,0.567
309,5,0.35,0.584,1.0,1.0,1.0,0.766,0.434,0.434
310,,0.2,0.434,0.85,0.85,0.85,0.616,0.284,0.284
311,,0.05,0.284,0.7,0.7,0.7,0.466,0.134,0.134
312,,-0.1,0.134,0.55,0.55,0.55,0.316,-0.016,-0.016
313,1,0.9,0.567,0.7,0.417,0.3,0.183,0.134,0.417
314,1,1.0,1.0,0.85,0.284,0.05,0.05,0.284,0.85
315,,0.85,0.85,0.7,0.134,-0.1,-0.1,0.134,0.7
316,6,0.717,0.6,0.567,0.284,0.333,0.9,0.567,0.85
317,6,0.584,0.35,0.434,0.434,0.766,1.0,1.0,1.0
318,,0.434,0.2,0.284,0.284,0.616,0.85,0.85,0.85
319,,0.284,0.05,0.134,0.134,0.466,0.7,0.7,0.7
320,,0.134,-0.1,-0.016,-0.016,0.316,0.55,0.55,0.55
321,2,0.567,0.9,0.417,0.134,0.183,0.3,0.417,0.7
322,2,1.0,1.0,0.85,0.284,0.05,0.05,0.284,0.85
323,,0.85,0.85,0.7,0.134,-0.1,-0.1,0.134,0.7
324,5,0.6,0.717,0.85,0.567,0.9,0.333,0.284,0.567
325,5,0.35,0.584,1.0,1.0,1.0,0.766,0.434,0.434
326,,0.2,0.434,0.85,0.85,0.85,0.616,0.284,0.284
327,,0.05,0.284,0.7,0.7,0.7,0.466,0.134,0.134
328,,-0.1,0.134,0.55,0.55,0.55,0.316,-0.016,-0.016
329,1,0.9,0.567,0.7,0.417,0.3,0.183,0.134,0.417
330,1,1.0,1.0,0.85,0.284,0.05,0.05,0.284,0.85
331,,0.85,0.85,0.7,0.134,-0.1,-0.1,0.134,0.7
332,6,0.717,0.6,0.567,0.284,0.333,0.9,0.567,0.85
333,6,0.584,0.35,0.434,0.434,0.766,1.0,1.0,1.0
334,,0.434,0.2,0.284,0.284,0.616,0.85,0.85,0.85
335,,0.284,0.05,0.134,0.134,0.466,0.7,0.7,0.7
336,,0.134,-0.1,-0.016,-0.016,0.316,0.55,0.55,0.55
337,2,0.567,0.9,0.417,0.134,0.183,0.3,0.417,0.7
338,2,1.0,1.0,0.85,0.284,0.05,0.05,0.284,0.85
339,,0.85,0.85,0.7,0.134,-0.1,-0.1,0.134,0.7
340,5,0.6,0.717,0.85,0.567,0.9,0.333,0.284,0.567
341,5,0.35,0.584,1.0,1.0,1.0,0.766,0.434,0.434
342,,0.2,0.434,0.85,0.85,0.85,0.616,0.284,0.284
343,,0.05,0.284,0.7,0.7,0.7,0.466,0.134,0.134
344,,-0.1,0.134,0.55,0.55,0.55,0.316,-0.016,-0.016
345,1,0.9,0.567,0.7,0.417,0.3,0.183,0.134,0.417
346,1,1.0,1.0,0.85,0.284,0.05,0.05,0.284,0.85
347,,0.85,0.85,0.7,0.134,-0.1,-0.1,0.134,0.7
348,5,0.6,0.717,0.85,0.567,0.9,0.333,0.284,0.567
349,5,0.35,0.584,1.0,1.0,1.0,0.766,0.434,0.434
350,,0.2,0.434,0.85,0.85,0.85,0.616,0.284,0.284
351,,0.05,0.284,0.7,0.7,0.7,0.466,0.134,0.134
352,,-0.1,0.134,0.55,0.55,0.55,0.316,-0.016,-0.016
353,1,0.9,0.567,0.7,0.417,0.3,0.183,0.134,0.417
354,1,1.0,1.0,0.85,0.284,0.05,0.05,0.284,0.85
355,,0.85,0.85,0.7,0.134,-0.1,-0.1,0.134,0.7
356,5,0.6,0.717,0.85,0.567,0.9,0.333,0.284,0.567
357,5,0.35,0.584,1.0,1.0,1.0,0.766,0.434,0.434
358,,0.2,0.434,0.85,0.85,0.85,0.616,0.284,0.284
359,,0.05,0.284,0.7,0.7,0.7,0.466,0.134,0.134
360,,-0.1,0.134,0.55,0.55,0.55,0.316,-0.016,-0.016
361,1,0.9,0.567,0.7,0.417,0.3,0.183,0.134,0.417
362,1,1.0,1.0,0.85,0.284,0.05,0.05,0.284,0.85
363,,0.85,0.85,0.7,0.134,-0.1,-0.1,0.134,0.7
364,6,0.717,0.6,0.567,0.284,0.333,0.9,0.567,0.85
365,6,0.584,0.35,0.434,0.434,0.766,1.0,1.0,1.0
366,,0.434,0.2,0.284,0.284,0.616,0.85,0.85,0.85
367,,0.284,0.05,0.134,0.134,0.466,0.7,0.7,0.7
368,,0.134,-0.1,-0.016,-0.016,0.316,0.55,0.55,0.55
369,2,0.567,0.9,0.417,0.134,0.183,0.3,0.417,0.7
370,2,1.0,1.0,0.85,0.284,0.05,0.05,0.284,0.85
371,,0.85,0.85,0.7,0.134,-0.1,-0.1,0.134,0.7
372,5,0.6,0.717,0.85,0.567,0.9,0.333,0.284,0.567
373,5,0.35,0.584,1.0,1.0,1.0,0.766,0.434,0.434
374,,0.2,0.434,0.85,0.85,0.85,0.616,0.284,0.284
375,,0.05,0.284,0.7,0.7,0.7,0.466,0.134,0.134
376,,-0.1,0.134,0.55,0.55,0.55,0.316,-0.016,-0.016
377,1,0.9,0.567,0.7,0.417,0.3,0.183,0.134,0.417
378,1,1.0,1.0,0.85,0.284,0.05,0.05,0.284,0.85
379,,0.85,0.85,0.7,0.134,-0.1,-0.1,0.134,0.7
380,5,0.6,0.717,0.85,0.567,0.9,0.333,0.284,0.567
381,5,0.35,0.584,1.0,1.0,1.0,0.766,0.434,0.434
382,,0.2,0.434,0.85,0.85,0.85,0.616,0.284,0.284
383,,0.05,0.284,0.7,0.7,0.7,0.466,0.134,0.134
384,,-0.1,0.134,0.55,0.55,0.55,0.316,-0.016,-0.016
385,1,0.9,0.567,0.7,0.417,0.3,0.183,0.134,0.417
386,1,1.0,1.0,0.85,0.284,0.05,0.05,0.284,0.85
387,,0.85,0.85,0.7,0.134,-0.1,-0.1,0.134,0.7
388,5,0.6,0.717,0.85,0.567,0.9,0.333,0.284,0.567
389,5,0.35,0.584,1.0,1.0,1.0,0.766,0.434,0.434
390,,0.2,0.434,0.85,0.85,0.85,0.616,0.284,0.284
391,,0.05,0.284,0.7,0.7,0.7,0.466,0.134,0.134
392,,-0.1,0.134,0.55,0.55,0.55,0.316,-0.016,-0.016
393,1,0.9,0.567,0.7,0.417,0.3,0.183,0.134,0.417
394,1,1.0,1.0,0.85,0.284,0.05,0.05,0.284,0.85
395,,0.85,0.85,0.7,0.134,-0.1,-0.1,0.134,0.7
396,5,0.6,0.717,0.85,0.567,0.9,0.333,0.284,0.567
397,5,0.35,0.584,1.0,1.0,1.0,0.766,0.434,0.434
398,,0.2,0.434,0.85,0.85,0.85,0.616,0.284,0.284
399,,0.05,0.284,0.7,0.7,0.7,0.466,0.134,0.134
400,,-0.1,0.134,0.55,0.55,0.55,0.316,-0.016,-0.016
401,1,0.9,0.567,0.7,0.417,0.3,0.183,0.134,0.417
402,1,1.0,1.0,0.85,0.284,0.05,0.05,0.284,0.85
403,,0.85,0.85,0.7,0.134,-0.1,-0.1,0.134,0.7
404,6,0.717,0.6,0.567,0.284,0.333,0.9,0.567,0.85
405,6,0.584,0.35,0.434,0.434,0.766,1.0,1.0,1.0
406,,0.434,0.2,0.284,0.284,0.616,0.85,0.85,0.85
407,,0.284,0.05,0.134,0.134,0.466,0.7,0.7,0.7
408,,0.134,-0.1,-0.016,-0.016,0.316,0.55,0.55,0.55
409,2,0.567,0.9,0.417,0.134,0.183,0.3,0.417,0.7
410,2,1.0,1.0,0.85,0.284,0.05,0.05,0.284,0.85
411,,0.85,0.85,0.7,0.134,-0.1,-0.1,0.134,0.7
412,6,0.717,0.6,0.567,0.284,0.333,0.9,0.567,0.85
413,6,0.584,0.35,0.434,0.434,0.766,1.0,1.0,1.0
414,,0.434,0.2,0.284,0.284,0.616,0.85,0.85,0.85
415,,0.284,0.05,0.134,0.134,0.466,0.7,0.7,0.7
416,,0.134,-0.1,-0.016,-0.016,0.316,0.55,0.55,0.55
417,2,0.567,0.9,0.417,0.134,0.183,0.3,0.417,0.7
418,2,1.0,1.0,0.85,0.284,0.05,0.05,0.284,0.85
419,,0.85,0.85,0.7,0.134,-0.1,-0.1,0.134,0.7
420,5,0.6,0.717,0.85,0.567,0.9,0.333,0.284,0.567
421,5,0.35,0.584,1.0,1.0,1.0,0.766,0.434,0.434
422,,0.2,0.434,0.85,0.85,0.85,0.616,0.284,0.284
423,,0.05,0.284,0.7,0.7,0.7,0.466,0.134,0.134
424,,-0.1,0.134,0.55,0.55,0.55,0.316,-0.016,-0.016
425,1,0.9,0.567,0.7,0.417,0.3,0.183,0.134,0.417
426,1,1.0,1.0,0.85,0.284,0.05,0.05,0.284,0.85
427,,0.85,0.85,0.7,0.134,-0.1,-0.1,0.134,0.7
428,6,0.717,0.6,0.567,0.284,0.333,0.9,0.567,0.85
429,6,0.584,0.35,0.434,0.434,0.766,1.0,1.0,1.0
430,,0.434,0.2,0.284,0.284,0.616,0.85,0.85,0.85
431,,0.284,0.05,0.134,0.134,0.466,0.7,0.7,0.7
432,,0.134,-0.1,-0.016,-0.016,0.316,0.55,0.55,0.55
433,2,0.567,0.9,0.417,0.134,0.183,0.3,0.417,0.7
434,2,1.0,1.0,0.85,0.284,0.05,0.05,0.284,0.85
435,,0.85,0.85,0.7,0.134,-0.1,-0.1,0.134,0.7
436,5,0.6,0.717,0.85,0.567,0.9,0.333,0.284,0.567
437,5,0.35,0.584,1.0,1.0,1.0,0.766,0.434,0.434
438,,0.2,0.434,0.85,0.85,0.85,0.616,0.284,0.284
439,,0.05,0.284,0.7,0.7,0.7,0.466,0.134,0.134
440,,-0.1,0.134,0.55,0.55,0.55,0.316,-0.016,-0.016
441,1,0.9,0.567,0.7,0.417,0.3,0.183,0.134,0.417
442,1,1.0,1.0,0.85,0.284,0.05,0.05,0.284,0.85
443,,0.85,0.85,0.7,0.134,-0.1,-0.1,0.134,0.7
444,5,0.6,0.717,0.85,0.567,0.9,0.333,0.284,0.567
445,5,0.35,0.584,1.0,1.0,1.0,0.766,0.434,0.434
446,,0.2,0.434,0.85,0.85,0.85,0.616,0.284,0.284
447,,0.05,0.284,0.7,0.7,0.7,0.466,0.134,0.134
448,,-0.1,0.134,0.55,0.55,0.55,0.316,-0.016,-0.016
449,1,0.9,0.567,0.7,0.417,0.3,0.183,0.134,0.417
450,1,1.0,1.0,0.85,0.284,0.05,0.05,0.284,0.85
451,,0.85,0.85,0.7,0.134,-0.1,-0.1,0.134,0.7
452,5,0.6,0.717,0.85,0.567,0.9,0.333,0.284,0.567
453,5,0.35,0.584,1.0,1.0,1.0,0.766,0.434,0.434
454,,0.2,0.434,0.85,0.85,0.85,0.616,0.284,0.284
455,,0.05,0.284,0.7,0.7,0.7,0.466,0.134,0.134
456,,-0.1,0.134,0.55,0.55,0.55,0.316,-0.016,-0.016
457,1,0.9,0.567,0.7,0.417,0.3,0.183,0.134,0.417
458,1,1.0,1.0,0.85,0.284,0.05,0.05,0.284,0.85
459,,0.85,0.85,0.7,0.134,-0.1,-0.1,0.134,0.7
460,6,0.717,0.6,0.567,0.284,0.333,0.9,0.567,0.85
461,6,0.584,0.35,0.434,0.434,0.766,1.0,1.0,1.0
462,,0.434,0.2,0.284,0.284,0.616,0.85,0.85,0.85
463,,0.284,0.05,0.134,0.134,0.466,0.7,0.7,0.7
464,,0.134,-0.1,-0.016,-0.016,0.316,0.55,0.55,0.55
465,2,0.567,0.9,0.417,0.134,0.183,0.3,0.417,0.7
466,2,1.0,1.0,0.85,0.284,0.05,0.05,0.284,0.85
467,,0.85,0.85,0.7,0.134,-0.1,-0.1,0.134,0.7
468,6,0.717,0.6,0.567,0.284,0.333,0.9,0.567,0.85
469,6,0.584,0.35,0.434,0.434,0.766,1.0,1.0,1.0
470,,0.434,0.2,0.284,0.284,0.616,0.85,0.85,0.85
471,,0.284,0.05,0.134,0.134,0.466,0.7,0.7,0.7
472,,0.134,-0.1,-0.016,-0.016,0.316,0.55,0.55,0.55
473,2,0.567,0.9,0.417,0.134,0.183,0.3,0.417,0.7
474,2,1.0,1.0,0.85,0.284,0.05,0.05,0.284,0.85
475,,0.85,0.85,0.7,0.134,-0.1,-0.1,0.134,0.7
476,6,0.717,0.6,0.567,0.284,0.333,0.9,0.567,0.85
477,6,0.584,0.35,0.434,0.434,0.766,1.0,1.0,1.0
478,,0.434,0.2,0.284,0.284,0.616,0.85,0.85,0.85
479,,0.284,0.05,0.134,0.134,0.466,0.7,0.7,0.7
480,,0.134,-0.1,-0.016,-0.016,0.316,0.55,0.55,0.55
481,2,0.567,0.9,0.417,0.134,0.183,0.3,0.417,0.7
482,2,1.0,1.0,0.85,0.284,0.05,0.05,0.284,0.85
483,,0.85,0.85,0.7,0.134,-0.1,-0.1,0.134,0.7
484,6,0.717,0.6,0.567,0.284,0.333,0.9,0.567,0.85
485,6,0.584,0.35,0.434,0.434,0.766,1.0,1.0,1.0
486,,0.434,0.2,0.284,0.284,0.616,0.85,0.85,0.85
487,,0.284,0.05,0.134,0.134,0.466,0.7,0.7,0.7
488,,0.134,-0.1,-0.016,-0.016,0.316,0.55,0.55,0.55
489,2,0.567,0.9,0.417,0.134,0.183,0.3,0.417,0.7
490,2,1.0,1.0,0.85,0.284,0.05,0.05,0.284,0.85
491,,0.85,0.85,0.7,0.134,-0.1,-0.1,0.134,0.7
492,6,0.717,0.6,0.567,0.284,0.333,0.9,0.567,0.85
493,6,0.584,0.35,0.434,0.434,0.766,1.0,1.0,1.0
494,,0.434,0.2,0.284,0.284,0.616,0.85,0.85,0.85
495,,0.284,0.05,0.134,0.134,0.466,0.7,0.7,0.7
496,,0.134,-0.1,-0.016,-0.016,0.316,0.55,0.55,0.55
497,2,0.567,0.9,0.417,0.134,0.183,0.3,0.417,0.7
498,2,1.0,1.0,0.85,0.284,0.05,0.05,0.284,0.85
499,,0.85,0.85,0.7,0.134,-0.1,-0.1,0.134,0.7
