step,active_motive,motive_1,motive_2,motive_3,motive_4,motive_5,motive_6,motive_7,motive_8
0,,0.04687,0.04148,0.02734,0.00564,0.08647,0.08129,0.09997,0.09966
1,,-0.10313,-0.10852,-0.12266,-0.14436,-0.06353,-0.06871,-0.05003,-0.05034
2,4,-0.23613,0.04148,0.31034,0.85564,0.36947,0.08129,-0.18303,-0.30034
3,4,-0.36913,0.19148,0.74334,1.0,0.80247,0.23129,-0.31603,-0.55034
4,8,0.06387,0.34148,0.61034,0.75,0.66947,0.38129,0.11697,0.44966
5,8,0.49687,0.49148,0.47734,0.5,0.53647,0.53129,0.54997,1.0
6,,0.34687,0.34148,0.32734,0.35,0.38647,0.38129,0.39997,0.85
7,,0.19687,0.19148,0.17734,0.2,0.23647,0.23129,0.24997,0.7
8,,0.04687,0.04148,0.02734,0.05,0.08647,0.08129,0.09997,0.55
9,,-0.10313,-0.10852,-0.12266,-0.1,-0.06353,-0.06871,-0.05003,0.4
10,3,0.04687,0.32448,0.87734,0.333,0.08647,-0.20171,-0.30003,0.267
11,3,0.19687,0.75748,1.0,0.766,0.23647,-0.33471,-0.55003,0.134
12,7,0.34687,0.62448,0.75,0.633,0.38647,0.09829,0.44997,0.567
13,7,0.49687,0.49148,0.5,0.5,0.53647,0.53129,1.0,1.0
14,,0.34687,0.34148,0.35,0.35,0.38647,0.38129,0.85,0.85
15,,0.19687,0.19148,0.2,0.2,0.23647,0.23129,0.7,0.7
16,,0.04687,0.04148,0.05,0.05,0.08647,0.08129,0.55,0.55
17,,-0.10313,-0.10852,-0.1,-0.1,-0.06353,-0.06871,0.4,0.4
18,2,0.32987,0.89148,0.333,0.05,-0.19653,-0.31871,0.267,0.55
19,2,0.76287,1.0,0.766,0.2,-0.32953,-0.56871,0.134,0.7
20,6,0.62987,0.75,0.633,0.35,0.10347,0.43129,0.567,0.85
21,6,0.49687,0.5,0.5,0.5,0.53647,1.0,1.0,1.0
22,,0.34687,0.35,0.35,0.35,0.38647,0.85,0.85,0.85
23,,0.19687,0.2,0.2,0.2,0.23647,0.7,0.7,0.7
24,,0.04687,0.05,0.05,0.05,0.08647,0.55,0.55,0.55
25,,-0.10313,-0.1,-0.1,-0.1,-0.06353,0.4,0.4,0.4
26,1,0.89687,0.333,0.05,-0.233,-0.31353,0.267,0.55,0.833
27,1,1.0,0.766,0.2,-0.366,-0.56353,0.134,0.7,1.0
28,5,0.75,0.633,0.35,0.067,0.43647,0.567,0.85,0.867
29,5,0.5,0.5,0.5,0.5,1.0,1.0,1.0,0.734
30,,0.35,0.35,0.35,0.35,0.85,0.85,0.85,0.584
31,,0.2,0.2,0.2,0.2,0.7,0.7,0.7,0.434
32,,0.05,0.05,0.05,0.05,0.55,0.55,0.55,0.284
33,,-0.1,-0.1,-0.1,-0.1,0.4,0.4,0.4,0.134
34,1,0.9,0.333,0.05,-0.233,0.15,0.267,0.55,0.567
35,1,1.0,0.766,0.2,-0.366,-0.1,0.134,0.7,1.0
36,4,0.867,0.916,0.633,0.634,0.333,0.284,0.567,0.75
37,4,0.734,1.0,1.0,1.0,0.766,0.434,0.434,0.5
38,,0.584,0.85,0.85,0.85,0.616,0.284,0.284,0.35
39,,0.434,0.7,0.7,0.7,0.466,0.134,0.134,0.2
40,,0.284,0.55,0.55,0.55,0.316,-0.016,-0.016,0.05
41,6,0.151,0.3,0.417,0.7,0.749,0.984,0.417,0.2
42,6,0.018,0.05,0.284,0.85,1.0,1.0,0.85,0.35
43,,-0.132,-0.1,0.134,0.7,0.85,0.85,0.7,0.2
44,1,0.868,0.333,0.284,0.567,0.6,0.717,0.85,0.633
45,1,1.0,0.766,0.434,0.434,0.35,0.584,1.0,1.0
46,,0.85,0.616,0.284,0.284,0.2,0.434,0.85,0.85
47,,0.7,0.466,0.134,0.134,0.05,0.284,0.7,0.7
48,,0.55,0.316,-0.016,-0.016,-0.1,0.134,0.55,0.55
49,5,0.3,0.183,0.134,0.417,0.9,0.567,0.7,0.417
50,5,0.05,0.05,0.284,0.85,1.0,1.0,0.85,0.284
51,,-0.1,-0.1,0.134,0.7,0.85,0.85,0.7,0.134
52,1,0.9,0.333,0.284,0.567,0.6,0.717,0.85,0.567
53,1,1.0,0.766,0.434,0.434,0.35,0.584,1.0,1.0
54,,0.85,0.616,0.284,0.284,0.2,0.434,0.85,0.85
55,,0.7,0.466,0.134,0.134,0.05,0.284,0.7,0.7
56,,0.55,0.316,-0.016,-0.016,-0.1,0.134,0.55,0.55
57,5,0.3,0.183,0.134,0.417,0.9,0.567,0.7,0.417
58,5,0.05,0.05,0.284,0.85,1.0,1.0,0.85,0.284
59,,-0.1,-0.1,0.134,0.7,0.85,0.85,0.7,0.134
60,1,0.9,0.333,0.284,0.567,0.6,0.717,0.85,0.567
61,1,1.0,0.766,0.434,0.434,0.35,0.584,1.0,1.0
62,,0.85,0.616,0.284,0.284,0.2,0.434,0.85,0.85
63,,0.7,0.466,0.134,0.134,0.05,0.284,0.7,0.7
64,,0.55,0.316,-0.016,-0.016,-0.1,0.134,0.55,0.55
65,5,0.3,0.183,0.134,0.417,0.9,0.567,0.7,0.417
66,5,0.05,0.05,0.284,0.85,1.0,1.0,0.85,0.284
67,,-0.1,-0.1,0.134,0.7,0.85,0.85,0.7,0.134
68,1,0.9,0.333,0.284,0.567,0.6,0.717,0.85,0.567
69,1,1.0,0.766,0.434,0.434,0.35,0.584,1.0,1.0
70,,0.85,0.616,0.284,0.284,0.2,0.434,0.85,0.85
71,,0.7,0.466,0.134,0.134,0.05,0.284,0.7,0.7
72,,0.55,0.316,-0.016,-0.016,-0.1,0.134,0.55,0.55
73,5,0.3,0.183,0.134,0.417,0.9,0.567,0.7,0.417
74,5,0.05,0.05,0.284,0.85,1.0,1.0,0.85,0.284
75,,-0.1,-0.1,0.134,0.7,0.85,0.85,0.7,0.134
76,2,0.333,0.9,0.567,0.85,0.717,0.6,0.567,0.284
77,2,0.766,1.0,1.0,1.0,0.584,0.35,0.434,0.434
78,,0.616,0.85,0.85,0.85,0.434,0.2,0.284,0.284
79,,0.466,0.7,0.7,0.7,0.284,0.05,0.134,0.134
80,,0.316,0.55,0.55,0.55,0.134,-0.1,-0.016,-0.016
81,6,0.183,0.3,0.417,0.7,0.567,0.9,0.417,0.134
82,6,0.05,0.05,0.284,0.85,1.0,1.0,0.85,0.284
83,,-0.1,-0.1,0.134,0.7,0.85,0.85,0.7,0.134
84,2,0.333,0.9,0.567,0.85,0.717,0.6,0.567,0.284
85,2,0.766,1.0,1.0,1.0,0.584,0.35,0.434,0.434
86,,0.616,0.85,0.85,0.85,0.434,0.2,0.284,0.284
87,,0.466,0.7,0.7,0.7,0.284,0.05,0.134,0.134
88,,0.316,0.55,0.55,0.55,0.134,-0.1,-0.016,-0.016
89,6,0.183,0.3,0.417,0.7,0.567,0.9,0.417,0.134
90,6,0.05,0.05,0.284,0.85,1.0,1.0,0.85,0.284
91,,-0.1,-0.1,0.134,0.7,0.85,0.85,0.7,0.134
92,1,0.9,0.333,0.284,0.567,0.6,0.717,0.85,0.567
93,1,1.0,0.766,0.434,0.434,0.35,0.584,1.0,1.0
94,,0.85,0.616,0.284,0.284,0.2,0.434,0.85,0.85
95,,0.7,0.466,0.134,0.134,0.05,0.284,0.7,0.7
96,,0.55,0.316,-0.016,-0.016,-0.1,0.134,0.55,0.55
97,5,0.3,0.183,0.134,0.417,0.9,0.567,0.7,0.417
98,5,0.05,0.05,0.284,0.85,1.0,1.0,0.85,0.284
99,,-0.1,-0.1,0.134,0.7,0.85,0.85,0.7,0.134
100,1,0.9,0.333,0.284,0.567,0.6,0.717,0.85,0.567
101,1,1.0,0.766,0.434,0.434,0.35,0.584,1.0,1.0
102,,0.85,0.616,0.284,0.284,0.2,0.434,0.85,0.85
103,,0.7,0.466,0.134,0.134,0.05,0.284,0.7,0.7
104,,0.55,0.316,-0.016,-0.016,-0.1,0.134,0.55,0.55
105,5,0.3,0.183,0.134,0.417,0.9,0.567,0.7,0.417
106,5,0.05,0.05,0.284,0.85,1.0,1.0,0.85,0.284
107,,-0.1,-0.1,0.134,0.7,0.85,0.85,0.7,0.134
108,1,0.9,0.333,0.284,0.567,0.6,0.717,0.85,0.567
109,1,1.0,0.766,0.434,0.434,0.35,0.584,1.0,1.0
110,,0.85,0.616,0.284,0.284,0.2,0.434,0.85,0.85
111,,0.7,0.466,0.134,0.134,0.05,0.284,0.7,0.7
112,,0.55,0.316,-0.016,-0.016,-0.1,0.134,0.55,0.55
113,5,0.3,0.183,0.134,0.417,0.9,0.567,0.7,0.417
114,5,0.05,0.05,0.284,0.85,1.0,1.0,0.85,0.284
115,,-0.1,-0.1,0.134,0.7,0.85,0.85,0.7,0.134
116,2,0.333,0.9,0.567,0.85,0.717,0.6,0.567,0.284
117,2,0.766,1.0,1.0,1.0,0.584,0.35,0.434,0.434
118,,0.616,0.85,0.85,0.85,0.434,0.2,0.284,0.284
119,,0.466,0.7,0.7,0.7,0.284,0.05,0.134,0.134
120,,0.316,0.55,0.55,0.55,0.134,-0.1,-0.016,-0.016
121,6,0.183,0.3,0.417,0.7,0.567,0.9,0.417,0.134
122,6,0.05,0.05,0.284,0.85,1.0,1.0,0.85,0.284
123,,-0.1,-0.1,0.134,0.7,0.85,0.85,0.7,0.134
124,1,0.9,0.333,0.284,0.567,0.6,0.717,0.85,0.567
125,1,1.0,0.766,0.434,0.434,0.35,0.584,1.0,1.0
126,,0.85,0.616,0.284,0.284,0.2,0.434,0.85,0.85
127,,0.7,0.466,0.134,0.134,0.05,0.284,0.7,0.7
128,,0.55,0.316,-0.016,-0.016,-0.1,0.134,0.55,0.55
129,5,0.3,0.183,0.134,0.417,0.9,0.567,0.7,0.417
130,5,0.05,0.05,0.284,0.85,1.0,1.0,0.85,0.284
131,,-0.1,-0.1,0.134,0.7,0.85,0.85,0.7,0.134
132,2,0.333,0.9,0.567,0.85,0.717,0.6,0.567,0.284
133,2,0.766,1.0,1.0,1.0,0.584,0.35,0.434,0.434
134,,0.616,0.85,0.85,0.85,0.434,0.2,0.284,0.284
135,,0.466,0.7,0.7,0.7,0.284,0.05,0.134,0.134
136,,0.316,0.55,0.55,0.55,0.134,-0.1,-0.016,-0.016
137,6,0.183,0.3,0.417,0.7,0.567,0.9,0.417,0.134
138,6,0.05,0.05,0.284,0.85,1.0,1.0,0.85,0.284
139,,-0.1,-0.1,0.134,0.7,0.85,0.85,0.7,0.134
140,1,0.9,0.333,0.284,0.567,0.6,0.717,0.85,0.567
141,1,1.0,0.766,0.434,0.434,0.35,0.584,1.0,1.0
142,,0.85,0.616,0.284,0.284,0.2,0.434,0.85,0.85
143,,0.7,0.466,0.134,0.134,0.05,0.284,0.7,0.7
144,,0.55,0.316,-0.016,-0.016,-0.1,0.134,0.55,0.55
145,5,0.3,0.183,0.134,0.417,0.9,0.567,0.7,0.417
146,5,0.05,0.05,0.284,0.85,1.0,1.0,0.85,0.284
147,,-0.1,-0.1,0.134,0.7,0.85,0.85,0.7,0.134
148,1,0.9,0.333,0.284,0.567,0.6,0.717,0.85,0.567
149,1,1.0,0.766,0.434,0.434,0.35,0.584,1.0,1.0
150,,0.85,0.616,0.284,0.284,0.2,0.434,0.85,0.85
151,,0.7,0.466,0.134,0.134,0.05,0.284,0.7,0.7
152,,0.55,0.316,-0.016,-0.016,-0.1,0.134,0.55,0.55
153,5,0.3,0.183,0.134,0.417,0.9,0.567,0.7,0.417
154,5,0.05,0.05,0.284,0.85,1.0,1.0,0.85,0.284
155,,-0.1,-0.1,0.134,0.7,0.85,0.85,0.7,0.134
156,1,0.9,0.333,0.284,0.567,0.6,0.717,0.85,0.567
157,1,1.0,0.766,0.434,0.434,0.35,0.584,1.0,1.0
158,,0.85,0.616,0.284,0.284,0.2,0.434,0.85,0.85
159,,0.7,0.466,0.134,0.134,0.05,0.284,0.7,0.7
160,,0.55,0.316,-0.016,-0.016,-0.1,0.134,0.55,0.55
161,5,0.3,0.183,0.134,0.417,0.9,0.567,0.7,0.417
162,5,0.05,0.05,0.284,0.85,1.0,1.0,0.85,0.284
163,,-0.1,-0.1,0.134,0.7,0.85,0.85,0.7,0.134
164,1,0.9,0.333,0.284,0.567,0.6,0.717,0.85,0.567
165,1,1.0,0.766,0.434,0.434,0.35,0.584,1.0,1.0
166,,0.85,0.616,0.284,0.284,0.2,0.434,0.85,0.85
167,,0.7,0.466,0.134,0.134,0.05,0.284,0.7,0.7
168,,0.55,0.316,-0.016,-0.016,-0.1,0.134,0.55,0.55
169,5,0.3,0.183,0.134,0.417,0.9,0.567,0.7,0.417
170,5,0.05,0.05,0.284,0.85,1.0,1.0,0.85,0.284
171,,-0.1,-0.1,0.134,0.7,0.85,0.85,0.7,0.134
172,2,0.333,0.9,0.567,0.85,0.717,0.6,0.567,0.284
173,2,0.766,1.0,1.0,1.0,0.584,0.35,0.434,0.434
174,,0.616,0.85,0.85,0.85,0.434,0.2,0.284,0.284
175,,0.466,0.7,0.7,0.7,0.284,0.05,0.134,0.134
176,,0.316,0.55,0.55,0.55,0.134,-0.1,-0.016,-0.016
177,6,0.183,0.3,0.417,0.7,0.567,0.9,0.417,0.134
178,6,0.05,0.05,0.284,0.85,1.0,1.0,0.85,0.284
179,,-0.1,-0.1,0.134,0.7,0.85,0.85,0.7,0.134
180,2,0.333,0.9,0.567,0.85,0.717,0.6,0.567,0.284
181,2,0.766,1.0,1.0,1.0,0.584,0.35,0.434,0.434
182,,0.616,0.85,0.85,0.85,0.434,0.2,0.284,0.284
183,,0.466,0.7,0.7,0.7,0.284,0.05,0.134,0.134
184,,0.316,0.55,0.55,0.55,0.134,-0.1,-0.016,-0.016
185,6,0.183,0.3,0.417,0.7,0.567,0.9,0.417,0.134
186,6,0.05,0.05,0.284,0.85,1.0,1.0,0.85,0.284
187,,-0.1,-0.1,0.134,0.7,0.85,0.85,0.7,0.134
188,1,0.9,0.333,0.284,0.567,0.6,0.717,0.85,0.567
189,1,1.0,0.766,0.434,0.434,0.35,0.584,1.0,1.0
190,,0.85,0.616,0.284,0.284,0.2,0.434,0.85,0.85
191,,0.7,0.466,0.134,0.134,0.05,0.284,0.7,0.7
192,,0.55,0.316,-0.016,-0.016,-0.1,0.134,0.55,0.55
193,5,0.3,0.183,0.134,0.417,0.9,0.567,0.7,0.417
194,5,0.05,0.05,0.284,0.85,1.0,1.0,0.85,0.284
195,,-0.1,-0.1,0.134,0.7,0.85,0.85,0.7,0.134
196,1,0.9,0.333,0.284,0.567,0.6,0.717,0.85,0.567
197,1,1.0,0.766,0.434,0.434,0.35,0.584,1.0,1.0
198,,0.85,0.616,0.284,0.284,0.2,0.434,0.85,0.85
199,,0.7,0.466,0.134,0.134,0.05,0.284,0.7,0.7
200,,0.55,0.316,-0.016,-0.016,-0.1,0.134,0.55,0.55
201,5,0.3,0.183,0.134,0.417,0.9,0.567,0.7,0.417
202,5,0.05,0.05,0.284,0.85,1.0,1.0,0.85,0.284
203,,-0.1,-0.1,0.134,0.7,0.85,0.85,0.7,0.134
204,2,0.333,0.9,0.567,0.85,0.717,0.6,0.567,0.284
205,2,0.766,1.0,1.0,1.0,0.584,0.35,0.434,0.434
206,,0.616,0.85,0.85,0.85,0.434,0.2,0.284,0.284
207,,0.466,0.7,0.7,0.7,0.284,0.05,0.134,0.134
208,,0.316,0.55,0.55,0.55,0.134,-0.1,-0.016,-0.016
209,6,0.183,0.3,0.417,0.7,0.567,0.9,0.417,0.134
210,6,0.05,0.05,0.284,0.85,1.0,1.0,0.85,0.284
211,,-0.1,-0.1,0.134,0.7,0.85,0.85,0.7,0.134
212,2,0.333,0.9,0.567,0.85,0.717,0.6,0.567,0.284
213,2,0.766,1.0,1.0,1.0,0.584,0.35,0.434,0.434
214,,0.616,0.85,0.85,0.85,0.434,0.2,0.284,0.284
215,,0.466,0.7,0.7,0.7,0.284,0.05,0.134,0.134
216,,0.316,0.55,0.55,0.55,0.134,-0.1,-0.016,-0.016
217,6,0.183,0.3,0.417,0.7,0.567,0.9,0.417,0.134
218,6,0.05,0.05,0.284,0.85,1.0,1.0,0.85,0.284
219,,-0.1,-0.1,0.134,0.7,0.85,0.85,0.7,0.134
220,2,0.333,0.9,0.567,0.85,0.717,0.6,0.567,0.284
221,2,0.766,1.0,1.0,1.0,0.584,0.35,0.434,0.434
222,,0.616,0.85,0.85,0.85,0.434,0.2,0.284,0.284
223,,0.466,0.7,0.7,0.7,0.284,0.05,0.134,0.134
224,,0.316,0.55,0.55,0.55,0.134,-0.1,-0.016,-0.016
225,6,0.183,0.3,0.417,0.7,0.567,0.9,0.417,0.134
226,6,0.05,0.05,0.284,0.85,1.0,1.0,0.85,0.284
227,,-0.1,-0.1,0.134,0.7,0.85,0.85,0.7,0.134
228,2,0.333,0.9,0.567,0.85,0.717,0.6,0.567,0.284
229,2,0.766,1.0,1.0,1.0,0.584,0.35,0.434,0.434
230,,0.616,0.85,0.85,0.85,0.434,0.2,0.284,0.284
231,,0.466,0.7,0.7,0.7,0.284,0.05,0.134,0.134
232,,0.316,0.55,0.55,0.55,0.134,-0.1,-0.016,-0.016
233,6,0.183,0.3,0.417,0.7,0.567,0.9,0.417,0.134
234,6,0.05,0.05,0.284,0.85,1.0,1.0,0.85,0.284
235,,-0.1,-0.1,0.134,0.7,0.85,0.85,0.7,0.134
236,1,0.9,0.333,0.284,0.567,0.6,0.717,0.85,0.567
237,1,1.0,0.766,0.434,0.434,0.35,0.584,1.0,1.0
238,,0.85,0.616,0.284,0.284,0.2,0.434,0.85,0.85
239,,0.7,0.466,0.134,0.134,0.05,0.284,0.7,0.7
240,,0.55,0.316,-0.016,-0.016,-0.1,0.134,0.55,0.55
241,5,0.3,0.183,0.134,0.417,0.9,0.567,0.7,0.417
242,5,0.05,0.05,0.284,0.85,1.0,1.0,0.85,0.284
243,,-0.1,-0.1,0.134,0.7,0.85,0.85,0.7,0.134
244,2,0.333,0.9,0.567,0.85,0.717,0.6,0.567,0.284
245,2,0.766,1.0,1.0,1.0,0.584,0.35,0.434,0.434
246,,0.616,0.85,0.85,0.85,0.434,0.2,0.284,0.284
247,,0.466,0.7,0.7,0.7,0.284,0.05,0.134,0.134
248,,0.316,0.55,0.55,0.55,0.134,-0.1,-0.016,-0.016
249,6,0.183,0.3,0.417,0.7,0.567,0.9,0.417,0.134
250,6,0.05,0.05,0.284,0.85,1.0,1.0,0.85,0.284
251,,-0.1,-0.1,0.134,0.7,0.85,0.85,0.7,0.134
252,1,0.9,0.333,0.284,0.567,0.6,0.717,0.85,0.567
253,1,1.0,0.766,0.434,0.434,0.35,0.584,1.0,1.0
254,,0.85,0.616,0.284,0.284,0.2,0.434,0.85,0.85
255,,0.7,0.466,0.134,0.134,0.05,0.284,0.7,0.7
256,,0.55,0.316,-0.016,-0.016,-0.1,0.134,0.55,0.55
257,5,0.3,0.183,0.134,0.417,0.9,0.567,0.7,0.417
258,5,0.05,0.05,0.284,0.85,1.0,1.0,0.85,0.284
259,,-0.1,-0.1,0.134,0.7,0.85,0.85,0.7,0.134
260,2,0.333,0.9,0.567,0.85,0.717,0.6,0.567,0.284
261,2,0.766,1.0,1.0,1.0,0.584,0.35,0.434,0.434
262,,0.616,0.85,0.85,0.85,0.434,0.2,0.284,0.284
263,,0.466,0.7,0.7,0.7,0.284,0.05,0.134,0.134
264,,0.316,0.55,0.55,0.55,0.134,-0.1,-0.016,-0.016
265,6,0.183,0.3,0.417,0.7,0.567,0.9,0.417,0.134
266,6,0.05,0.05,0.284,0.85,1.0,1.0,0.85,0.284
267,,-0.1,-0.1,0.134,0.7,0.85,0.85,0.7,0.134
268,2,0.333,0.9,0.567,0.85,0.717,0.6,0.567,0.284
269,2,0.766,1.0,1.0,1.0,0.584,0.35,0.434,0.434
270,,0.616,0.85,0.85,0.85,0.434,0.2,0.284,0.284
271,,0.466,0.7,0.7,0.7,0.284,0.05,0.134,0.134
272,,0.316,0.55,0.55,0.55,0.134,-0.1,-0.016,-0.016
273,6,0.183,0.3,0.417,0.7,0.567,0.9,0.417,0.134
274,6,0.05,0.05,0.284,0.85,1.0,1.0,0.85,0.284
275,,-0.1,-0.1,0.134,0.7,0.85,0.85,0.7,0.134
276,2,0.333,0.9,0.567,0.85,0.717,0.6,0.567,0.284
277,2,0.766,1.0,1.0,1.0,0.584,0.35,0.434,0.434
278,,0.616,0.85,0.85,0.85,0.434,0.2,0.284,0.284
279,,0.466,0.7,0.7,0.7,0.284,0.05,0.134,0.134
280,,0.316,0.55,0.55,0.55,0.134,-0.1,-0.016,-0.016
281,6,0.183,0.3,0.417,0.7,0.567,0.9,0.417,0.134
282,6,0.05,0.05,0.284,0.85,1.0,1.0,0.85,0.284
283,,-0.1,-0.1,0.134,0.7,0.85,0.85,0.7,0.134
284,2,0.333,0.9,0.567,0.85,0.717,0.6,0.567,0.284
285,2,0.766,1.0,1.0,1.0,0.584,0.35,0.434,0.434
286,,0.616,0.85,0.85,0.85,0.434,0.2,0.284,0.284
287,,0.466,0.7,0.7,0.7,0.284,0.05,0.134,0.134
288,,0.316,0.55,0.55,0.55,0.134,-0.1,-0.016,-0.016
289,6,0.183,0.3,0.417,0.7,0.567,0.9,0.417,0.134
290,6,0.05,0.05,0.284,0.85,1.0,1.0,0.85,0.284
291,,-0.1,-0.1,0.134,0.7,0.85,0.85,0.7,0.134
292,2,0.333,0.9,0.567,0.85,0.717,0.6,0.567,0.284
293,2,0.766,1.0,1.0,1.0,0.584,0.35,0.434,0.434
294,,0.616,0.85,0.85,0.85,0.434,0.2,0.284,0.284
295,,0.466,0.7,0.7,0.7,0.284,0.05,0.134,0.134
296,,0.316,0.55,0.55,0.55,0.134,-0.1,-0.016,-0.016
297,6,0.183,0.3,0.417,0.7,0.567,0.9,0.417,0.134
298,6,0.05,0.05,0.284,0.85,1.0,1.0,0.85,0.284
299,,-0.1,-0.1,0.134,0.7,0.85,0.85,0.7,0.134
300,1,0.9,0.333,0.284,0.567,0.6,0.717,0.85,0.567
301,1,1.0,0.766,0.434,0.434,0.35,0.584,1.0,1.0
302,,0.85,0.616,0.284,0.284,0.2,0.434,0.85,0.85
303,,0.7,0.466,0.134,0.134,0.05,0.284,0.7,0.7
304,,0.55,0.316,-0.016,-0.016,-0.1,0.134,0.55,0.55
305,5,0.3,0.183,0.134,0.417,0.9,0.567,0.7,0.417
306,5,0.05,0.05,0.284,0.85,1.0,1.0,0.85,0.284
307,,-0.1,-0.1,0.134,0.7,0.85,0.85,0.7,0.134
308,1,0.9,0.333,0.284,0.567,0.6,0.717,0.85,0.567
309,1,1.0,0.766,0.434,0.434,0.35,0.584,1.0,1.0
310,,0.85,0.616,0.284,0.284,0.2,0.434,0.85,0.85
311,,0.7,0.466,0.134,0.134,0.05,0.284,0.7,0.7
312,,0.55,0.316,-0.016,-0.016,-0.1,0.134,0.55,0.55
313,5,0.3,0.183,0.134,0.417,0.9,0.567,0.7,0.417
314,5,0.05,0.05,0.284,0.85,1.0,1.0,0.85,0.284
315,,-0.1,-0.1,0.134,0.7,0.85,0.85,0.7,0.134
316,2,0.333,0.9,0.567,0.85,0.717,0.6,0.567,0.284
317,2,0.766,1.0,1.0,1.0,0.584,0.35,0.434,0.434
318,,0.616,0.85,0.85,0.85,0.434,0.2,0.284,0.284
319,,0.466,0.7,0.7,0.7,0.284,0.05,0.134,0.134
320,,0.316,0.55,0.55,0.55,0.134,-0.1,-0.016,-0.016
321,6,0.183,0.3,0.417,0.7,0.567,0.9,0.417,0.134
322,6,0.05,0.05,0.284,0.85,1.0,1.0,0.85,0.284
323,,-0.1,-0.1,0.134,0.7,0.85,0.85,0.7,0.134
324,2,0.333,0.9,0.567,0.85,0.717,0.6,0.567,0.284
325,2,0.766,1.0,1.0,1.0,0.584,0.35,0.434,0.434
326,,0.616,0.85,0.85,0.85,0.434,0.2,0.284,0.284
327,,0.466,0.7,0.7,0.7,0.284,0.05,0.134,0.134
328,,0.316,0.55,0.55,0.55,0.134,-0.1,-0.016,-0.016
329,6,0.183,0.3,0.417,0.7,0.567,0.9,0.417,0.134
330,6,0.05,0.05,0.284,0.85,1.0,1.0,0.85,0.284
331,,-0.1,-0.1,0.134,0.7,0.85,0.85,0.7,0.134
332,1,0.9,0.333,0.284,0.567,0.6,0.717,0.85,0.567
333,1,1.0,0.766,0.434,0.434,0.35,0.584,1.0,1.0
334,,0.85,0.616,0.284,0.284,0.2,0.434,0.85,0.85
335,,0.7,0.466,0.134,0.134,0.05,0.284,0.7,0.7
336,,0.55,0.316,-0.016,-0.016,-0.1,0.134,0.55,0.55
337,5,0.3,0.183,0.134,0.417,0.9,0.567,0.7,0.417
338,5,0.05,0.05,0.284,0.85,1.0,1.0,0.85,0.284
339,,-0.1,-0.1,0.134,0.7,0.85,0.85,0.7,0.134
340,2,0.333,0.9,0.567,0.85,0.717,0.6,0.567,0.284
341,2,0.766,1.0,1.0,1.0,0.584,0.35,0.434,0.434
342,,0.616,0.85,0.85,0.85,0.434,0.2,0.284,0.284
343,,0.466,0.7,0.7,0.7,0.284,0.05,0.134,0.134
344,,0.316,0.55,0.55,0.55,0.134,-0.1,-0.016,-0.016
345,6,0.183,0.3,0.417,0.7,0.567,0.9,0.417,0.134
346,6,0.05,0.05,0.284,0.85,1.0,1.0,0.85,0.284
347,,-0.1,-0.1,0.134,0.7,0.85,0.85,0.7,0.134
348,2,0.333,0.9,0.567,0.85,0.717,0.6,0.567,0.284
349,2,0.766,1.0,1.0,1.0,0.584,0.35,0.434,0.434
350,,0.616,0.85,0.85,0.85,0.434,0.2,0.284,0.284
351,,0.466,0.7,0.7,0.7,0.284,0.05,0.134,0.134
352,,0.316,0.55,0.55,0.55,0.134,-0.1,-0.016,-0.016
353,6,0.183,0.3,0.417,0.7,0.567,0.9,0.417,0.134
354,6,0.05,0.05,0.284,0.85,1.0,1.0,0.85,0.284
355,,-0.1,-0.1,0.134,0.7,0.85,0.85,0.7,0.134
356,1,0.9,0.333,0.284,0.567,0.6,0.717,0.85,0.567
357,1,1.0,0.766,0.434,0.434,0.35,0.584,1.0,1.0
358,,0.85,0.616,0.284,0.284,0.2,0.434,0.85,0.85
359,,0.7,0.466,0.134,0.134,0.05,0.284,0.7,0.7
360,,0.55,0.316,-0.016,-0.016,-0.1,0.134,0.55,0.55
361,5,0.3,0.183,0.134,0.417,0.9,0.567,0.7,0.417
362,5,0.05,0.05,0.284,0.85,1.0,1.0,0.85,0.284
363,,-0.1,-0.1,0.134,0.7,0.85,0.85,0.7,0.134
364,2,0.333,0.9,0.567,0.85,0.717,0.6,0.567,0.284
365,2,0.766,1.0,1.0,1.0,0.584,0.35,0.434,0.434
366,,0.616,0.85,0.85,0.85,0.434,0.2,0.284,0.284
367,,0.466,0.7,0.7,0.7,0.284,0.05,0.134,0.134
368,,0.316,0.55,0.55,0.55,0.134,-0.1,-0.016,-0.016
369,6,0.183,0.3,0.417,0.7,0.567,0.9,0.417,0.134
370,6,0.05,0.05,0.284,0.85,1.0,1.0,0.85,0.284
371,,-0.1,-0.1,0.134,0.7,0.85,0.85,0.7,0.134
372,2,0.333,0.9,0.567,0.85,0.717,0.6,0.567,0.284
373,2,0.766,1.0,1.0,1.0,0.584,0.35,0.434,0.434
374,,0.616,0.85,0.85,0.85,0.434,0.2,0.284,0.284
375,,0.466,0.7,0.7,0.7,0.284,0.05,0.134,0.134
376,,0.316,0.55,0.55,0.55,0.134,-0.1,-0.016,-0.016
377,6,0.183,0.3,0.417,0.7,0.567,0.9,0.417,0.134
378,6,0.05,0.05,0.284,0.85,1.0,1.0,0.85,0.284
379,,-0.1,-0.1,0.134,0.7,0.85,0.85,0.7,0.134
380,1,0.9,0.333,0.284,0.567,0.6,0.717,0.85,0.567
381,1,1.0,0.766,0.434,0.434,0.35,0.584,1.0,1.0
382,,0.85,0.616,0.284,0.284,0.2,0.434,0.85,0.85
383,,0.7,0.466,0.134,0.134,0.05,0.284,0.7,0.7
384,,0.55,0.316,-0.016,-0.016,-0.1,0.134,0.55,0.55
385,5,0.3,0.183,0.134,0.417,0.9,0.567,0.7,0.417
386,5,0.05,0.05,0.284,0.85,1.0,1.0,0.85,0.284
387,,-0.1,-0.1,0.134,0.7,0.85,0.85,0.7,0.134
388,1,0.9,0.333,0.284,0.567,0.6,0.717,0.85,0.567
389,1,1.0,0.766,0.434,0.434,0.35,0.584,1.0,1.0
390,,0.85,0.616,0.284,0.284,0.2,0.434,0.85,0.85
391,,0.7,0.466,0.134,0.134,0.05,0.284,0.7,0.7
392,,0.55,0.316,-0.016,-0.016,-0.1,0.134,0.55,0.55
393,5,0.3,0.183,0.134,0.417,0.9,0.567,0.7,0.417
394,5,0.05,0.05,0.284,0.85,1.0,1.0,0.85,0.284
395,,-0.1,-0.1,0.134,0.7,0.85,0.85,0.7,0.134
396,1,0.9,0.333,0.284,0.567,0.6,0.717,0.85,0.567
397,1,1.0,0.766,0.434,0.434,0.35,0.584,1.0,1.0
398,,0.85,0.616,0.284,0.284,0.2,0.434,0.85,0.85
399,,0.7,0.466,0.134,0.134,0.05,0.284,0.7,0.7
400,,0.55,0.316,-0.016,-0.016,-0.1,0.134,0.55,0.55
401,5,0.3,0.183,0.134,0.417,0.9,0.567,0.7,0.417
402,5,0.05,0.05,0.284,0.85,1.0,1.0,0.85,0.284
403,,-0.1,-0.1,0.134,0.7,0.85,0.85,0.7,0.134
404,2,0.333,0.9,0.567,0.85,0.717,0.6,0.567,0.284
405,2,0.766,1.0,1.0,1.0,0.584,0.35,0.434,0.434
406,,0.616,0.85,0.85,0.85,0.434,0.2,0.284,0.284
407,,0.466,0.7,0.7,0.7,0.284,0.05,0.134,0.134
408,,0.316,0.55,0.55,0.55,0.134,-0.1,-0.016,-0.016
409,6,0.183,0.3,0.417,0.7,0.567,0.9,0.417,0.134
410,6,0.05,0.05,0.284,0.85,1.0,1.0,0.85,0.284
411,,-0.1,-0.1,0.134,0.7,0.85,0.85,0.7,0.134
412,1,0.9,0.333,0.284,0.567,0.6,0.717,0.85,0.567
413,1,1.0,0.766,0.434,0.434,0.35,0.584,1.0,1.0
414,,0.85,0.616,0.284,0.284,0.2,0.434,0.85,0.85
415,,0.7,0.466,0.134,0.134,0.05,0.284,0.7,0.7
416,,0.55,0.316,-0.016,-0.016,-0.1,0.134,0.55,0.55
417,5,0.3,0.183,0.134,0.417,0.9,0.567,0.7,0.417
418,5,0.05,0.05,0.284,0.85,1.0,1.0,0.85,0.284
419,,-0.1,-0.1,0.134,0.7,0.85,0.85,0.7,0.134
420,1,0.9,0.333,0.284,0.567,0.6,0.717,0.85,0.567
421,1,1.0,0.766,0.434,0.434,0.35,0.584,1.0,1.0
422,,0.85,0.616,0.284,0.284,0.2,0.434,0.85,0.85
423,,0.7,0.466,0.134,0.134,0.05,0.284,0.7,0.7
424,,0.55,0.316,-0.016,-0.016,-0.1,0.134,0.55,0.55
425,5,0.3,0.183,0.134,0.417,0.9,0.567,0.7,0.417
426,5,0.05,0.05,0.284,0.85,1.0,1.0,0.85,0.284
427,,-0.1,-0.1,0.134,0.7,0.85,0.85,0.7,0.134
428,1,0.9,0.333,0.284,0.567,0.6,0.717,0.85,0.567
429,1,1.0,0.766,0.434,0.434,0.35,0.584,1.0,1.0
430,,0.85,0.616,0.284,0.284,0.2,0.434,0.85,0.85
431,,0.7,0.466,0.134,0.134,0.05,0.284,0.7,0.7
432,,0.55,0.316,-0.016,-0.016,-0.1,0.134,0.55,0.55
433,5,0.3,0.183,0.134,0.417,0.9,0.567,0.7,0.417
434,5,0.05,0.05,0.284,0.85,1.0,1.0,0.85,0.284
435,,-0.1,-0.1,0.134,0.7,0.85,0.85,0.7,0.134
436,1,0.9,0.333,0.284,0.567,0.6,0.717,0.85,0.567
437,1,1.0,0.766,0.434,0.434,0.35,0.584,1.0,1.0
438,,0.85,0.616,0.284,0.284,0.2,0.434,0.85,0.85
439,,0.7,0.466,0.134,0.134,0.05,0.284,0.7,0.7
440,,0.55,0.316,-0.016,-0.016,-0.1,0.134,0.55,0.55
441,5,0.3,0.183,0.134,0.417,0.9,0.567,0.7,0.417
442,5,0.05,0.05,0.284,0.85,1.0,1.0,0.85,0.284
443,,-0.1,-0.1,0.134,0.7,0.85,0.85,0.7,0.134
444,1,0.9,0.333,0.284,0.567,0.6,0.717,0.85,0.567
445,1,1.0,0.766,0.434,0.434,0.35,0.584,1.0,1.0
446,,0.85,0.616,0.284,0.284,0.2,0.434,0.85,0.85
447,,0.7,0.466,0.134,0.134,0.05,0.284,0.7,0.7
448,,0.55,0.316,-0.016,-0.016,-0.1,0.134,0.55,0.55
449,5,0.3,0.183,0.134,0.417,0.9,0.567,0.7,0.417
450,5,0.05,0.05,0.284,0.85,1.0,1.0,0.85,0.284
451,,-0.1,-0.1,0.134,0.7,0.85,0.85,0.7,0.134
452,1,0.9,0.333,0.284,0.567,0.6,0.717,0.85,0.567
453,1,1.0,0.766,0.434,0.434,0.35,0.584,1.0,1.0
454,,0.85,0.616,0.284,0.284,0.2,0.434,0.85,0.85
455,,0.7,0.466,0.134,0.134,0.05,0.284,0.7,0.7
456,,0.55,0.316,-0.016,-0.016,-0.1,0.134,0.55,0.55
457,5,0.3,0.183,0.134,0.417,0.9,0.567,0.7,0.417
458,5,0.05,0.05,0.284,0.85,1.0,1.0,0.85,0.284
459,,-0.1,-0.1,0.134,0.7,0.85,0.85,0.7,0.134
460,2,0.333,0.9,0.567,0.85,0.717,0.6,0.567,0.284
461,2,0.766,1.0,1.0,1.0,0.584,0.35,0.434,0.434
462,,0.616,0.85,0.85,0.85,0.434,0.2,0.284,0.284
463,,0.466,0.7,0.7,0.7,0.284,0.05,0.134,0.134
464,,0.316,0.55,0.55,0.55,0.134,-0.1,-0.016,-0.016
465,6,0.183,0.3,0.417,0.7,0.567,0.9,0.417,0.134
466,6,0.05,0.05,0.284,0.85,1.0,1.0,0.85,0.284
467,,-0.1,-0.1,0.134,0.7,0.85,0.85,0.7,0.134
468,2,0.333,0.9,0.567,0.85,0.717,0.6,0.567,0.284
469,2,0.766,1.0,1.0,1.0,0.584,0.35,0.434,0.434
470,,0.616,0.85,0.85,0.85,0.434,0.2,0.284,0.284
471,,0.466,0.7,0.7,0.7,0.284,0.05,0.134,0.134
472,,0.316,0.55,0.55,0.55,0.134,-0.1,-0.016,-0.016
473,6,0.183,0.3,0.417,0.7,0.567,0.9,0.417,0.134
474,6,0.05,0.05,0.284,0.85,1.0,1.0,0.85,0.284
475,,-0.1,-0.1,0.134,0.7,0.85,0.85,0.7,0.134
476,1,0.9,0.333,0.284,0.567,0.6,0.717,0.85,0.567
477,1,1.0,0.766,0.434,0.434,0.35,0.584,1.0,1.0
478,,0.85,0.616,0.284,0.284,0.2,0.434,0.85,0.85
479,,0.7,0.466,0.134,0.134,0.05,0.284,0.7,0.7
480,,0.55,0.316,-0.016,-0.016,-0.1,0.134,0.55,0.55
481,5,0.3,0.183,0.134,0.417,0.9,0.567,0.7,0.417
482,5,0.05,0.05,0.284,0.85,1.0,1.0,0.85,0.284
483,,-0.1,-0.1,0.134,0.7,0.85,0.85,0.7,0.134
484,1,0.9,0.333,0.284,0.567,0.6,0.717,0.85,0.567
485,1,1.0,0.766,0.434,0.434,0.35,0.584,1.0,1.0
486,,0.85,0.616,0.284,0.284,0.2,0.434,0.85,0.85
487,,0.7,0.466,0.134,0.134,0.05,0.284,0.7,0.7
488,,0.55,0.316,-0.016,-0.016,-0.1,0.134,0.55,0.55
489,5,0.3,0.183,0.134,0.417,0.9,0.567,0.7,0.417
490,5,0.05,0.05,0.284,0.85,1.0,1.0,0.85,0.284
491,,-0.1,-0.1,0.134,0.7,0.85,0.85,0.7,0.134
492,1,0.9,0.333,0.284,0.567,0.6,0.717,0.85,0.567
493,1,1.0,0.766,0.434,0.434,0.35,0.584,1.0,1.0
494,,0.85,0.616,0.284,0.284,0.2,0.434,0.85,0.85
495,,0.7,0.466,0.134,0.134,0.05,0.284,0.7,0.7
496,,0.55,0.316,-0.016,-0.016,-0.1,0.134,0.55,0.55
497,5,0.3,0.183,0.134,0.417,0.9,0.567,0.7,0.417
498,5,0.05,0.05,0.284,0.85,1.0,1.0,0.85,0.284
499,,-0.1,-0.1,0.134,0.7,0.85,0.85,0.7,0.134
