step,active_motive,motive_1,motive_2,motive_3,motive_4,motive_5,motive_6,motive_7,motive_8
0,,0.04317,0.01276,0.02838,0.03631,0.06459,0.05708,0.03561,0.09865
1,,-0.10683,-0.13724,-0.12162,-0.11369,-0.08541,-0.09292,-0.11439,-0.05135
2,2,0.32617,0.86276,0.31138,0.03631,-0.21841,-0.34292,-0.24739,0.09865
3,2,0.75917,1.0,0.74438,0.18631,-0.35141,-0.59292,-0.38039,0.24865
4,6,0.62617,0.75,0.61138,0.33631,0.08159,0.40708,0.05261,0.39865
5,6,0.49317,0.5,0.47838,0.48631,0.51459,1.0,0.48561,0.54865
6,,0.34317,0.35,0.32838,0.33631,0.36459,0.85,0.33561,0.39865
7,,0.19317,0.2,0.17838,0.18631,0.21459,0.7,0.18561,0.24865
8,,0.04317,0.05,0.02838,0.03631,0.06459,0.55,0.03561,0.09865
9,,-0.10683,-0.1,-0.12162,-0.11369,-0.08541,0.4,-0.11439,-0.05135
10,3,0.04317,0.333,0.87838,0.31931,0.06459,0.267,-0.36439,-0.18435
11,3,0.19317,0.766,1.0,0.75231,0.21459,0.134,-0.61439,-0.31735
12,7,0.34317,0.633,0.75,0.61931,0.36459,0.567,0.38561,0.11565
13,7,0.49317,0.5,0.5,0.48631,0.51459,1.0,1.0,0.54865
14,,0.34317,0.35,0.35,0.33631,0.36459,0.85,0.85,0.39865
15,,0.19317,0.2,0.2,0.18631,0.21459,0.7,0.7,0.24865
16,,0.04317,0.05,0.05,0.03631,0.06459,0.55,0.55,0.09865
17,,-0.10683,-0.1,-0.1,-0.11369,-0.08541,0.4,0.4,-0.05135
18,4,-0.23983,0.05,0.333,0.88631,0.34759,0.55,0.267,-0.30135
19,4,-0.37283,0.2,0.766,1.0,0.78059,0.7,0.134,-0.55135
20,8,0.06017,0.35,0.633,0.75,0.64759,0.85,0.567,0.44865
21,8,0.49317,0.5,0.5,0.5,0.51459,1.0,1.0,1.0
22,,0.34317,0.35,0.35,0.35,0.36459,0.85,0.85,0.85
23,,0.19317,0.2,0.2,0.2,0.21459,0.7,0.7,0.7
24,,0.04317,0.05,0.05,0.05,0.06459,0.55,0.55,0.55
25,,-0.10683,-0.1,-0.1,-0.1,-0.08541,0.4,0.4,0.4
26,1,0.89317,0.333,0.05,-0.233,-0.33541,0.267,0.55,0.833
27,1,1.0,0.766,0.2,-0.366,-0.58541,0.134,0.7,1.0
28,5,0.75,0.633,0.35,0.067,0.41459,0.567,0.85,0.867
29,5,0.5,0.5,0.5,0.5,1.0,1.0,1.0,0.734
30,,0.35,0.35,0.35,0.35,0.85,0.85,0.85,0.584
31,,0.2,0.2,0.2,0.2,0.7,0.7,0.7,0.434
32,,0.05,0.05,0.05,0.05,0.55,0.55,0.55,0.284
33,,-0.1,-0.1,-0.1,-0.1,0.4,0.4,0.4,0.134
34,1,0.9,0.333,0.05,-0.233,0.15,0.267,0.55,0.567
35,1,1.0,0.766,0.2,-0.366,-0.1,0.134,0.7,1.0
36,4,0.867,0.916,0.633,0.634,0.333,0.284,0.567,0.75
37,4,0.734,1.0,1.0,1.0,0.766,0.434,0.434,0.5
38,,0.584,0.85,0.85,0.85,0.616,0.284,0.284,0.35
39,,0.434,0.7,0.7,0.7,0.466,0.134,0.134,0.2
40,,0.284,0.55,0.55,0.55,0.316,-0.016,-0.016,0.05
41,6,0.151,0.3,0.417,0.7,0.749,0.984,0.417,0.2
42,6,0.018,0.05,0.284,0.85,1.0,1.0,0.85,0.35
43,,-0.132,-0.1,0.134,0.7,0.85,0.85,0.7,0.2
44,1,0.868,0.333,0.284,0.567,0.6,0.717,0.85,0.633
45,1,1.0,0.766,0.434,0.434,0.35,0.584,1.0,1.0
46,,0.85,0.616,0.284,0.284,0.2,0.434,0.85,0.85
47,,0.7,0.466,0.134,0.134,0.05,0.284,0.7,0.7
48,,0.55,0.316,-0.016,-0.016,-0.1,0.134,0.55,0.55
49,5,0.3,0.183,0.134,0.417,0.9,0.567,0.7,0.417
50,5,0.05,0.05,0.284,0.85,1.0,1.0,0.85,0.284
51,,-0.1,-0.1,0.134,0.7,0.85,0.85,0.7,0.134
52,1,0.9,0.333,0.284,0.567,0.6,0.717,0.85,0.567
53,1,1.0,0.766,0.434,0.434,0.35,0.584,1.0,1.0
54,,0.85,0.616,0.284,0.284,0.2,0.434,0.85,0.85
55,,0.7,0.466,0.134,0.134,0.05,0.284,0.7,0.7
56,,0.55,0.316,-0.016,-0.016,-0.1,0.134,0.55,0.55
57,5,0.3,0.183,0.134,0.417,0.9,0.567,0.7,0.417
58,5,0.05,0.05,0.284,0.85,1.0,1.0,0.85,0.284
59,,-0.1,-0.1,0.134,0.7,0.85,0.85,0.7,0.134
60,1,0.9,0.333,0.284,0.567,0.6,0.717,0.85,0.567
61,1,1.0,0.766,0.434,0.434,0.35,0.584,1.0,1.0
62,,0.85,0.616,0.284,0.284,0.2,0.434,0.85,0.85
63,,0.7,0.466,0.134,0.134,0.05,0.284,0.7,0.7
64,,0.55,0.316,-0.016,-0.016,-0.1,0.134,0.55,0.55
65,5,0.3,0.183,0.134,0.417,0.9,0.567,0.7,0.417
66,5,0.05,0.05,0.284,0.85,1.0,1.0,0.85,0.284
67,,-0.1,-0.1,0.134,0.7,0.85,0.85,0.7,0.134
68,2,0.333,0.9,0.567,0.85,0.717,0.6,0.567,0.284
69,2,0.766,1.0,1.0,1.0,0.584,0.35,0.434,0.434
70,,0.616,0.85,0.85,0.85,0.434,0.2,0.284,0.284
71,,0.466,0.7,0.7,0.7,0.284,0.05,0.134,0.134
72,,0.316,0.55,0.55,0.55,0.134,-0.1,-0.016,-0.016
73,6,0.183,0.3,0.417,0.7,0.567,0.9,0.417,0.134
74,6,0.05,0.05,0.284,0.85,1.0,1.0,0.85,0.284
75,,-0.1,-0.1,0.134,0.7,0.85,0.85,0.7,0.134
76,1,0.9,0.333,0.284,0.567,0.6,0.717,0.85,0.567
77,1,1.0,0.766,0.434,0.434,0.35,0.584,1.0,1.0
78,,0.85,0.616,0.284,0.284,0.2,0.434,0.85,0.85
79,,0.7,0.466,0.134,0.134,0.05,0.284,0.7,0.7
80,,0.55,0.316,-0.016,-0.016,-0.1,0.134,0.55,0.55
81,5,0.3,0.183,0.134,0.417,0.9,0.567,0.7,0.417
82,5,0.05,0.05,0.284,0.85,1.0,1.0,0.85,0.284
83,,-0.1,-0.1,0.134,0.7,0.85,0.85,0.7,0.134
84,2,0.333,0.9,0.567,0.85,0.717,0.6,0.567,0.284
85,2,0.766,1.0,1.0,1.0,0.584,0.35,0.434,0.434
86,,0.616,0.85,0.85,0.85,0.434,0.2,0.284,0.284
87,,0.466,0.7,0.7,0.7,0.284,0.05,0.134,0.134
88,,0.316,0.55,0.55,0.55,0.134,-0.1,-0.016,-0.016
89,6,0.183,0.3,0.417,0.7,0.567,0.9,0.417,0.134
90,6,0.05,0.05,0.284,0.85,1.0,1.0,0.85,0.284
91,,-0.1,-0.1,0.134,0.7,0.85,0.85,0.7,0.134
92,2,0.333,0.9,0.567,0.85,0.717,0.6,0.567,0.284
93,2,0.766,1.0,1.0,1.0,0.584,0.35,0.434,0.434
94,,0.616,0.85,0.85,0.85,0.434,0.2,0.284,0.284
95,,0.466,0.7,0.7,0.7,0.284,0.05,0.134,0.134
96,,0.316,0.55,0.55,0.55,0.134,-0.1,-0.016,-0.016
97,6,0.183,0.3,0.417,0.7,0.567,0.9,0.417,0.134
98,6,0.05,0.05,0.284,0.85,1.0,1.0,0.85,0.284
99,,-0.1,-0.1,0.134,0.7,0.85,0.85,0.7,0.134
100,1,0.9,0.333,0.284,0.567,0.6,0.717,0.85,0.567
101,1,1.0,0.766,0.434,0.434,0.35,0.584,1.0,1.0
102,,0.85,0.616,0.284,0.284,0.2,0.434,0.85,0.85
103,,0.7,0.466,0.134,0.134,0.05,0.284,0.7,0.7
104,,0.55,0.316,-0.016,-0.016,-0.1,0.134,0.55,0.55
105,5,0.3,0.183,0.134,0.417,0.9,0.567,0.7,0.417
106,5,0.05,0.05,0.284,0.85,1.0,1.0,0.85,0.284
107,,-0.1,-0.1,0.134,0.7,0.85,0.85,0.7,0.134
108,2,0.333,0.9,0.567,0.85,0.717,0.6,0.567,0.284
109,2,0.766,1.0,1.0,1.0,0.584,0.35,0.434,0.434
110,,0.616,0.85,0.85,0.85,0.434,0.2,0.284,0.284
111,,0.466,0.7,0.7,0.7,0.284,0.05,0.134,0.134
112,,0.316,0.55,0.55,0.55,0.134,-0.1,-0.016,-0.016
113,6,0.183,0.3,0.417,0.7,0.567,0.9,0.417,0.134
114,6,0.05,0.05,0.284,0.85,1.0,1.0,0.85,0.284
115,,-0.1,-0.1,0.134,0.7,0.85,0.85,0.7,0.134
116,2,0.333,0.9,0.567,0.85,0.717,0.6,0.567,0.284
117,2,0.766,1.0,1.0,1.0,0.584,0.35,0.434,0.434
118,,0.616,0.85,0.85,0.85,0.434,0.2,0.284,0.284
119,,0.466,0.7,0.7,0.7,0.284,0.05,0.134,0.134
120,,0.316,0.55,0.55,0.55,0.134,-0.1,-0.016,-0.016
121,6,0.183,0.3,0.417,0.7,0.567,0.9,0.417,0.134
122,6,0.05,0.05,0.284,0.85,1.0,1.0,0.85,0.284
123,,-0.1,-0.1,0.134,0.7,0.85,0.85,0.7,0.134
124,2,0.333,0.9,0.567,0.85,0.717,0.6,0.567,0.284
125,2,0.766,1.0,1.0,1.0,0.584,0.35,0.434,0.434
126,,0.616,0.85,0.85,0.85,0.434,0.2,0.284,0.284
127,,0.466,0.7,0.7,0.7,0.284,0.05,0.134,0.134
128,,0.316,0.55,0.55,0.55,0.134,-0.1,-0.016,-0.016
129,6,0.183,0.3,0.417,0.7,0.567,0.9,0.417,0.134
130,6,0.05,0.05,0.284,0.85,1.0,1.0,0.85,0.284
131,,-0.1,-0.1,0.134,0.7,0.85,0.85,0.7,0.134
132,1,0.9,0.333,0.284,0.567,0.6,0.717,0.85,0.567
133,1,1.0,0.766,0.434,0.434,0.35,0.584,1.0,1.0
134,,0.85,0.616,0.284,0.284,0.2,0.434,0.85,0.85
135,,0.7,0.466,0.134,0.134,0.05,0.284,0.7,0.7
136,,0.55,0.316,-0.016,-0.016,-0.1,0.134,0.55,0.55
137,5,0.3,0.183,0.134,0.417,0.9,0.567,0.7,0.417
138,5,0.05,0.05,0.284,0.85,1.0,1.0,0.85,0.284
139,,-0.1,-0.1,0.134,0.7,0.85,0.85,0.7,0.134
140,2,0.333,0.9,0.567,0.85,0.717,0.6,0.567,0.284
141,2,0.766,1.0,1.0,1.0,0.584,0.35,0.434,0.434
142,,0.616,0.85,0.85,0.85,0.434,0.2,0.284,0.284
143,,0.466,0.7,0.7,0.7,0.284,0.05,0.134,0.134
144,,0.316,0.55,0.55,0.55,0.134,-0.1,-0.016,-0.016
145,6,0.183,0.3,0.417,0.7,0.567,0.9,0.417,0.134
146,6,0.05,0.05,0.284,0.85,1.0,1.0,0.85,0.284
147,,-0.1,-0.1,0.134,0.7,0.85,0.85,0.7,0.134
148,2,0.333,0.9,0.567,0.85,0.717,0.6,0.567,0.284
149,2,0.766,1.0,1.0,1.0,0.584,0.35,0.434,0.434
150,,0.616,0.85,0.85,0.85,0.434,0.2,0.284,0.284
151,,0.466,0.7,0.7,0.7,0.284,0.05,0.134,0.134
152,,0.316,0.55,0.55,0.55,0.134,-0.1,-0.016,-0.016
153,6,0.183,0.3,0.417,0.7,0.567,0.9,0.417,0.134
154,6,0.05,0.05,0.284,0.85,1.0,1.0,0.85,0.284
155,,-0.1,-0.1,0.134,0.7,0.85,0.85,0.7,0.134
156,2,0.333,0.9,0.567,0.85,0.717,0.6,0.567,0.284
157,2,0.766,1.0,1.0,1.0,0.584,0.35,0.434,0.434
158,,0.616,0.85,0.85,0.85,0.434,0.2,0.284,0.284
159,,0.466,0.7,0.7,0.7,0.284,0.05,0.134,0.134
160,,0.316,0.55,0.55,0.55,0.134,-0.1,-0.016,-0.016
161,6,0.183,0.3,0.417,0.7,0.567,0.9,0.417,0.134
162,6,0.05,0.05,0.284,0.85,1.0,1.0,0.85,0.284
163,,-0.1,-0.1,0.134,0.7,0.85,0.85,0.7,0.134
164,1,0.9,0.333,0.284,0.567,0.6,0.717,0.85,0.567
165,1,1.0,0.766,0.434,0.434,0.35,0.584,1.0,1.0
166,,0.85,0.616,0.284,0.284,0.2,0.434,0.85,0.85
167,,0.7,0.466,0.134,0.134,0.05,0.284,0.7,0.7
168,,0.55,0.316,-0.016,-0.016,-0.1,0.134,0.55,0.55
169,5,0.3,0.183,0.134,0.417,0.9,0.567,0.7,0.417
170,5,0.05,0.05,0.284,0.85,1.0,1.0,0.85,0.284
171,,-0.1,-0.1,0.134,0.7,0.85,0.85,0.7,0.134
172,2,0.333,0.9,0.567,0.85,0.717,0.6,0.567,0.284
173,2,0.766,1.0,1.0,1.0,0.584,0.35,0.434,0.434
174,,0.616,0.85,0.85,0.85,0.434,0.2,0.284,0.284
175,,0.466,0.7,0.7,0.7,0.284,0.05,0.134,0.134
176,,0.316,0.55,0.55,0.55,0.134,-0.1,-0.016,-0.016
177,6,0.183,0.3,0.417,0.7,0.567,0.9,0.417,0.134
178,6,0.05,0.05,0.284,0.85,1.0,1.0,0.85,0.284
179,,-0.1,-0.1,0.134,0.7,0.85,0.85,0.7,0.134
180,1,0.9,0.333,0.284,0.567,0.6,0.717,0.85,0.567
181,1,1.0,0.766,0.434,0.434,0.35,0.584,1.0,1.0
182,,0.85,0.616,0.284,0.284,0.2,0.434,0.85,0.85
183,,0.7,0.466,0.134,0.134,0.05,0.284,0.7,0.7
184,,0.55,0.316,-0.016,-0.016,-0.1,0.134,0.55,0.55
185,5,0.3,0.183,0.134,0.417,0.9,0.567,0.7,0.417
186,5,0.05,0.05,0.284,0.85,1.0,1.0,0.85,0.284
187,,-0.1,-0.1,0.134,0.7,0.85,0.85,0.7,0.134
188,1,0.9,0.333,0.284,0.567,0.6,0.717,0.85,0.567
189,1,1.0,0.766,0.434,0.434,0.35,0.584,1.0,1.0
190,,0.85,0.616,0.284,0.284,0.2,0.434,0.85,0.85
191,,0.7,0.466,0.134,0.134,0.05,0.284,0.7,0.7
192,,0.55,0.316,-0.016,-0.016,-0.1,0.134,0.55,0.55
193,5,0.3,0.183,0.134,0.417,0.9,0.567,0.7,0.417
194,5,0.05,0.05,0.284,0.85,1.0,1.0,0.85,0.284
195,,-0.1,-0.1,0.134,0.7,0.85,0.85,0.7,0.134
196,1,0.9,0.333,0.284,0.567,0.6,0.717,0.85,0.567
197,1,1.0,0.766,0.434,0.434,0.35,0.584,1.0,1.0
198,,0.85,0.616,0.284,0.284,0.2,0.434,0.85,0.85
199,,0.7,0.466,0.134,0.134,0.05,0.284,0.7,0.7
200,,0.55,0.316,-0.016,-0.016,-0.1,0.134,0.55,0.55
201,5,0.3,0.183,0.134,0.417,0.9,0.567,0.7,0.417
202,5,0.05,0.05,0.284,0.85,1.0,1.0,0.85,0.284
203,,-0.1,-0.1,0.134,0.7,0.85,0.85,0.7,0.134
204,1,0.9,0.333,0.284,0.567,0.6,0.717,0.85,0.567
205,1,1.0,0.766,0.434,0.434,0.35,0.584,1.0,1.0
206,,0.85,0.616,0.284,0.284,0.2,0.434,0.85,0.85
207,,0.7,0.466,0.134,0.134,0.05,0.284,0.7,0.7
208,,0.55,0.316,-0.016,-0.016,-0.1,0.134,0.55,0.55
209,5,0.3,0.183,0.134,0.417,0.9,0.567,0.7,0.417
210,5,0.05,0.05,0.284,0.85,1.0,1.0,0.85,0.284
211,,-0.1,-0.1,0.134,0.7,0.85,0.85,0.7,0.134
212,1,0.9,0.333,0.284,0.567,0.6,0.717,0.85,0.567
213,1,1.0,0.766,0.434,0.434,0.35,0.584,1.0,1.0
214,,0.85,0.616,0.284,0.284,0.2,0.434,0.85,0.85
215,,0.7,0.466,0.134,0.134,0.05,0.284,0.7,0.7
216,,0.55,0.316,-0.016,-0.016,-0.1,0.134,0.55,0.55
217,5,0.3,0.183,0.134,0.417,0.9,0.567,0.7,0.417
218,5,0.05,0.05,0.284,0.85,1.0,1.0,0.85,0.284
219,,-0.1,-0.1,0.134,0.7,0.85,0.85,0.7,0.134
220,1,0.9,0.333,0.284,0.567,0.6,0.717,0.85,0.567
221,1,1.0,0.766,0.434,0.434,0.35,0.584,1.0,1.0
222,,0.85,0.616,0.284,0.284,0.2,0.434,0.85,0.85
223,,0.7,0.466,0.134,0.134,0.05,0.284,0.7,0.7
224,,0.55,0.316,-0.016,-0.016,-0.1,0.134,0.55,0.55
225,5,0.3,0.183,0.134,0.417,0.9,0.567,0.7,0.417
226,5,0.05,0.05,0.284,0.85,1.0,1.0,0.85,0.284
227,,-0.1,-0.1,0.134,0.7,0.85,0.85,0.7,0.134
228,2,0.333,0.9,0.567,0.85,0.717,0.6,0.567,0.284
229,2,0.766,1.0,1.0,1.0,0.584,0.35,0.434,0.434
230,,0.616,0.85,0.85,0.85,0.434,0.2,0.284,0.284
231,,0.466,0.7,0.7,0.7,0.284,0.05,0.134,0.134
232,,0.316,0.55,0.55,0.55,0.134,-0.1,-0.016,-0.016
233,6,0.183,0.3,0.417,0.7,0.567,0.9,0.417,0.134
234,6,0.05,0.05,0.284,0.85,1.0,1.0,0.85,0.284
235,,-0.1,-0.1,0.134,0.7,0.85,0.85,0.7,0.134
236,1,0.9,0.333,0.284,0.567,0.6,0.717,0.85,0.567
237,1,1.0,0.766,0.434,0.434,0.35,0.584,1.0,1.0
238,,0.85,0.616,0.284,0.284,0.2,0.434,0.85,0.85
239,,0.7,0.466,0.134,0.134,0.05,0.284,0.7,0.7
240,,0.55,0.316,-0.016,-0.016,-0.1,0.134,0.55,0.55
241,5,0.3,0.183,0.134,0.417,0.9,0.567,0.7,0.417
242,5,0.05,0.05,0.284,0.85,1.0,1.0,0.85,0.284
243,,-0.1,-0.1,0.134,0.7,0.85,0.85,0.7,0.134
244,2,0.333,0.9,0.567,0.85,0.717,0.6,0.567,0.284
245,2,0.766,1.0,1.0,1.0,0.584,0.35,0.434,0.434
246,,0.616,0.85,0.85,0.85,0.434,0.2,0.284,0.284
247,,0.466,0.7,0.7,0.7,0.284,0.05,0.134,0.134
248,,0.316,0.55,0.55,0.55,0.134,-0.1,-0.016,-0.016
249,6,0.183,0.3,0.417,0.7,0.567,0.9,0.417,0.134
250,6,0.05,0.05,0.284,0.85,1.0,1.0,0.85,0.284
251,,-0.1,-0.1,0.134,0.7,0.85,0.85,0.7,0.134
252,2,0.333,0.9,0.567,0.85,0.717,0.6,0.567,0.284
253,2,0.766,1.0,1.0,1.0,0.584,0.35,0.434,0.434
254,,0.616,0.85,0.85,0.85,0.434,0.2,0.284,0.284
255,,0.466,0.7,0.7,0.7,0.284,0.05,0.134,0.134
256,,0.316,0.55,0.55,0.55,0.134,-0.1,-0.016,-0.016
257,6,0.183,0.3,0.417,0.7,0.567,0.9,0.417,0.134
258,6,0.05,0.05,0.284,0.85,1.0,1.0,0.85,0.284
259,,-0.1,-0.1,0.134,0.7,0.85,0.85,0.7,0.134
260,1,0.9,0.333,0.284,0.567,0.6,0.717,0.85,0.567
261,1,1.0,0.766,0.434,0.434,0.35,0.584,1.0,1.0
262,,0.85,0.616,0.284,0.284,0.2,0.434,0.85,0.85
263,,0.7,0.466,0.134,0.134,0.05,0.284,0.7,0.7
264,,0.55,0.316,-0.016,-0.016,-0.1,0.134,0.55,0.55
265,5,0.3,0.183,0.134,0.417,0.9,0.567,0.7,0.417
266,5,0.05,0.05,0.284,0.85,1.0,1.0,0.85,0.284
267,,-0.1,-0.1,0.134,0.7,0.85,0.85,0.7,0.134
268,2,0.333,0.9,0.567,0.85,0.717,0.6,0.567,0.284
269,2,0.766,1.0,1.0,1.0,0.584,0.35,0.434,0.434
270,,0.616,0.85,0.85,0.85,0.434,0.2,0.284,0.284
271,,0.466,0.7,0.7,0.7,0.284,0.05,0.134,0.134
272,,0.316,0.55,0.55,0.55,0.134,-0.1,-0.016,-0.016
273,6,0.183,0.3,0.417,0.7,0.567,0.9,0.417,0.134
274,6,0.05,0.05,0.284,0.85,1.0,1.0,0.85,0.284
275,,-0.1,-0.1,0.134,0.7,0.85,0.85,0.7,0.134
276,2,0.333,0.9,0.567,0.85,0.717,0.6,0.567,0.284
277,2,0.766,1.0,1.0,1.0,0.584,0.35,0.434,0.434
278,,0.616,0.85,0.85,0.85,0.434,0.2,0.284,0.284
279,,0.466,0.7,0.7,0.7,0.284,0.05,0.134,0.134
280,,0.316,0.55,0.55,0.55,0.134,-0.1,-0.016,-0.016
281,6,0.183,0.3,0.417,0.7,0.567,0.9,0.417,0.134
282,6,0.05,0.05,0.284,0.85,1.0,1.0,0.85,0.284
283,,-0.1,-0.1,0.134,0.7,0.85,0.85,0.7,0.134
284,2,0.333,0.9,0.567,0.85,0.717,0.6,0.567,0.284
285,2,0.766,1.0,1.0,1.0,0.584,0.35,0.434,0.434
286,,0.616,0.85,0.85,0.85,0.434,0.2,0.284,0.284
287,,0.466,0.7,0.7,0.7,0.284,0.05,0.134,0.134
288,,0.316,0.55,0.55,0.55,0.134,-0.1,-0.016,-0.016
289,6,0.183,0.3,0.417,0.7,0.567,0.9,0.417,0.134
290,6,0.05,0.05,0.284,0.85,1.0,1.0,0.85,0.284
291,,-0.1,-0.1,0.134,0.7,0.85,0.85,0.7,0.134
292,2,0.333,0.9,0.567,0.85,0.717,0.6,0.567,0.284
293,2,0.766,1.0,1.0,1.0,0.584,0.35,0.434,0.434
294,,0.616,0.85,0.85,0.85,0.434,0.2,0.284,0.284
295,,0.466,0.7,0.7,0.7,0.284,0.05,0.134,0.134
296,,0.316,0.55,0.55,0.55,0.134,-0.1,-0.016,-0.016
297,6,0.183,0.3,0.417,0.7,0.567,0.9,0.417,0.134
298,6,0.05,0.05,0.284,0.85,1.0,1.0,0.85,0.284
299,,-0.1,-0.1,0.134,0.7,0.85,0.85,0.7,0.134
300,1,0.9,0.333,0.284,0.567,0.6,0.717,0.85,0.567
301,1,1.0,0.766,0.434,0.434,0.35,0.584,1.0,1.0
302,,0.85,0.616,0.284,0.284,0.2,0.434,0.85,0.85
303,,0.7,0.466,0.134,0.134,0.05,0.284,0.7,0.7
304,,0.55,0.316,-0.016,-0.016,-0.1,0.134,0.55,0.55
305,5,0.3,0.183,0.134,0.417,0.9,0.567,0.7,0.417
306,5,0.05,0.05,0.284,0.85,1.0,1.0,0.85,0.284
307,,-0.1,-0.1,0.134,0.7,0.85,0.85,0.7,0.134
308,2,0.333,0.9,0.567,0.85,0.717,0.6,0.567,0.284
309,2,0.766,1.0,1.0,1.0,0.584,0.35,0.434,0.434
310,,0.616,0.85,0.85,0.85,0.434,0.2,0.284,0.284
311,,0.466,0.7,0.7,0.7,0.284,0.05,0.134,0.134
312,,0.316,0.55,0.55,0.55,0.134,-0.1,-0.016,-0.016
313,6,0.183,0.3,0.417,0.7,0.567,0.9,0.417,0.134
314,6,0.05,0.05,0.284,0.85,1.0,1.0,0.85,0.284
315,,-0.1,-0.1,0.134,0.7,0.85,0.85,0.7,0.134
316,1,0.9,0.333,0.284,0.567,0.6,0.717,0.85,0.567
317,1,1.0,0.766,0.434,0.434,0.35,0.584,1.0,1.0
318,,0.85,0.616,0.284,0.284,0.2,0.434,0.85,0.85
319,,0.7,0.466,0.134,0.134,0.05,0.284,0.7,0.7
320,,0.55,0.316,-0.016,-0.016,-0.1,0.134,0.55,0.55
321,5,0.3,0.183,0.134,0.417,0.9,0.567,0.7,0.417
322,5,0.05,0.05,0.284,0.85,1.0,1.0,0.85,0.284
323,,-0.1,-0.1,0.134,0.7,0.85,0.85,0.7,0.134
324,2,0.333,0.9,0.567,0.85,0.717,0.6,0.567,0.284
325,2,0.766,1.0,1.0,1.0,0.584,0.35,0.434,0.434
326,,0.616,0.85,0.85,0.85,0.434,0.2,0.284,0.284
327,,0.466,0.7,0.7,0.7,0.284,0.05,0.134,0.134
328,,0.316,0.55,0.55,0.55,0.134,-0.1,-0.016,-0.016
329,6,0.183,0.3,0.417,0.7,0.567,0.9,0.417,0.134
330,6,0.05,0.05,0.284,0.85,1.0,1.0,0.85,0.284
331,,-0.1,-0.1,0.134,0.7,0.85,0.85,0.7,0.134
332,2,0.333,0.9,0.567,0.85,0.717,0.6,0.567,0.284
333,2,0.766,1.0,1.0,1.0,0.584,0.35,0.434,0.434
334,,0.616,0.85,0.85,0.85,0.434,0.2,0.284,0.284
335,,0.466,0.7,0.7,0.7,0.284,0.05,0.134,0.134
336,,0.316,0.55,0.55,0.55,0.134,-0.1,-0.016,-0.016
337,6,0.183,0.3,0.417,0.7,0.567,0.9,0.417,0.134
338,6,0.05,0.05,0.284,0.85,1.0,1.0,0.85,0.284
339,,-0.1,-0.1,0.134,0.7,0.85,0.85,0.7,0.134
340,1,0.9,0.333,0.284,0.567,0.6,0.717,0.85,0.567
341,1,1.0,0.766,0.434,0.434,0.35,0.584,1.0,1.0
342,,0.85,0.616,0.284,0.284,0.2,0.434,0.85,0.85
343,,0.7,0.466,0.134,0.134,0.05,0.284,0.7,0.7
344,,0.55,0.316,-0.016,-0.016,-0.1,0.134,0.55,0.55
345,5,0.3,0.183,0.134,0.417,0.9,0.567,0.7,0.417
346,5,0.05,0.05,0.284,0.85,1.0,1.0,0.85,0.284
347,,-0.1,-0.1,0.134,0.7,0.85,0.85,0.7,0.134
348,2,0.333,0.9,0.567,0.85,0.717,0.6,0.567,0.284
349,2,0.766,1.0,1.0,1.0,0.584,0.35,0.434,0.434
350,,0.616,0.85,0.85,0.85,0.434,0.2,0.284,0.284
351,,0.466,0.7,0.7,0.7,0.284,0.05,0.134,0.134
352,,0.316,0.55,0.55,0.55,0.134,-0.1,-0.016,-0.016
353,6,0.183,0.3,0.417,0.7,0.567,0.9,0.417,0.134
354,6,0.05,0.05,0.284,0.85,1.0,1.0,0.85,0.284
355,,-0.1,-0.1,0.134,0.7,0.85,0.85,0.7,0.134
356,2,0.333,0.9,0.567,0.85,0.717,0.6,0.567,0.284
357,2,0.766,1.0,1.0,1.0,0.584,0.35,0.434,0.434
358,,0.616,0.85,0.85,0.85,0.434,0.2,0.284,0.284
359,,0.466,0.7,0.7,0.7,0.284,0.05,0.134,0.134
360,,0.316,0.55,0.55,0.55,0.134,-0.1,-0.016,-0.016
361,6,0.183,0.3,0.417,0.7,0.567,0.9,0.417,0.134
362,6,0.05,0.05,0.284,0.85,1.0,1.0,0.85,0.284
363,,-0.1,-0.1,0.134,0.7,0.85,0.85,0.7,0.134
364,2,0.333,0.9,0.567,0.85,0.717,0.6,0.567,0.284
365,2,0.766,1.0,1.0,1.0,0.584,0.35,0.434,0.434
366,,0.616,0.85,0.85,0.85,0.434,0.2,0.284,0.284
367,,0.466,0.7,0.7,0.7,0.284,0.05,0.134,0.134
368,,0.316,0.55,0.55,0.55,0.134,-0.1,-0.016,-0.016
369,6,0.183,0.3,0.417,0.7,0.567,0.9,0.417,0.134
370,6,0.05,0.05,0.284,0.85,1.0,1.0,0.85,0.284
371,,-0.1,-0.1,0.134,0.7,0.85,0.85,0.7,0.134
372,1,0.9,0.333,0.284,0.567,0.6,0.717,0.85,0.567
373,1,1.0,0.766,0.434,0.434,0.35,0.584,1.0,1.0
374,,0.85,0.616,0.284,0.284,0.2,0.434,0.85,0.85
375,,0.7,0.466,0.134,0.134,0.05,0.284,0.7,0.7
376,,0.55,0.316,-0.016,-0.016,-0.1,0.134,0.55,0.55
377,5,0.3,0.183,0.134,0.417,0.9,0.567,0.7,0.417
378,5,0.05,0.05,0.284,0.85,1.0,1.0,0.85,0.284
379,,-0.1,-0.1,0.134,0.7,0.85,0.85,0.7,0.134
380,2,0.333,0.9,0.567,0.85,0.717,0.6,0.567,0.284
381,2,0.766,1.0,1.0,1.0,0.584,0.35,0.434,0.434
382,,0.616,0.85,0.85,0.85,0.434,0.2,0.284,0.284
383,,0.466,0.7,0.7,0.7,0.284,0.05,0.134,0.134
384,,0.316,0.55,0.55,0.55,0.134,-0.1,-0.016,-0.016
385,6,0.183,0.3,0.417,0.7,0.567,0.9,0.417,0.134
386,6,0.05,0.05,0.284,0.85,1.0,1.0,0.85,0.284
387,,-0.1,-0.1,0.134,0.7,0.85,0.85,0.7,0.134
388,1,0.9,0.333,0.284,0.567,0.6,0.717,0.85,0.567
389,1,1.0,0.766,0.434,0.434,0.35,0.584,1.0,1.0
390,,0.85,0.616,0.284,0.284,0.2,0.434,0.85,0.85
391,,0.7,0.466,0.134,0.134,0.05,0.284,0.7,0.7
392,,0.55,0.316,-0.016,-0.016,-0.1,0.134,0.55,0.55
393,5,0.3,0.183,0.134,0.417,0.9,0.567,0.7,0.417
394,5,0.05,0.05,0.284,0.85,1.0,1.0,0.85,0.284
395,,-0.1,-0.1,0.134,0.7,0.85,0.85,0.7,0.134
396,2,0.333,0.9,0.567,0.85,0.717,0.6,0.567,0.284
397,2,0.766,1.0,1.0,1.0,0.584,0.35,0.434,0.434
398,,0.616,0.85,0.85,0.85,0.434,0.2,0.284,0.284
399,,0.466,0.7,0.7,0.7,0.284,0.05,0.134,0.134
400,,0.316,0.55,0.55,0.55,0.134,-0.1,-0.016,-0.016
401,6,0.183,0.3,0.417,0.7,0.567,0.9,0.417,0.134
402,6,0.05,0.05,0.284,0.85,1.0,1.0,0.85,0.284
403,,-0.1,-0.1,0.134,0.7,0.85,0.85,0.7,0.134
404,1,0.9,0.333,0.284,0.567,0.6,0.717,0.85,0.567
405,1,1.0,0.766,0.434,0.434,0.35,0.584,1.0,1.0
406,,0.85,0.616,0.284,0.284,0.2,0.434,0.85,0.85
407,,0.7,0.466,0.134,0.134,0.05,0.284,0.7,0.7
408,,0.55,0.316,-0.016,-0.016,-0.1,0.134,0.55,0.55
409,5,0.3,0.183,0.134,0.417,0.9,0.567,0.7,0.417
410,5,0.05,0.05,0.284,0.85,1.0,1.0,0.85,0.284
411,,-0.1,-0.1,0.134,0.7,0.85,0.85,0.7,0.134
412,1,0.9,0.333,0.284,0.567,0.6,0.717,0.85,0.567
413,1,1.0,0.766,0.434,0.434,0.35,0.584,1.0,1.0
414,,0.85,0.616,0.284,0.284,0.2,0.434,0.85,0.85
415,,0.7,0.466,0.134,0.134,0.05,0.284,0.7,0.7
416,,0.55,0.316,-0.016,-0.016,-0.1,0.134,0.55,0.55
417,5,0.3,0.183,0.134,0.417,0.9,0.567,0.7,0.417
418,5,0.05,0.05,0.284,0.85,1.0,1.0,0.85,0.284
419,,-0.1,-0.1,0.134,0.7,0.85,0.85,0.7,0.134
420,2,0.333,0.9,0.567,0.85,0.717,0.6,0.567,0.284
421,2,0.766,1.0,1.0,1.0,0.584,0.35,0.434,0.434
422,,0.616,0.85,0.85,0.85,0.434,0.2,0.284,0.284
423,,0.466,0.7,0.7,0.7,0.284,0.05,0.134,0.134
424,,0.316,0.55,0.55,0.55,0.134,-0.1,-0.016,-0.016
425,6,0.183,0.3,0.417,0.7,0.567,0.9,0.417,0.134
426,6,0.05,0.05,0.284,0.85,1.0,1.0,0.85,0.284
427,,-0.1,-0.1,0.134,0.7,0.85,0.85,0.7,0.134
428,2,0.333,0.9,0.567,0.85,0.717,0.6,0.567,0.284
429,2,0.766,1.0,1.0,1.0,0.584,0.35,0.434,0.434
430,,0.616,0.85,0.85,0.85,0.434,0.2,0.284,0.284
431,,0.466,0.7,0.7,0.7,0.284,0.05,0.134,0.134
432,,0.316,0.55,0.55,0.55,0.134,-0.1,-0.016,-0.016
433,6,0.183,0.3,0.417,0.7,0.567,0.9,0.417,0.134
434,6,0.05,0.05,0.284,0.85,1.0,1.0,0.85,0.284
435,,-0.1,-0.1,0.134,0.7,0.85,0.85,0.7,0.134
436,1,0.9,0.333,0.284,0.567,0.6,0.717,0.85,0.567
437,1,1.0,0.766,0.434,0.434,0.35,0.584,1.0,1.0
438,,0.85,0.616,0.284,0.284,0.2,0.434,0.85,0.85
439,,0.7,0.466,0.134,0.134,0.05,0.284,0.7,0.7
440,,0.55,0.316,-0.016,-0.016,-0.1,0.134,0.55,0.55
441,5,0.3,0.183,0.134,0.417,0.9,0.567,0.7,0.417
442,5,0.05,0.05,0.284,0.85,1.0,1.0,0.85,0.284
443,,-0.1,-0.1,0.134,0.7,0.85,0.85,0.7,0.134
444,1,0.9,0.333,0.284,0.567,0.6,0.717,0.85,0.567
445,1,1.0,0.766,0.434,0.434,0.35,0.584,1.0,1.0
446,,0.85,0.616,0.284,0.284,0.2,0.434,0.85,0.85
447,,0.7,0.466,0.134,0.134,0.05,0.284,0.7,0.7
448,,0.55,0.316,-0.016,-0.016,-0.1,0.134,0.55,0.55
449,5,0.3,0.183,0.134,0.417,0.9,0.567,0.7,0.417
450,5,0.05,0.05,0.284,0.85,1.0,1.0,0.85,0.284
451,,-0.1,-0.1,0.134,0.7,0.85,0.85,0.7,0.134
452,2,0.333,0.9,0.567,0.85,0.717,0.6,0.567,0.284
453,2,0.766,1.0,1.0,1.0,0.584,0.35,0.434,0.434
454,,0.616,0.85,0.85,0.85,0.434,0.2,0.284,0.284
455,,0.466,0.7,0.7,0.7,0.284,0.05,0.134,0.134
456,,0.316,0.55,0.55,0.55,0.134,-0.1,-0.016,-0.016
457,6,0.183,0.3,0.417,0.7,0.567,0.9,0.417,0.134
458,6,0.05,0.05,0.284,0.85,1.0,1.0,0.85,0.284
459,,-0.1,-0.1,0.134,0.7,0.85,0.85,0.7,0.134
460,1,0.9,0.333,0.284,0.567,0.6,0.717,0.85,0.567
461,1,1.0,0.766,0.434,0.434,0.35,0.584,1.0,1.0
462,,0.85,0.616,0.284,0.284,0.2,0.434,0.85,0.85
463,,0.7,0.466,0.134,0.134,0.05,0.284,0.7,0.7
464,,0.55,0.316,-0.016,-0.016,-0.1,0.134,0.55,0.55
465,5,0.3,0.183,0.134,0.417,0.9,0.567,0.7,0.417
466,5,0.05,0.05,0.284,0.85,1.0,1.0,0.85,0.284
467,,-0.1,-0.1,0.134,0.7,0.85,0.85,0.7,0.134
468,2,0.333,0.9,0.567,0.85,0.717,0.6,0.567,0.284
469,2,0.766,1.0,1.0,1.0,0.584,0.35,0.434,0.434
470,,0.616,0.85,0.85,0.85,0.434,0.2,0.284,0.284
471,,0.466,0.7,0.7,0.7,0.284,0.05,0.134,0.134
472,,0.316,0.55,0.55,0.55,0.134,-0.1,-0.016,-0.016
473,6,0.183,0.3,0.417,0.7,0.567,0.9,0.417,0.134
474,6,0.05,0.05,0.284,0.85,1.0,1.0,0.85,0.284
475,,-0.1,-0.1,0.134,0.7,0.85,0.85,0.7,0.134
476,2,0.333,0.9,0.567,0.85,0.717,0.6,0.567,0.284
477,2,0.766,1.0,1.0,1.0,0.584,0.35,0.434,0.434
478,,0.616,0.85,0.85,0.85,0.434,0.2,0.284,0.284
479,,0.466,0.7,0.7,0.7,0.284,0.05,0.134,0.134
480,,0.316,0.55,0.55,0.55,0.134,-0.1,-0.016,-0.016
481,6,0.183,0.3,0.417,0.7,0.567,0.9,0.417,0.134
482,6,0.05,0.05,0.284,0.85,1.0,1.0,0.85,0.284
483,,-0.1,-0.1,0.134,0.7,0.85,0.85,0.7,0.134
484,2,0.333,0.9,0.567,0.85,0.717,0.6,0.567,0.284
485,2,0.766,1.0,1.0,1.0,0.584,0.35,0.434,0.434
486,,0.616,0.85,0.85,0.85,0.434,0.2,0.284,0.284
487,,0.466,0.7,0.7,0.7,0.284,0.05,0.134,0.134
488,,0.316,0.55,0.55,0.55,0.134,-0.1,-0.016,-0.016
489,6,0.183,0.3,0.417,0.7,0.567,0.9,0.417,0.134
490,6,0.05,0.05,0.284,0.85,1.0,1.0,0.85,0.284
491,,-0.1,-0.1,0.134,0.7,0.85,0.85,0.7,0.134
492,2,0.333,0.9,0.567,0.85,0.717,0.6,0.567,0.284
493,2,0.766,1.0,1.0,1.0,0.584,0.35,0.434,0.434
494,,0.616,0.85,0.85,0.85,0.434,0.2,0.284,0.284
495,,0.466,0.7,0.7,0.7,0.284,0.05,0.134,0.134
496,,0.316,0.55,0.55,0.55,0.134,-0.1,-0.016,-0.016
497,6,0.183,0.3,0.417,0.7,0.567,0.9,0.417,0.134
498,6,0.05,0.05,0.284,0.85,1.0,1.0,0.85,0.284
499,,-0.1,-0.1,0.134,0.7,0.85,0.85,0.7,0.134
